PSC__101	fall	1	3	15633	600	650	15633	3480	3530	15633	6360	6410
PSC__171	spring	1	1	13288	0	0
PSC__201	fall	1	1	13562	0	0
PSC__202	fall	1	2	13278	2040	2115	13278	4920	4995
PSC__202	spring	1	1	13199	0	0
PSC__242	fall	1	1	14176	3720	3870
PSC__277	fall	1	2	15585	6360	6480	15585	5400	5490
PSC__301	fall	1	1	15460	0	0
PSC__311	spring	1	1	14690	0	0
PSC__325	fall	1	1	13437	2520	2670
PSC__325	spring	1	1	15029	0	0
PSC__334	fall	1	2	14095	720	795	14095	3600	3675
PSC__336	fall	1	1	15098	0	0
PSC__354	fall	1	2	13566	720	795	13566	3600	3675
PSC__371	fall	1	1	13435	0	0
PSC__371	spring	1	2	13285	2160	2235	13285	5040	5115
PSC__373	fall	1	1	13436	3720	3870
PSC__373	spring	1	1	13284	0	0
PSC__406	spring	2	1	15152	0	0
PSC__406	spring	2	1	15153	0	0
PSC__407	fall	2	1	15363	0	0
PSC__407	fall	2	1	15364	0	0
PSC__416	spring	2	2	13170	720	795	13170	3600	3675
PSC__416	spring	2	2	15004	720	795	15004	3600	3675
PSC__421	spring	2	1	14685	1080	1230
PSC__421	spring	2	1	14686	1080	1230
PSC__422	spring	1	2	15372	2160	2260	15372	5040	5140
PSC__425	fall	1	2	15032	840	940	15032	3720	3820
PSC__433	spring	1	2	13774	720	820	13774	3600	3700
PSC__437	fall	4	1	13600	5160	5370
PSC__437	fall	4	1	14578	5160	5370
PSC__437	fall	4	1	14587	0	0
PSC__437	fall	4	1	14588	0	0
PSC__438	spring	4	1	13618	5160	5370
PSC__438	spring	4	1	13876	5160	5370
PSC__438	spring	4	1	14610	0	0
PSC__438	spring	4	1	14611	0	0
PSC__441	spring	2	1	13601	0	0
PSC__441	spring	2	1	15560	0	0
PSC__444	spring	2	1	15203	0	0
PSC__444	spring	2	1	15204	0	0
PSC__451	fall	2	2	14811	2160	2235	14811	5040	5115
PSC__451	fall	2	2	14812	2160	2235	14812	5040	5115
PSC__451	spring	2	1	14288	0	0
PSC__451	spring	2	1	15122	0	0
PSC__464	spring	2	1	15312	0	0
PSC__464	spring	2	1	15313	0	0
PSC__465	fall	1	1	14379	5040	5140
PSC__465	spring	1	1	13810	0	0
PSC__467	spring	2	1	15547	2280	2430
PSC__467	spring	2	1	15407	2280	2430
PSC__478	fall	1	1	14258	5340	5390
PSC__483	spring	1	1	14242	5400	5550
PSC__485	fall	2	1	14875	3600	3700
PSC__485	fall	2	1	14935	0	0
PSC__485	spring	2	1	13880	3600	3700
PSC__485	spring	2	1	14637	0	0
PSC__486	fall	2	1	14876	3600	3700
PSC__486	fall	2	1	14936	0	0
PSC__486	spring	2	1	13881	3600	3700
PSC__486	spring	2	1	14638	0	0
PSC__487	fall	1	1	15540	3600	3700
PSC__488	fall	1	1	15541	3600	3700
PSC__501	fall	2	1	13444	3960	4170
PSC__501	fall	2	1	14225	0	0
PSC__502	spring	1	1	13758	0	0
PSC__517	fall	1	1	15365	0	0
PSC__518	fall	1	1	15186	0	0
PSC__519	spring	1	1	13883	0	0
PSC__524	fall	1	1	15615	0	0
PSC__525	fall	1	1	13236	6540	6750
PSC__526	spring	1	1	13393	0	0
