PSCI_300	fall	1	1	47044	0	0
PSCI_300	spring	1	1	45462	0	0
PSCI_380	fall	1	1	46249	0	0
PSCI_380	spring	1	1	45083	0	0
PSCI_390	fall	1	1	46285	0	0
PSCI_390	spring	1	1	45121	0	0
PSCI_425	fall	2	1	46244	810	860
PSCI_425	fall	2	1	46245	810	860
PSCI_447	fall	1	1	49111	2250	2300
PSCI_485	fall	1	1	48996	0	0
PSCI_485	spring	1	1	47195	0	0
PSCI_499	fall	1	1	47292	0	0
PSCI_499	spring	1	1	46135	0	0
PSCI_501	fall	1	2	45212	2310	2385	45212	5190	5265
PSCI_502	fall	1	1	45213	3750	3800
PSCI_504	spring	1	1	45458	3690	3790
PSCI_505	spring	1	1	47239	3690	3790
PSCI_518	spring	2	2	46153	2430	2505	46153	5310	5385
PSCI_518	spring	2	2	46617	2430	2505	46617	5310	5385
PSCI_520	fall	1	3	45216	930	980	45216	3810	3860	45216	6690	6740
PSCI_521	spring	1	2	44039	2370	2445	44039	5250	5325
PSCI_530	spring	1	5	44040	930	980	44040	2370	2420	44040	3810	3860	44040	5250	5300	44040	6690	6740
PSCI_531	fall	1	3	46247	990	1040	46247	3870	3920	46247	6750	6800
PSCI_541	fall	2	1	47297	2310	2420
PSCI_541	fall	2	1	47298	2310	2420
PSCI_591	spring	1	1	45081	0	0
PSCI_592	fall	1	1	45239	0	0
PSCI_592	spring	1	1	43726	0	0
PSCI_594	fall	1	1	46656	2430	2530
PSCI_594	spring	1	1	47237	3870	3920
PSCI_598	fall	1	1	49639	0	0
PSCI_598	spring	1	1	43727	0	0
PSCI_599	fall	1	1	45999	0	0
PSCI_599	spring	1	1	46930	0	0
