OSCI_399	fall	1	1	36765	0	0
OSCI_399	spring	1	1	30574	0	0
OSCI_441	fall	1	1	36716	0	0
OSCI_451	fall	2	1	15827	2430	2490
OSCI_451	fall	2	1	41426	2430	2490
OSCI_504	spring	1	1	39077	0	0
OSCI_544	spring	1	1	36229	3840	3890
OSCI_560	fall	1	1	42634	630	750
OSCI_561	fall	1	1	42635	0	0
OSCI_562	spring	1	1	42229	0	0
OSCI_563	spring	1	1	42230	0	0
OSCI_564	fall	1	1	42709	0	0
OSCI_564	spring	1	1	42228	0	0
OSCI_581	fall	1	1	31467	5310	5400
OSCI_583	fall	1	1	26625	0	0
OSCI_583	spring	1	1	31249	0	0
OSCI_593	fall	1	1	16665	0	0
OSCI_594	fall	1	1	38944	0	0
OSCI_594	spring	1	1	37101	0	0
OSCI_596	fall	1	1	26626	0	0
OSCI_596	spring	1	1	12150	0	0
OSCI_597	fall	1	3	45487	780	830	45487	3660	3710	45487	6540	6590
OSCI_597	spring	4	3	43524	900	950	43524	3780	3830	43524	6660	6710
OSCI_597	spring	4	3	43532	600	650	43532	3480	3530	43532	6360	6410
OSCI_597	spring	4	3	43533	780	830	43533	3660	3710	43533	6540	6590
OSCI_597	spring	4	3	43534	840	890	43534	3720	3770	43534	6600	6650
OSCI_598	fall	1	1	45661	0	0
OSCI_598	spring	1	1	45976	0	0
OSCI_599	fall	1	1	26636	0	0
OSCI_599	spring	1	1	25225	0	0
