IE___118	1	2	48593	2010	2085	48593	4890	4965
IE___201	3	3	12747	720	770	12747	3600	3650	12747	6480	6530
IE___201	3	3	16559	600	650	16559	3480	3530	16559	6360	6410
IE___201	3	3	44771	900	950	44771	3780	3830	44771	6660	6710
IE___312	4	2	21976	2190	2265	21976	5070	5145
IE___312	4	2	22491	1920	1995	22491	4800	4875
IE___312	4	3	35720	960	1010	35720	3840	3890	35720	6720	6770
IE___312	4	3	43502	600	650	43502	3480	3530	43502	6360	6410
IE___342	4	3	12762	720	770	12762	3600	3650	12762	6480	6530
IE___342	4	2	29781	2010	2085	29781	4890	4965
IE___342	4	3	43531	840	890	43531	3720	3770	43531	6600	6650
IE___342	4	3	48428	600	650	48428	3480	3530	48428	6360	6410
IE___345	1	2	42035	2280	2355	42035	5160	5235
IE___365	1	3	12769	780	830	12769	3660	3710	12769	6540	6590
IE___380	3	3	12770	480	530	12770	3360	3410	12770	6240	6290
IE___380	3	3	35406	540	590	35406	3420	3470	35406	6300	6350
IE___380	3	3	42670	600	650	42670	3480	3530	42670	6360	6410
IE___396	5	2	12774	2010	2060	12774	4890	4940
IE___396	5	2	37915	660	710	37915	3540	3590
IE___396	5	2	40061	960	1010	40061	3840	3890
IE___396	5	2	40904	1020	1070	40904	3900	3950
IE___396	5	2	41221	2190	2240	41221	5070	5120
IE___411	1	2	32261	720	770	32261	3600	3650
IE___412	1	2	39455	1020	1095	39455	3900	3975
IE___441	1	3	29570	960	1010	29570	3840	3890	29570	6720	6770
IE___442	3	2	34405	2010	2085	34405	4890	4965
IE___442	3	3	39120	780	830	39120	3660	3710	39120	6540	6590
IE___442	3	2	39404	2280	2355	39404	5160	5235
IE___444	2	1	28573	5160	5330
IE___444	2	1	39048	2370	2550
IE___445	1	1	31905	2370	2550
IE___446	1	2	16566	2190	2265	16566	5070	5145
IE___461	1	2	12782	570	645	12782	3450	3525
IE___463	1	3	16568	660	710	16568	3540	3590	16568	6420	6470
IE___465	1	2	44772	2010	2085	44772	4890	4965
IE___466	1	3	37765	780	830	37765	3660	3710	37765	6540	6590
IE___467	1	3	12785	660	710	12785	3540	3590	12785	6420	6470
IE___471	1	3	12787	900	950	12787	3780	3830	12787	6660	6710
IE___472	1	3	16570	840	890	16570	3720	3770	16570	6600	6650
IE___473	1	3	35388	840	890	35388	3720	3770	35388	6600	6650
IE___481	1	2	49202	2370	2445	49202	5250	5325
IE___494	1	2	32349	900	975	32349	3780	3855
IE___499	1	1	43938	3900	3950
IE___542	1	2	44828	2370	2445	44828	5250	5325
IE___567	1	2	32062	2010	2085	32062	4890	4965
IE___571	2	2	33552	2190	2265	33552	5070	5145
IE___571	2	1	37284	5430	5580
IE___594	7	2	33082	2280	2355	33082	5160	5235
IE___594	7	2	38914	1020	1095	38914	3900	3975
IE___594	7	2	39126	2010	2085	39126	4890	4965
IE___594	7	2	39728	2370	2445	39728	5250	5325
IE___594	7	1	40498	3900	4065
IE___594	7	2	40659	2190	2265	40659	5070	5145
IE___594	7	3	42198	720	770	42198	3600	3650	42198	6480	6530
