CL___100	fall	1	2	37053	2370	2445	37053	5250	5325
CL___101	fall	1	3	34214	780	830	34214	3660	3710	34214	6540	6590
CL___102	fall	1	3	33141	840	890	33141	3720	3770	33141	6600	6650
CL___103	fall	2	3	30213	660	710	30213	3540	3590	30213	6420	6470
CL___103	fall	2	3	30214	660	710	30214	3540	3590	30214	6420	6470
CL___103	spring	1	3	37104	840	890	37104	3720	3770	37104	6600	6650
CL___124	fall	1	2	41148	2100	2175	41148	4980	5055
CL___128	fall	1	2	48679	2370	2445	48679	5250	5325
CL___201	fall	1	1	32295	1920	1995
CL___202	fall	1	2	37594	2280	2355	37594	5160	5235
CL___203	fall	1	2	37584	2190	2265	37584	5070	5145
CL___203	spring	1	2	35178	2280	2355	35178	5160	5235
CL___204	fall	1	3	10749	720	770	10749	3600	3650	10749	6480	6530
CL___205	spring	1	3	14308	720	770	14308	3600	3650	14308	6480	6530
CL___208	fall	1	2	34218	2010	2085	34218	4890	4965
CL___208	spring	1	2	23240	2190	2265	23240	5070	5145
CL___209	fall	1	1	50466	3780	3930
CL___211	fall	2	2	31593	1920	1995	31593	4800	4875
CL___211	fall	2	2	31594	1920	1995	31594	4800	4875
CL___211	spring	1	2	43715	900	975	43715	3780	3855
CL___218	spring	1	3	35425	780	830	35425	3660	3710	35425	6540	6590
CL___219	fall	1	2	37582	2100	2175	37582	4980	5055
CL___219	spring	1	2	35427	2370	2445	35427	5250	5325
CL___220	fall	1	1	30778	2280	2355
CL___220	spring	1	1	41686	2010	2085
CL___221	fall	1	1	50073	570	645
CL___221	spring	1	1	31793	2100	2175
CL___225	spring	1	2	25707	2010	2085	25707	4890	4965
CL___232	spring	1	2	47501	2370	2445	47501	5250	5325
CL___242	fall	1	3	26576	720	770	26576	3600	3650	26576	6480	6530
CL___250	fall	2	2	33143	2010	2085	33143	4890	4965
CL___250	fall	2	2	33145	2010	2085	33145	4890	4965
CL___251	fall	2	2	34216	2280	2355	34216	5160	5235
CL___251	fall	2	2	34217	2280	2355	34217	5160	5235
CL___252	fall	2	2	42082	2280	2355	42082	5160	5235
CL___252	fall	2	2	42083	2280	2355	42083	5160	5235
CL___291	fall	1	1	33148	2100	2175
CL___293	fall	1	2	50366	990	1065	50366	3870	3945
CL___297	fall	1	2	42255	2280	2355	42255	5160	5235
CL___298	fall	1	2	41762	2010	2085	41762	4890	4965
CL___340	fall	1	2	39374	2280	2355	39374	5160	5235
CL___340	spring	1	2	34661	2010	2085	34661	4890	4965
CL___391	fall	1	1	37059	2010	2085
CL___405	fall	2	1	44692	2370	2520
CL___405	fall	2	1	44693	2370	2520
CL___408	fall	2	1	36563	2370	2520
CL___408	fall	2	1	36564	2370	2520
CL___408	spring	2	1	37131	900	1050
CL___408	spring	2	1	37132	900	1050
CL___466	fall	2	1	45440	900	1050
CL___466	fall	2	1	45441	900	1050
