SPAN_101	fall	13	3	13007	960	1010	13007	3840	3890	13007	6720	6770
SPAN_101	fall	13	3	27349	900	950	27349	3780	3830	27349	6660	6710
SPAN_101	fall	13	3	29083	480	530	29083	3360	3410	29083	6240	6290
SPAN_101	fall	13	3	29197	480	530	29197	3360	3410	29197	6240	6290
SPAN_101	fall	13	3	29764	840	890	29764	3720	3770	29764	6600	6650
SPAN_101	fall	13	3	30918	540	590	30918	3420	3470	30918	6300	6350
SPAN_101	fall	13	3	30983	600	650	30983	3480	3530	30983	6360	6410
SPAN_101	fall	13	3	30984	720	770	30984	3600	3650	30984	6480	6530
SPAN_101	fall	13	3	32234	900	950	32234	3780	3830	32234	6660	6710
SPAN_101	fall	13	3	32235	840	890	32235	3720	3770	32235	6600	6650
SPAN_101	fall	13	3	33187	960	1010	33187	3840	3890	33187	6720	6770
SPAN_101	fall	13	3	33188	780	830	33188	3660	3710	33188	6540	6590
SPAN_101	fall	13	3	33189	660	710	33189	3540	3590	33189	6420	6470
SPAN_101	spring	7	3	24303	540	590	24303	3420	3470	24303	6300	6350
SPAN_101	spring	7	3	25847	780	830	25847	3660	3710	25847	6540	6590
SPAN_101	spring	7	3	29418	600	650	29418	3480	3530	29418	6360	6410
SPAN_101	spring	7	3	29728	720	770	29728	3600	3650	29728	6480	6530
SPAN_101	spring	7	3	29729	840	890	29729	3720	3770	29729	6600	6650
SPAN_101	spring	7	3	29730	540	590	29730	3420	3470	29730	6300	6350
SPAN_101	spring	7	3	35437	480	530	35437	3360	3410	35437	6240	6290
SPAN_102	fall	12	3	13016	840	890	13016	3720	3770	13016	6600	6650
SPAN_102	fall	12	3	29144	540	590	29144	3420	3470	29144	6300	6350
SPAN_102	fall	12	3	29767	780	830	29767	3660	3710	29767	6540	6590
SPAN_102	fall	12	3	29768	480	530	29768	3360	3410	29768	6240	6290
SPAN_102	fall	12	3	29770	480	530	29770	3360	3410	29770	6240	6290
SPAN_102	fall	12	3	29771	600	650	29771	3480	3530	29771	6360	6410
SPAN_102	fall	12	3	29772	900	950	29772	3780	3830	29772	6660	6710
SPAN_102	fall	12	3	29774	720	770	29774	3600	3650	29774	6480	6530
SPAN_102	fall	12	3	29775	780	830	29775	3660	3710	29775	6540	6590
SPAN_102	fall	12	3	29776	720	770	29776	3600	3650	29776	6480	6530
SPAN_102	fall	12	3	29778	540	590	29778	3420	3470	29778	6300	6350
SPAN_102	fall	12	3	30558	660	710	30558	3540	3590	30558	6420	6470
SPAN_102	spring	13	3	15237	480	530	15237	3360	3410	15237	6240	6290
SPAN_102	spring	13	3	24992	540	590	24992	3420	3470	24992	6300	6350
SPAN_102	spring	13	3	25848	720	770	25848	3600	3650	25848	6480	6530
SPAN_102	spring	13	3	26549	600	650	26549	3480	3530	26549	6360	6410
SPAN_102	spring	13	3	27187	840	890	27187	3720	3770	27187	6600	6650
SPAN_102	spring	13	3	28555	540	590	28555	3420	3470	28555	6300	6350
SPAN_102	spring	13	3	28556	720	770	28556	3600	3650	28556	6480	6530
SPAN_102	spring	13	3	28558	780	830	28558	3660	3710	28558	6540	6590
SPAN_102	spring	13	3	28560	660	710	28560	3540	3590	28560	6420	6470
SPAN_102	spring	13	3	33192	660	710	33192	3540	3590	33192	6420	6470
SPAN_102	spring	13	3	33193	660	710	33193	3540	3590	33193	6420	6470
SPAN_102	spring	13	3	33198	600	650	33198	3480	3530	33198	6360	6410
SPAN_102	spring	13	3	37618	780	830	37618	3660	3710	37618	6540	6590
SPAN_103	fall	15	3	13027	720	770	13027	3600	3650	13027	6480	6530
SPAN_103	fall	15	3	13033	600	650	13033	3480	3530	13033	6360	6410
SPAN_103	fall	15	3	13035	540	590	13035	3420	3470	13035	6300	6350
SPAN_103	fall	15	3	13036	660	710	13036	3540	3590	13036	6420	6470
SPAN_103	fall	15	3	13039	720	770	13039	3600	3650	13039	6480	6530
SPAN_103	fall	15	3	13055	840	890	13055	3720	3770	13055	6600	6650
SPAN_103	fall	15	3	13056	600	650	13056	3480	3530	13056	6360	6410
SPAN_103	fall	15	3	21693	960	1010	21693	3840	3890	21693	6720	6770
SPAN_103	fall	15	3	23156	780	830	23156	3660	3710	23156	6540	6590
SPAN_103	fall	15	3	29229	900	950	29229	3780	3830	29229	6660	6710
SPAN_103	fall	15	3	30840	480	530	30840	3360	3410	30840	6240	6290
SPAN_103	fall	15	3	30931	780	830	30931	3660	3710	30931	6540	6590
SPAN_103	fall	15	3	38927	720	770	38927	3600	3650	38927	6480	6530
SPAN_103	fall	15	3	38928	540	590	38928	3420	3470	38928	6300	6350
SPAN_103	fall	15	3	38940	660	710	38940	3540	3590	38940	6420	6470
SPAN_103	spring	11	3	15240	600	650	15240	3480	3530	15240	6360	6410
SPAN_103	spring	11	3	15248	840	890	15248	3720	3770	15248	6600	6650
SPAN_103	spring	11	3	15249	540	590	15249	3420	3470	15249	6300	6350
SPAN_103	spring	11	3	15254	780	830	15254	3660	3710	15254	6540	6590
SPAN_103	spring	11	3	15258	780	830	15258	3660	3710	15258	6540	6590
SPAN_103	spring	11	3	23385	720	770	23385	3600	3650	23385	6480	6530
SPAN_103	spring	11	3	24279	600	650	24279	3480	3530	24279	6360	6410
SPAN_103	spring	11	3	25677	660	710	25677	3540	3590	25677	6420	6470
SPAN_103	spring	11	3	25679	720	770	25679	3600	3650	25679	6480	6530
SPAN_103	spring	11	3	25680	660	710	25680	3540	3590	25680	6420	6470
SPAN_103	spring	11	3	25682	480	530	25682	3360	3410	25682	6240	6290
SPAN_104	fall	12	3	13067	780	830	13067	3660	3710	13067	6540	6590
SPAN_104	fall	12	3	13083	660	710	13083	3540	3590	13083	6420	6470
SPAN_104	fall	12	3	13085	480	530	13085	3360	3410	13085	6240	6290
SPAN_104	fall	12	3	13087	660	710	13087	3540	3590	13087	6420	6470
SPAN_104	fall	12	3	13091	780	830	13091	3660	3710	13091	6540	6590
SPAN_104	fall	12	3	13107	960	1010	13107	3840	3890	13107	6720	6770
SPAN_104	fall	12	3	13109	600	650	13109	3480	3530	13109	6360	6410
SPAN_104	fall	12	3	23157	540	590	23157	3420	3470	23157	6300	6350
SPAN_104	fall	12	3	23159	900	950	23159	3780	3830	23159	6660	6710
SPAN_104	fall	12	3	23161	840	890	23161	3720	3770	23161	6600	6650
SPAN_104	fall	12	3	27405	720	770	27405	3600	3650	27405	6480	6530
SPAN_104	fall	12	3	30561	720	770	30561	3600	3650	30561	6480	6530
SPAN_104	spring	14	3	15267	660	710	15267	3540	3590	15267	6420	6470
SPAN_104	spring	14	3	15268	840	890	15268	3720	3770	15268	6600	6650
SPAN_104	spring	14	3	15270	720	770	15270	3600	3650	15270	6480	6530
SPAN_104	spring	14	3	15275	840	890	15275	3720	3770	15275	6600	6650
SPAN_104	spring	14	3	15276	780	830	15276	3660	3710	15276	6540	6590
SPAN_104	spring	14	3	15277	600	650	15277	3480	3530	15277	6360	6410
SPAN_104	spring	14	3	15280	660	710	15280	3540	3590	15280	6420	6470
SPAN_104	spring	14	3	15281	540	590	15281	3420	3470	15281	6300	6350
SPAN_104	spring	14	3	15284	780	830	15284	3660	3710	15284	6540	6590
SPAN_104	spring	14	3	23397	540	590	23397	3420	3470	23397	6300	6350
SPAN_104	spring	14	3	27188	480	530	27188	3360	3410	27188	6240	6290
SPAN_104	spring	14	3	29403	720	770	29403	3600	3650	29403	6480	6530
SPAN_104	spring	14	3	33199	600	650	33199	3480	3530	33199	6360	6410
SPAN_104	spring	14	3	33202	600	650	33202	3480	3530	33202	6360	6410
SPAN_113	fall	10	3	13117	960	1010	13117	3840	3890	13117	6720	6770
SPAN_113	fall	10	3	13301	840	890	13301	3720	3770	13301	6600	6650
SPAN_113	fall	10	3	25855	540	590	25855	3420	3470	25855	6300	6350
SPAN_113	fall	10	3	40011	480	530	40011	3360	3410	40011	6240	6290
SPAN_113	fall	10	3	40670	660	710	40670	3540	3590	40670	6420	6470
SPAN_113	fall	10	3	41686	600	650	41686	3480	3530	41686	6360	6410
SPAN_113	fall	10	3	41688	900	950	41688	3780	3830	41688	6660	6710
SPAN_113	fall	10	3	42142	600	650	42142	3480	3530	42142	6360	6410
SPAN_113	fall	10	3	42957	660	710	42957	3540	3590	42957	6420	6470
SPAN_113	fall	10	3	44146	720	770	44146	3600	3650	44146	6480	6530
SPAN_113	spring	6	3	15288	480	530	15288	3360	3410	15288	6240	6290
SPAN_113	spring	6	3	15289	600	650	15289	3480	3530	15289	6360	6410
SPAN_113	spring	6	3	28561	540	590	28561	3420	3470	28561	6300	6350
SPAN_113	spring	6	3	38447	840	890	38447	3720	3770	38447	6600	6650
SPAN_113	spring	6	3	38524	660	710	38524	3540	3590	38524	6420	6470
SPAN_113	spring	6	3	40358	780	830	40358	3660	3710	40358	6540	6590
SPAN_114	fall	7	3	13118	600	650	13118	3480	3530	13118	6360	6410
SPAN_114	fall	7	3	13302	480	530	13302	3360	3410	13302	6240	6290
SPAN_114	fall	7	3	29080	840	890	29080	3720	3770	29080	6600	6650
SPAN_114	fall	7	3	38766	900	950	38766	3780	3830	38766	6660	6710
SPAN_114	fall	7	3	38917	780	830	38917	3660	3710	38917	6540	6590
SPAN_114	fall	7	3	42145	660	710	42145	3540	3590	42145	6420	6470
SPAN_114	fall	7	3	42152	720	770	42152	3600	3650	42152	6480	6530
SPAN_114	spring	9	3	15290	780	830	15290	3660	3710	15290	6540	6590
SPAN_114	spring	9	3	15291	600	650	15291	3480	3530	15291	6360	6410
SPAN_114	spring	9	3	27199	660	710	27199	3540	3590	27199	6420	6470
SPAN_114	spring	9	3	27239	480	530	27239	3360	3410	27239	6240	6290
SPAN_114	spring	9	3	37623	720	770	37623	3600	3650	37623	6480	6530
SPAN_114	spring	9	3	41183	540	590	41183	3420	3470	41183	6300	6350
SPAN_114	spring	9	3	41185	780	830	41185	3660	3710	41185	6540	6590
SPAN_114	spring	9	3	41187	840	890	41187	3720	3770	41187	6600	6650
SPAN_114	spring	9	3	41644	600	650	41644	3480	3530	41644	6360	6410
SPAN_192	fall	1	2	33518	2190	2265	33518	5070	5145
SPAN_196	fall	1	2	44081	2280	2355	44081	5160	5235
SPAN_196	spring	1	2	43142	2280	2355	43142	5160	5235
SPAN_200	fall	2	3	27905	600	650	27905	3480	3530	27905	6360	6410
SPAN_200	fall	2	2	33686	2010	2085	33686	4890	4965
SPAN_202	fall	4	2	28575	2010	2085	28575	4890	4965
SPAN_202	fall	4	2	28577	480	555	28577	3360	3435
SPAN_202	fall	4	2	29176	900	975	29176	3780	3855
SPAN_202	fall	4	2	30880	2370	2445	30880	5250	5325
SPAN_202	spring	4	2	28333	570	645	28333	3450	3525
SPAN_202	spring	4	2	28334	2100	2175	28334	4980	5055
SPAN_202	spring	4	2	31408	2370	2445	31408	5250	5325
SPAN_202	spring	4	2	42719	2280	2355	42719	5160	5235
SPAN_203	fall	1	2	28490	930	1005	28490	3810	3885
SPAN_203	spring	1	2	41124	1920	1995	41124	4800	4875
SPAN_204	fall	2	3	38979	840	890	38979	3720	3770	38979	6600	6650
SPAN_204	fall	2	2	40449	2100	2175	40449	4980	5055
SPAN_204	spring	2	2	41653	2370	2445	41653	5250	5325
SPAN_204	spring	2	3	41654	780	830	41654	3660	3710	41654	6540	6590
SPAN_206	fall	2	2	46387	2190	2265	46387	5070	5145
SPAN_206	fall	2	2	46389	2100	2175	46389	4980	5055
SPAN_206	spring	2	2	45029	2100	2175	45029	4980	5055
SPAN_206	spring	2	2	45031	2010	2085	45031	4890	4965
SPAN_207	fall	1	2	39296	900	975	39296	3780	3855
SPAN_207	spring	1	2	38298	2280	2355	38298	5160	5235
SPAN_210	fall	1	2	30841	2010	2085	30841	4890	4965
SPAN_210	spring	2	2	15299	2280	2355	15299	5160	5235
SPAN_210	spring	2	2	15300	2100	2175	15300	4980	5055
SPAN_212	fall	2	2	46390	2370	2445	46390	5250	5325
SPAN_212	fall	2	2	46618	900	975	46618	3780	3855
SPAN_212	spring	1	2	45033	2190	2265	45033	5070	5145
SPAN_220	fall	1	3	32242	720	770	32242	3600	3650	32242	6480	6530
SPAN_221	fall	1	3	46650	720	770	46650	3600	3650	46650	6480	6530
SPAN_221	spring	1	3	47895	720	770	47895	3600	3650	47895	6480	6530
SPAN_225	fall	1	1	34292	5070	5145
SPAN_225	spring	1	1	43745	2010	2085
SPAN_226	fall	1	2	49918	990	1065	49918	3870	3945
SPAN_226	spring	1	2	47894	2190	2265	47894	5070	5145
SPAN_228	fall	1	2	33274	2280	2355	33274	5160	5235
SPAN_230	fall	1	2	28155	900	975	28155	3780	3855
SPAN_278	fall	1	1	34809	2460	2535
SPAN_295	fall	1	2	33861	900	975	33861	3780	3855
SPAN_295	spring	1	2	34684	2280	2355	34684	5160	5235
SPAN_302	fall	1	2	48384	900	975	48384	3780	3855
SPAN_302	spring	2	2	45603	2010	2085	45603	4890	4965
SPAN_302	spring	2	2	48083	2100	2175	48083	4980	5055
SPAN_303	fall	1	2	42131	2100	2175	42131	4980	5055
SPAN_303	spring	1	2	41655	2010	2085	41655	4890	4965
SPAN_320	spring	1	3	23777	660	710	23777	3540	3590	23777	6420	6470
SPAN_321	fall	1	3	49136	780	830	49136	3660	3710	49136	6540	6590
SPAN_321	spring	1	3	29751	780	830	29751	3660	3710	29751	6540	6590
SPAN_328	fall	1	3	48852	720	770	48852	3600	3650	48852	6480	6530
SPAN_328	spring	1	2	29752	2280	2355	29752	5160	5235
SPAN_361	fall	1	1	44738	2280	2355
SPAN_361	spring	1	2	29738	990	1065	29738	3870	3945
SPAN_362	fall	1	2	28578	2190	2265	28578	5070	5145
SPAN_363	fall	1	2	37123	900	975	37123	3780	3855
SPAN_363	spring	1	2	34212	2280	2355	34212	5160	5235
SPAN_364	fall	1	2	38182	2370	2445	38182	5250	5325
SPAN_365	fall	1	2	35544	570	645	35544	3450	3525
SPAN_366	fall	1	2	43318	2100	2175	43318	4980	5055
SPAN_366	spring	1	2	34213	570	645	34213	3450	3525
SPAN_375	fall	1	2	34293	2280	2355	34293	5160	5235
SPAN_375	spring	1	3	39782	780	830	39782	3660	3710	39782	6540	6590
SPAN_377	fall	1	2	31522	2100	2175	31522	4980	5055
SPAN_377	spring	1	2	42720	2190	2265	42720	5070	5145
SPAN_378	fall	1	2	42133	900	975	42133	3780	3855
SPAN_378	spring	1	2	28350	900	975	28350	3780	3855
SPAN_379	fall	1	1	37277	3780	3830
SPAN_406	fall	2	1	31524	3960	4110
SPAN_406	fall	2	1	32823	3960	4110
SPAN_406	spring	2	1	39589	3960	4110
SPAN_406	spring	2	1	39805	3960	4110
SPAN_407	fall	2	1	33301	2370	2520
SPAN_407	fall	2	1	33302	2370	2520
SPAN_409	fall	2	2	35551	2100	2175	35551	4980	5055
SPAN_409	fall	2	2	35552	2100	2175	35552	4980	5055
SPAN_411	fall	2	1	37125	1080	1230
SPAN_411	fall	2	1	37128	1080	1230
SPAN_414	fall	2	1	35546	960	1140
SPAN_414	fall	2	1	35548	960	1140
SPAN_414	spring	2	1	38439	2010	2160
SPAN_414	spring	2	1	38441	2010	2160
SPAN_421	fall	2	1	42134	2550	2700
SPAN_421	fall	2	1	43000	2550	2700
SPAN_427	fall	2	2	34742	2280	2355	34742	5160	5235
SPAN_427	fall	2	2	34751	2280	2355	34751	5160	5235
SPAN_430	fall	2	1	38183	2460	2610
SPAN_430	fall	2	1	44016	2460	2610
SPAN_434	fall	2	2	38713	990	1065	38713	3870	3945
SPAN_434	fall	2	2	38714	990	1065	38714	3870	3945
SPAN_434	spring	2	1	36806	2370	2520
SPAN_434	spring	2	1	36807	2370	2520
SPAN_435	fall	2	1	26423	5250	5400
SPAN_435	fall	2	1	26424	5250	5400
SPAN_440	fall	2	1	37126	3930	4080
SPAN_440	fall	2	1	37130	3930	4080
SPAN_448	fall	2	1	13146	5250	5400
SPAN_448	fall	2	1	20316	5250	5400
SPAN_449	spring	2	1	19669	5250	5400
SPAN_449	spring	2	1	19670	5250	5400
SPAN_451	fall	1	1	13147	3840	3950
SPAN_451	spring	1	1	15321	3840	3950
SPAN_487	fall	2	2	48635	570	645	48635	3450	3525
SPAN_487	fall	2	2	48636	570	645	48636	3450	3525
SPAN_494	fall	2	1	34311	3780	3930
SPAN_494	fall	2	1	34312	3780	3930
SPAN_494	spring	2	1	29743	1020	1170
SPAN_494	spring	2	1	29744	1020	1170
SPAN_500	fall	1	1	48385	5400	5550
SPAN_501	fall	1	1	48234	5430	5580
SPAN_505	fall	1	1	41536	900	1050
SPAN_505	spring	1	1	39954	5160	5310
SPAN_507	fall	1	1	38184	5430	5580
SPAN_507	spring	1	1	33190	5160	5310
SPAN_509	fall	1	2	46540	2190	2265	46540	5070	5145
SPAN_510	spring	1	2	45034	2190	2265	45034	5070	5145
SPAN_511	fall	1	2	48052	2190	2265	48052	5070	5145
SPAN_512	spring	1	2	46458	990	1065	46458	3870	3945
SPAN_515	fall	1	1	38185	4890	5040
SPAN_516	fall	1	1	48899	2370	2520
SPAN_517	spring	1	1	48092	2370	2520
SPAN_520	fall	1	1	34296	2460	2625
SPAN_522	fall	1	1	49917	2370	2520
SPAN_523	fall	1	1	34747	1020	1185
SPAN_523	spring	1	1	37870	5250	5400
SPAN_525	fall	1	1	33309	990	1140
SPAN_535	fall	1	1	49137	5340	5490
SPAN_551	fall	2	1	35549	1020	1185
SPAN_551	fall	2	1	38482	3960	4110
SPAN_556	fall	1	1	37127	1080	1230
SPAN_557	fall	1	2	34295	2100	2175	34295	4980	5055
SPAN_557	spring	1	1	36808	3780	3930
SPAN_570	fall	1	1	47030	5250	5400
SPAN_570	spring	1	1	32101	3780	3930
SPAN_594	fall	2	1	35554	1020	1170
SPAN_594	fall	2	1	39843	3960	4110
SPAN_594	spring	1	1	38403	3780	3930
