BVIS_250	fall	1	1	43899	6420	6540
BVIS_250	spring	1	1	42366	1020	1140
BVIS_251	fall	1	1	43901	0	0
BVIS_251	spring	1	1	42738	2340	2450
BVIS_260	fall	1	1	43903	690	810
BVIS_260	spring	1	1	42368	0	0
BVIS_270	fall	1	1	43904	570	620
BVIS_270	spring	1	1	42370	0	0
BVIS_320	fall	1	1	44004	900	1010
BVIS_325	fall	1	1	44006	0	0
BVIS_325	spring	1	1	42740	3450	3500
BVIS_330	fall	1	1	44008	0	0
BVIS_330	spring	1	1	42742	3660	3710
BVIS_335	fall	1	1	44010	0	0
BVIS_503	spring	1	1	44634	0	0
BVIS_505	fall	1	1	37533	4890	5040
BVIS_508	spring	1	1	44635	0	0
BVIS_510	fall	1	2	34060	2010	2130	34060	6330	6450
BVIS_519	fall	1	2	45720	570	690	45720	3450	3570
BVIS_521	spring	1	1	39963	0	0
BVIS_522	spring	1	1	33782	0	0
BVIS_523	fall	1	1	43805	6570	6660
BVIS_530	spring	1	1	37946	0	0
BVIS_536	spring	1	1	44632	0	0
BVIS_539	fall	1	2	45722	750	900	45722	3630	3780
BVIS_541	spring	1	1	36776	0	0
BVIS_543	fall	2	1		2085	2205
BVIS_543	fall	2	1	38778	4830	5070
BVIS_544	spring	1	1	38086	0	0
BVIS_551	spring	1	1	45514	0	0
BVIS_560	spring	1	1	42246	0	0
BVIS_562	fall	1	1	37544	0	0
BVIS_575	spring	1	1	45515	0	0
BVIS_594	fall	1	1	40467	0	0
BVIS_594	spring	1	1	41232	0	0
BVIS_595	fall	1	1	14146	0	0
BVIS_596	fall	1	1	35160	0	0
BVIS_596	spring	1	1	10537	0	0
BVIS_597	fall	1	1	35162	0	0
BVIS_597	spring	1	1	10538	0	0
BVIS_598	fall	1	1	18955	0	0
BVIS_598	spring	1	1	10544	0	0
