CS___100	fall	1	3	10615	720	770	10615	3600	3650	10615	6480	6530
CS___107	fall	1	3	10634	660	710	10634	3540	3590	10634	6420	6470
CS___107	spring	1	3	17412	720	770	17412	3600	3650	17412	6480	6530
CS___109	fall	1	2	46120	540	590	46120	3420	3470
CS___109	spring	1	2	44904	540	590	44904	3420	3470
CS___111	fall	3	3	34656	540	590	34656	3420	3470	34656	6300	6350
CS___111	fall	3	3	40304	660	710	40304	3540	3590	40304	6420	6470
CS___111	fall	3	3	44929	780	830	44929	3660	3710	44929	6540	6590
CS___111	spring	1	3	34013	660	710	34013	3540	3590	34013	6420	6470
CS___112	fall	1	2	45363	2100	2175	45363	4980	5055
CS___141	fall	2	3	34657	600	650	34657	3480	3530	34657	6360	6410
CS___141	fall	2	3	42032	660	710	42032	3540	3590	42032	6420	6470
CS___141	spring	2	3	34447	720	770	34447	3600	3650	34447	6480	6530
CS___141	spring	2	3	40571	840	890	40571	3720	3770	40571	6600	6650
CS___151	fall	3	3	34858	480	530	34858	3360	3410	34858	6240	6290
CS___151	fall	3	3	40974	540	590	40974	3420	3470	40974	6300	6350
CS___151	fall	3	3	42500	720	770	42500	3600	3650	42500	6480	6530
CS___151	spring	2	3	34014	780	830	34014	3660	3710	34014	6540	6590
CS___151	spring	2	3	40572	900	950	40572	3780	3830	40572	6660	6710
CS___194	fall	1	1	43883	0	0
CS___194	spring	1	1	44834	0	0
CS___211	fall	2	2	45953	3840	3890	45953	6720	6770
CS___211	fall	2	2	45954	3900	3950	45954	6780	6830
CS___211	spring	2	2	47008	3480	3530	47008	6360	6410
CS___211	spring	2	2	47009	3840	3890	47009	6720	6770
CS___251	fall	3	3	36203	720	770	36203	3600	3650	36203	6480	6530
CS___251	fall	3	3	40507	840	890	40507	3720	3770	40507	6600	6650
CS___251	fall	3	3	42499	900	950	42499	3780	3830	42499	6660	6710
CS___251	spring	2	3	34460	540	590	34460	3420	3470	34460	6300	6350
CS___251	spring	2	3	40573	780	830	40573	3660	3710	40573	6540	6590
CS___261	fall	2	2	36391	2370	2445	36391	5250	5325
CS___261	fall	2	2	42498	2460	2535	42498	5340	5415
CS___261	spring	2	2	47017	1920	1995	47017	4800	4875
CS___261	spring	2	2	47807	2280	2355	47807	5160	5235
CS___277	fall	2	1	48663	960	1010
CS___277	fall	2	1	49094	1020	1070
CS___277	spring	2	1	47010	600	650
CS___277	spring	2	1	47806	960	1010
CS___294	fall	3	1	44176	2400	2510
CS___294	fall	3	2	46841	930	1005	46841	3810	3885
CS___294	fall	3	1	49177	3840	3950
CS___294	spring	4	2		720	830		3600	3710
CS___294	spring	4	1	43541	3840	3950
CS___294	spring	4	1	47600	2400	2510
CS___294	spring	4	1	48392	6480	6530
CS___301	fall	2	3	10647	780	830	10647	3660	3710	10647	6540	6590
CS___301	fall	2	3	42220	900	950	42220	3780	3830	42220	6660	6710
CS___301	spring	2	3	17422	720	770	17422	3600	3650	17422	6480	6530
CS___301	spring	2	3	40574	900	950	40574	3780	3830	40574	6660	6710
CS___341	fall	2	2	36202	2190	2265	36202	5070	5145
CS___341	fall	2	2	42735	2280	2355	42735	5160	5235
CS___341	spring	1	2	34723	2010	2085	34723	4890	4965
CS___342	fall	2	2	37162	1920	1995	37162	4800	4875
CS___342	fall	2	2	40973	2010	2085	40973	4890	4965
CS___342	spring	1	2	35976	2190	2265	35976	5070	5145
CS___351	fall	1	2	50372	2100	2175	50372	4980	5055
CS___351	spring	1	2	46812	2010	2085	46812	4890	4965
CS___361	fall	2	2	36535	2370	2445	36535	5250	5325
CS___361	fall	2	2	42221	2460	2535	42221	5340	5415
CS___361	spring	2	2	47018	2460	2535	47018	5340	5415
CS___361	spring	2	2	47808	2370	2445	47808	5250	5325
CS___362	fall	2	2	36196	2100	2175	36196	4980	5055
CS___362	fall	2	2	42222	2280	2355	42222	5160	5235
CS___362	spring	2	2	47019	2370	2445	47019	5250	5325
CS___362	spring	2	2	47809	2010	2085	47809	4890	4965
CS___377	fall	9	2	36199	750	825	36199	3630	3705
CS___377	fall	9	2	38340	840	915	38340	3720	3795
CS___377	fall	9	2	39429	930	1005	39429	3810	3885
CS___377	fall	9	2	41404	2010	2085	41404	4890	4965
CS___377	fall	9	2	42236	2100	2175	42236	4980	5055
CS___377	fall	9	2	44087	2190	2265	44087	5070	5145
CS___377	fall	9	2	48691	2280	2355	48691	5160	5235
CS___377	fall	9	2	48692	2370	2445	48692	5250	5325
CS___377	fall	9	2	50072	2460	2535	50072	5340	5415
CS___377	spring	9	2	36312	2010	2085	36312	4890	4965
CS___377	spring	9	2	38111	2100	2175	38111	4980	5055
CS___377	spring	9	2	39374	2460	2535	39374	5340	5415
CS___377	spring	9	2	40663	2190	2265	40663	5070	5145
CS___377	spring	9	2	41964	2280	2355	41964	5160	5235
CS___377	spring	9	2	45931	900	975	45931	3780	3855
CS___377	spring	9	2	47308	2370	2445	47308	5250	5325
CS___377	spring	9	2	47309	990	1065	47309	3870	3945
CS___377	spring	9	2	48290	2190	2265	48290	5070	5145
CS___378	fall	1	2	47249	930	1005	47249	3810	3885
CS___378	spring	1	2	45596	2010	2085	45596	4890	4965
CS___394	fall	1	3	46370	900	950	46370	3780	3830	46370	6660	6710
CS___398	fall	1	1	18496	0	0
CS___398	spring	1	1	10720	0	0
CS___401	fall	8	3	10669	840	890	10669	3720	3770	10669	6600	6650
CS___401	fall	8	2	10671	2010	2085	10671	4890	4965
CS___401	fall	8	3	20262	840	890	20262	3720	3770	20262	6600	6650
CS___401	fall	8	2	20264	2010	2085	20264	4890	4965
CS___401	fall	8	2	35218	1020	1095	35218	3900	3975
CS___401	fall	8	2	35219	1020	1095	35219	3900	3975
CS___401	fall	8	2	39067	570	645	39067	3450	3525
CS___401	fall	8	2	39068	570	645	39068	3450	3525
CS___401	spring	8	3	17454	540	590	17454	3420	3470	17454	6300	6350
CS___401	spring	8	3	20665	540	590	20665	3420	3470	20665	6300	6350
CS___401	spring	8	2	41266	2280	2355	41266	5160	5235
CS___401	spring	8	2	41267	2280	2355	41267	5160	5235
CS___401	spring	8	2	43262	2370	2445	43262	5250	5325
CS___401	spring	8	2	43263	2370	2445	43263	5250	5325
CS___401	spring	8	2	43452	930	1005	43452	3810	3885
CS___401	spring	8	2	43453	930	1005	43453	3810	3885
CS___402	fall	2	2	48827	2100	2175	48827	4980	5055
CS___402	fall	2	2	48828	2100	2175	48828	4980	5055
CS___407	fall	2	2	49825	660	735	49825	3540	3615
CS___407	fall	2	2	49826	660	735	49826	3540	3615
CS___407	spring	2	2	44387	2280	2355	44387	5160	5235
CS___407	spring	2	2	44388	2280	2355	44388	5160	5235
CS___411	fall	4	3	10672	600	650	10672	3480	3530	10672	6360	6410
CS___411	fall	4	3	20266	600	650	20266	3480	3530	20266	6360	6410
CS___411	fall	4	2	42736	570	645	42736	3450	3525
CS___411	fall	4	2	42737	570	645	42737	3450	3525
CS___411	spring	4	2	38549	2190	2265	38549	5070	5145
CS___411	spring	4	2	38550	2190	2265	38550	5070	5145
CS___411	spring	4	3	44910	600	650	44910	3480	3530	44910	6360	6410
CS___411	spring	4	3	44911	600	650	44911	3480	3530	44911	6360	6410
CS___415	fall	2	2	42844	2100	2175	42844	4980	5055
CS___415	fall	2	2	42845	2100	2175	42845	4980	5055
CS___418	fall	6	2	42738	840	915	42738	3720	3795
CS___418	fall	6	2	42739	840	915	42739	3720	3795
CS___418	fall	6	2	44033	2370	2445	44033	5250	5325
CS___418	fall	6	2	44034	2370	2445	44034	5250	5325
CS___418	fall	6	2	49808	2460	2535	49808	5340	5415
CS___418	fall	6	2	49809	2460	2535	49809	5340	5415
CS___418	spring	4	2	41110	660	735	41110	3540	3615
CS___418	spring	4	2	41111	660	735	41111	3540	3615
CS___418	spring	4	2	43230	2190	2265	43230	5070	5145
CS___418	spring	4	2	43231	2190	2265	43231	5070	5145
CS___421	fall	4	2	43946	2010	2085	43946	4890	4965
CS___421	fall	4	2	43947	2010	2085	43947	4890	4965
CS___421	fall	4	2	49806	2190	2265	49806	5070	5145
CS___421	fall	4	2	49807	2190	2265	49807	5070	5145
CS___421	spring	2	2	28653	570	645	28653	3450	3525
CS___421	spring	2	2	28654	570	645	28654	3450	3525
CS___422	fall	4	2	44137	2190	2265	44137	5070	5145
CS___422	fall	4	2	44138	2190	2265	44138	5070	5145
CS___422	fall	4	2	47232	2280	2355	47232	5160	5235
CS___422	fall	4	2	47233	2280	2355	47233	5160	5235
CS___422	spring	4	2	19650	2190	2265	19650	5070	5145
CS___422	spring	4	2	20669	2190	2265	20669	5070	5145
CS___422	spring	4	2	47020	930	1005	47020	3810	3885
CS___422	spring	4	2	47021	930	1005	47021	3810	3885
CS___423	fall	2	2	49282	2280	2355	49282	5160	5235
CS___423	fall	2	2	49283	2280	2355	49283	5160	5235
CS___424	fall	2	2	33484	930	1005	33484	3810	3885
CS___424	fall	2	2	33485	930	1005	33485	3810	3885
CS___424	spring	2	2	40669	1920	1995	40669	4800	4875
CS___424	spring	2	2	40670	1920	1995	40670	4800	4875
CS___425	fall	2	2	38706	840	915	38706	3720	3795
CS___425	fall	2	2	38721	840	915	38721	3720	3795
CS___426	fall	2	1	41357	5250	5400
CS___426	fall	2	1	41358	5250	5400
CS___426	spring	2	1	27145	3480	3630
CS___426	spring	2	1	27146	3480	3630
CS___427	fall	4	1	48737	3420	3580
CS___427	fall	4	1	48738	3420	3580
CS___427	fall	4	1	48739	3660	3820
CS___427	fall	4	1	48740	3660	3820
CS___427	spring	2	1	45607	3660	3830
CS___427	spring	2	1	45608	3660	3830
CS___428	fall	2	2	43563	2280	2355	43563	5160	5235
CS___428	fall	2	2	43564	2280	2355	43564	5160	5235
CS___440	fall	4	3	38984	840	890	38984	3720	3770	38984	6600	6650
CS___440	fall	4	3	38985	840	890	38985	3720	3770	38985	6600	6650
CS___440	fall	4	3	41679	780	830	41679	3660	3710	41679	6540	6590
CS___440	fall	4	3	41680	780	830	41680	3660	3710	41680	6540	6590
CS___440	spring	4	3	29904	780	830	29904	3660	3710	29904	6540	6590
CS___440	spring	4	3	29905	780	830	29905	3660	3710	29905	6540	6590
CS___440	spring	4	3	43478	660	710	43478	3540	3590	43478	6420	6470
CS___440	spring	4	3	43479	660	710	43479	3540	3590	43479	6420	6470
CS___441	fall	2	2	39826	2100	2175	39826	4980	5055
CS___441	fall	2	2	39827	2100	2175	39827	4980	5055
CS___442	fall	2	3	38900	660	710	38900	3540	3590	38900	6420	6470
CS___442	fall	2	3	38901	660	710	38901	3540	3590	38901	6420	6470
CS___442	spring	2	3	33785	840	890	33785	3720	3770	33785	6600	6650
CS___442	spring	2	3	33786	840	890	33786	3720	3770	33786	6600	6650
CS___450	fall	2	2	10677	750	825	10677	3630	3705
CS___450	fall	2	2	20271	750	825	20271	3630	3705
CS___450	spring	2	2	17432	750	825	17432	3630	3705
CS___450	spring	2	2	19163	750	825	19163	3630	3705
CS___453	fall	2	2	47563	990	1065	47563	3870	3945
CS___453	fall	2	2	47564	990	1065	47564	3870	3945
CS___454	spring	2	2	45709	2100	2175	45709	4980	5055
CS___454	spring	2	2	45710	2100	2175	45710	4980	5055
CS___455	fall	2	2	50337	2370	2445	50337	5250	5325
CS___455	fall	2	2	50338	2370	2445	50338	5250	5325
CS___455	spring	2	2	48256	2190	2265	48256	5070	5145
CS___455	spring	2	2	48257	2190	2265	48257	5070	5145
CS___461	fall	2	2	42521	2010	2085	42521	4890	4965
CS___461	fall	2	2	43861	2010	2085	43861	4890	4965
CS___463	fall	2	2	43879	2190	2265	43879	5070	5145
CS___463	fall	2	2	43880	2190	2265	43880	5070	5145
CS___466	fall	2	2	28472	2370	2445	28472	5250	5325
CS___466	fall	2	2	28473	2370	2445	28473	5250	5325
CS___466	spring	2	2	26694	2010	2085	26694	4890	4965
CS___466	spring	2	2	26695	2010	2085	26695	4890	4965
CS___468	fall	2	2	48670	840	915	48670	3720	3795
CS___468	fall	2	2	48671	840	915	48671	3720	3795
CS___472	spring	2	2	47406	2100	2175	47406	4980	5055
CS___472	spring	2	2	47407	2100	2175	47407	4980	5055
CS___473	fall	2	2	47255	750	825	47255	3630	3705
CS___473	fall	2	2	47256	750	825	47256	3630	3705
CS___474	fall	2	2	38902	750	825	38902	3630	3705
CS___474	fall	2	2	38903	750	825	38903	3630	3705
CS___474	spring	2	2	38616	840	915	38616	3720	3795
CS___474	spring	2	2	38617	840	915	38617	3720	3795
CS___475	fall	1	1	29239	0	0
CS___476	fall	2	2	42740	2370	2445	42740	5250	5325
CS___476	fall	2	2	42741	2370	2445	42741	5250	5325
CS___476	spring	2	2	32644	2280	2355	32644	5160	5235
CS___476	spring	2	2	32645	2280	2355	32645	5160	5235
CS___477	fall	2	2	48168	2190	2265	48168	5070	5145
CS___477	fall	2	2	48169	2190	2265	48169	5070	5145
CS___478	fall	2	2	41618	2370	2445	41618	5250	5325
CS___478	fall	2	2	41619	2370	2445	41619	5250	5325
CS___478	spring	2	2	37633	750	825	37633	3630	3705
CS___478	spring	2	2	37634	750	825	37634	3630	3705
CS___479	fall	1	1	47191	0	0
CS___479	spring	1	1	45526	0	0
CS___480	fall	4	2	10682	660	735	10682	3540	3615
CS___480	fall	4	2	13947	660	735	13947	3540	3615
CS___480	fall	4	2	49827	2460	2535	49827	5340	5415
CS___480	fall	4	2	49828	2460	2535	49828	5340	5415
CS___480	spring	4	2	17438	1020	1095	17438	3900	3975
CS___480	spring	4	2	19171	1020	1095	19171	3900	3975
CS___480	spring	4	2	43454	2460	2535	43454	5340	5415
CS___480	spring	4	2	43455	2460	2535	43455	5340	5415
CS___483	fall	2	2	48742	1920	1995	48742	4800	4875
CS___483	fall	2	2	48743	1920	1995	48743	4800	4875
CS___484	fall	2	2	46593	2280	2355	46593	5160	5235
CS___484	fall	2	2	46594	2280	2355	46594	5160	5235
CS___485	fall	2	2	49509	930	1005	49509	3810	3885
CS___485	fall	2	2	49510	930	1005	49510	3810	3885
CS___487	fall	2	2	28124	2370	2445	28124	5250	5325
CS___487	fall	2	2	28125	2370	2445	28125	5250	5325
CS___488	fall	2	2	48841	2370	2445	48841	5250	5325
CS___488	fall	2	2	48842	2370	2445	48842	5250	5325
CS___489	fall	2	2	48672	2100	2175	48672	4980	5055
CS___489	fall	2	2	48673	2100	2175	48673	4980	5055
CS___491	fall	1	1	39059	0	0
CS___491	spring	1	1	38500	0	0
CS___494	fall	4	2	44014	2280	2355	44014	5160	5235
CS___494	fall	4	2	44015	2280	2355	44015	5160	5235
CS___494	fall	4	2	49814	2460	2535	49814	5340	5415
CS___494	fall	4	2	49816	2460	2535	49816	5340	5415
CS___494	spring	4	2	42278	1020	1095	42278	3900	3975
CS___494	spring	4	2	42280	570	645	42280	3450	3525
CS___494	spring	4	2	42281	570	645	42281	3450	3525
CS___494	spring	4	2	42289	1020	1095	42289	3900	3975
CS___499	fall	1	1	32402	0	0
CS___499	spring	1	1	30640	0	0
CS___501	fall	1	2	34850	2010	2085	34850	4890	4965
CS___501	spring	1	3	33788	660	710	33788	3540	3590	33788	6420	6470
CS___502	fall	1	3	41831	840	890	41831	3720	3770	41831	6600	6650
CS___502	spring	1	2	23104	2280	2355	23104	5160	5235
CS___505	fall	1	2	48674	2100	2175	48674	4980	5055
CS___505	spring	1	2	41114	2280	2355	41114	5160	5235
CS___506	fall	1	2	47565	840	915	47565	3720	3795
CS___511	spring	1	3	17442	660	710	17442	3540	3590	17442	6420	6470
CS___514	fall	1	3	22882	660	710	22882	3540	3590	22882	6420	6470
CS___515	fall	1	2	48741	2370	2445	48741	5250	5325
CS___515	spring	1	2	43364	930	1005	43364	3810	3885
CS___516	fall	1	2	50084	750	825	50084	3630	3705
CS___516	spring	1	2	47582	1020	1095	47582	3900	3975
CS___517	spring	1	2	48253	2370	2445	48253	5250	5325
CS___519	fall	1	2	49511	750	825	49511	3630	3705
CS___520	fall	1	2	45269	2100	2175	45269	4980	5055
CS___521	spring	1	2	43232	2010	2085	43232	4890	4965
CS___522	fall	1	2	37373	2370	2445	37373	5250	5325
CS___523	fall	1	2	50081	2280	2355	50081	5160	5235
CS___524	fall	1	2	49285	2010	2085	49285	4890	4965
CS___526	fall	1	1	38727	3840	3990
CS___529	fall	1	2	47569	2100	2175	47569	4980	5055
CS___531	fall	1	1	50075	5250	5400
CS___532	fall	1	2	48790	2280	2355	48790	5160	5235
CS___532	spring	1	2	45951	2550	2625	45951	5430	5505
CS___533	fall	1	1	46404	900	1050
CS___535	spring	1	2	47491	930	1005	47491	3810	3885
CS___540	fall	1	2	35014	2280	2355	35014	5160	5235
CS___540	spring	1	2	37332	840	915	37332	3720	3795
CS___550	fall	1	2	49286	2370	2445	49286	5250	5325
CS___553	fall	1	2	39828	990	1065	39828	3870	3945
CS___553	spring	1	2	24388	2460	2535	24388	5340	5415
CS___554	fall	1	2	50080	660	735	50080	3540	3615
CS___559	fall	1	2	25622	2010	2085	25622	4890	4965
CS___565	fall	1	2	28478	2370	2445	28478	5250	5325
CS___566	fall	1	2	33741	2190	2265	33741	5070	5145
CS___566	spring	1	2	33563	2370	2445	33563	5250	5325
CS___568	fall	1	2	45407	2190	2265	45407	5070	5145
CS___568	spring	1	2	47481	2280	2355	47481	5160	5235
CS___569	spring	1	2	27021	840	915	27021	3720	3795
CS___580	fall	1	2	50085	2190	2265	50085	5070	5145
CS___581	fall	1	2	50086	1020	1095	50086	3900	3975
CS___582	fall	1	2	38342	2460	2535	38342	5340	5415
CS___583	fall	1	2	30286	2190	2265	30286	5070	5145
CS___584	fall	1	2	33487	570	645	33487	3450	3525
CS___586	fall	2	1	22888	6600	6750
CS___586	fall	2	2	45274	2010	2085	45274	4890	4965
CS___587	fall	1	2	38056	1020	1095	38056	3900	3975
CS___587	spring	1	2	44286	2370	2445	44286	5250	5325
CS___588	fall	1	2	46235	1020	1095	46235	3900	3975
CS___588	spring	1	2	48254	2460	2535	48254	5340	5415
CS___590	fall	1	2	45284	570	645	45284	3450	3525
CS___594	fall	2	2	27441	2280	2355	27441	5160	5235
CS___594	fall	2	2	40393	2370	2445	40393	5250	5325
CS___594	spring	4	2	33648	660	735	33648	3540	3615
CS___594	spring	4	2	33792	2280	2355	33792	5160	5235
CS___594	spring	4	2	34724	2010	2085	34724	4890	4965
CS___594	spring	4	2	48277	930	1005	48277	3810	3885
CS___597	fall	1	1	18521	0	0
CS___597	spring	1	1	10752	0	0
CS___598	fall	1	1	18564	0	0
CS___598	spring	1	1	10779	0	0
CS___599	fall	1	1	18579	0	0
CS___599	spring	1	1	10799	0	0
