MGMT_340	fall	3	3	13296	720	770	13296	3600	3650	13296	6480	6530
MGMT_340	fall	3	2	19289	2100	2175	19289	4980	5055
MGMT_340	fall	3	2	46478	2370	2445	46478	5250	5325
MGMT_340	spring	11	2	14029	2100	2175	14029	4980	5055
MGMT_340	spring	11	2	46453	2280	2355	46453	5160	5235
MGMT_340	spring	11	2	48345	570	645	48345	3450	3525
MGMT_340	spring	11	2	48346	660	735	48346	3540	3615
MGMT_340	spring	11	2	48347	840	915	48347	3720	3795
MGMT_340	spring	11	2	48348	2010	2085	48348	4890	4965
MGMT_340	spring	11	2	48349	2100	2175	48349	4980	5055
MGMT_340	spring	11	2	48350	2100	2175	48350	4980	5055
MGMT_340	spring	11	2	48351	2190	2265	48351	5070	5145
MGMT_340	spring	11	2	48353	2280	2355	48353	5160	5235
MGMT_340	spring	11	2	48354	750	825	48354	3630	3705
MGMT_350	fall	3	2	13313	2370	2445	13313	5250	5325
MGMT_350	fall	3	1	43167	1020	1170
MGMT_350	fall	3	2	47182	2280	2355	47182	5160	5235
MGMT_350	spring	6	2	14031	2370	2445	14031	5250	5325
MGMT_350	spring	6	2	22930	990	1065	22930	3870	3945
MGMT_350	spring	6	2	31923	900	975	31923	3780	3855
MGMT_350	spring	6	2	33335	2100	2175	33335	4980	5055
MGMT_350	spring	6	2	41941	570	645	41941	3450	3525
MGMT_350	spring	6	2	48105	2190	2265	48105	5070	5145
MGMT_355	fall	1	2	48413	2190	2265	48413	5070	5145
MGMT_355	spring	1	2	46323	2100	2175	46323	4980	5055
MGMT_360	fall	2	2	46368	570	645	46368	3450	3525
MGMT_360	fall	2	3	46369	960	1010	46369	3840	3890	46369	6720	6770
MGMT_360	spring	1	2	47930	2280	2355	47930	5160	5235
MGMT_370	fall	1	2	50314	2100	2175	50314	4980	5055
MGMT_445	fall	1	2	41797	2460	2535	41797	5340	5415
MGMT_445	spring	2	2	19505	990	1065	19505	3870	3945
MGMT_445	spring	2	2	41944	900	975	41944	3780	3855
MGMT_447	fall	2	3	32082	570	645	32082	3450	3525	32082	6330	6405
MGMT_447	fall	2	3	32083	570	645	32083	3450	3525	32083	6330	6405
MGMT_452	fall	3	2	13320	570	645	13320	3450	3525
MGMT_452	fall	3	2	23258	900	975	23258	3780	3855
MGMT_452	fall	3	2	45076	990	1065	45076	3870	3945
MGMT_452	spring	2	2	14035	990	1065	14035	3870	3945
MGMT_452	spring	2	1	14036	3960	4110
MGMT_453	fall	2	2	13322	2010	2085	13322	4890	4965
MGMT_453	fall	2	2	43884	2100	2175	43884	4980	5055
MGMT_453	spring	2	2	14037	2280	2355	14037	5160	5235
MGMT_453	spring	2	1	14038	1080	1230
MGMT_454	fall	1	2	20997	900	975	20997	3780	3855
MGMT_454	spring	1	2	30093	2190	2265	30093	5070	5145
MGMT_455	fall	1	3	45289	900	950	45289	3780	3830	45289	6660	6710
MGMT_455	spring	1	1	43238	3960	4110
MGMT_460	fall	1	1	32712	2460	2670
MGMT_460	spring	4	1	14039	2550	2700
MGMT_460	spring	4	2	41942	2280	2355	41942	5160	5235
MGMT_460	spring	4	2	48369	2280	2355	48369	5160	5235
MGMT_460	spring	4	1	48371	2550	2700
MGMT_463	fall	1	2	36653	900	975	36653	3780	3855
MGMT_463	spring	1	1	14040	1080	1230
MGMT_464	fall	1	1	45290	1080	1230
MGMT_464	spring	1	2	43239	2010	2085	43239	4890	4965
MGMT_465	fall	1	2	40448	570	645	40448	3450	3525
MGMT_466	fall	1	2	38353	2010	2085	38353	4890	4965
MGMT_466	spring	2	2	14041	2010	2085	14041	4890	4965
MGMT_466	spring	2	2	48373	2010	2085	48373	4890	4965
MGMT_470	fall	1	3	38354	660	710	38354	3540	3590	38354	6420	6470
MGMT_470	spring	1	2	40563	2370	2445	40563	5250	5325
MGMT_471	fall	1	1	29838	0	0
MGMT_475	fall	2	1	38357	900	1050
MGMT_475	fall	2	2	49457	2190	2265	49457	5070	5145
MGMT_475	spring	1	2	46557	2280	2355	46557	5160	5235
MGMT_480	fall	1	2	29839	2190	2265	29839	5070	5145
MGMT_480	spring	1	2	36886	2190	2265	36886	5070	5145
MGMT_481	fall	1	2	31552	900	975	31552	3780	3855
MGMT_485	fall	1	2	38356	2370	2445	38356	5250	5325
MGMT_486	fall	1	2	43894	900	975	43894	3780	3855
MGMT_486	spring	1	2	46556	2370	2445	46556	5250	5325
MGMT_494	fall	1	2	35550	2370	2445	35550	5250	5325
MGMT_495	fall	7	2	13357	2460	2570	13357	5340	5450
MGMT_495	fall	7	2	13360	930	1040	13360	3810	3920
MGMT_495	fall	7	2	13363	2370	2480	13363	5250	5360
MGMT_495	fall	7	1	20998	5430	5610
MGMT_495	fall	7	1	32573	2460	2640
MGMT_495	fall	7	2	32695	480	590	32695	3360	3470
MGMT_495	fall	7	1	49475	1080	1260
MGMT_495	spring	10	1	14043	2520	2700
MGMT_495	spring	10	2	14044	2340	2450	14044	5220	5330
MGMT_495	spring	10	2	14045	1980	2090	14045	4860	4970
MGMT_495	spring	10	2	14047	660	770	14047	3540	3650
MGMT_495	spring	10	2	14048	2460	2570	14048	5340	5450
MGMT_495	spring	10	2	14049	900	1010	14049	3780	3890
MGMT_495	spring	10	2	29123	2100	2210	29123	4980	5090
MGMT_495	spring	10	1	39602	5400	5580
MGMT_495	spring	10	2	45585	480	590	45585	3360	3470
MGMT_495	spring	10	2	48106	2460	2570	48106	5340	5450
MGMT_499	fall	1	1	13364	0	0
MGMT_499	spring	1	1	14050	0	0
MGMT_550	spring	1	1	37928	1080	1230
MGMT_553	fall	1	1	34529	0	0
MGMT_553	spring	1	1	29356	0	0
MGMT_555	fall	1	1	48442	0	0
MGMT_555	spring	1	1	46538	0	0
MGMT_564	fall	1	1	23146	1080	1230
MGMT_564	spring	1	1	46488	0	0
MGMT_568	fall	1	1	48438	0	0
MGMT_570	fall	1	1	49228	0	0
MGMT_582	fall	1	1	33924	2550	2700
MGMT_594	fall	2	1	37169	3960	4110
MGMT_594	fall	2	1	48804	2550	2700
MGMT_594	spring	1	2	31293	2280	2355	31293	5160	5235
MGMT_596	fall	1	1	13408	0	0
MGMT_599	fall	1	1	13409	0	0
