MUS__101	fall	1	1	12524	1110	1230
MUS__101	spring	1	1	12446	1080	1200
MUS__105	fall	5	1	12525	960	1070
MUS__105	fall	5	1	12526	2520	2640
MUS__105	fall	5	2	12527	2160	2260	12527	5040	5140
MUS__105	fall	5	1	14156	5400	5520
MUS__105	fall	5	1	15529	3960	4035
MUS__105	spring	4	1	12447	960	1080
MUS__105	spring	4	1	12448	2520	2640
MUS__105	spring	4	1	14136	5400	5520
MUS__105	spring	4	1	15471	3960	4035
MUS__111	fall	1	1	15211	0	0
MUS__121	fall	1	1	15618	0	0
MUS__121	spring	1	1	14049	0	0
MUS__131	fall	1	1	14103	3660	3810
MUS__131	spring	1	1	14161	3660	3810
MUS__133	fall	1	2	14145	2040	2115	14145	4920	4995
MUS__133	spring	1	2	14162	2220	2295	14162	5100	5175
MUS__141	fall	15	1	14790	0	0
MUS__141	fall	15	1	14906	0	0
MUS__141	fall	15	1	14907	0	0
MUS__141	fall	15	1	14908	0	0
MUS__141	fall	15	1	14909	0	0
MUS__141	fall	15	1	14910	0	0
MUS__141	fall	15	1	14911	0	0
MUS__141	fall	15	1	14912	0	0
MUS__141	fall	15	1	14913	0	0
MUS__141	fall	15	1	14914	0	0
MUS__141	fall	15	1	14959	0	0
MUS__141	fall	15	1	14961	0	0
MUS__141	fall	15	1	15081	0	0
MUS__141	fall	15	1	15099	0	0
MUS__141	fall	15	1	15200	0	0
MUS__141	spring	3	1	14816	0	0
MUS__141	spring	3	1	14818	0	0
MUS__141	spring	3	1	14821	0	0
MUS__181	fall	1	2	12514	960	1035	12514	3840	3915
MUS__181	spring	1	1	15615	0	0
MUS__191	fall	1	2	15619	2400	2475	15619	5280	5355
MUS__191	spring	1	2	14189	2400	2475	14189	5280	5355
MUS__239	spring	1	2	15525	2280	2355	15525	5160	5235
MUS__301	fall	1	1	10741	1110	1230
MUS__301	spring	1	1	10503	1080	1200
MUS__305	fall	5	1	10742	960	1070
MUS__305	fall	5	1	12528	2520	2640
MUS__305	fall	5	2	12529	2160	2260	12529	5040	5140
MUS__305	fall	5	1	15035	5400	5520
MUS__305	fall	5	1	15530	3960	4035
MUS__305	spring	4	1	10525	960	1080
MUS__305	spring	4	1	12269	2520	2640
MUS__305	spring	4	2	12270	2160	2235	12270	5040	5115
MUS__305	spring	4	1	12302	5400	5520
MUS__334	fall	1	2	15266	2280	2355	15266	5160	5235
MUS__335	spring	1	1	13396	0	0
MUS__341	fall	15	1	14789	0	0
MUS__341	fall	15	1	14916	0	0
MUS__341	fall	15	1	14917	0	0
MUS__341	fall	15	1	14918	0	0
MUS__341	fall	15	1	14919	0	0
MUS__341	fall	15	1	14920	0	0
MUS__341	fall	15	1	14921	0	0
MUS__341	fall	15	1	14922	0	0
MUS__341	fall	15	1	14923	0	0
MUS__341	fall	15	1	14924	0	0
MUS__341	fall	15	1	14960	0	0
MUS__341	fall	15	1	14962	0	0
MUS__341	fall	15	1	15082	0	0
MUS__341	fall	15	1	15100	0	0
MUS__341	fall	15	1	15199	0	0
MUS__341	spring	7	1	14828	0	0
MUS__341	spring	7	1	14829	0	0
MUS__341	spring	7	1	14832	0	0
MUS__341	spring	7	1	14833	0	0
MUS__341	spring	7	1	14834	0	0
MUS__341	spring	7	1	14856	0	0
MUS__341	spring	7	1	14962	0	0
MUS__367	fall	1	2	14619	2280	2380	14619	5160	5260
MUS__419	fall	1	1	13791	0	0
