DHD__100	fall	1	1	46386	2100	2175
DHD__101	fall	1	2	36388	540	590	36388	3420	3470
DHD__102	fall	1	2	36574	600	650	36574	3480	3530
DHD__102	spring	1	2	36850	600	650	36850	3480	3530
DHD__103	fall	1	1	48108	5250	5415
DHD__104	spring	1	1	46623	2370	2535
DHD__201	fall	1	2	48768	2190	2265	48768	5070	5145
DHD__204	fall	5	2	39901	1920	1995	39901	4800	4875
DHD__204	fall	5	2	47308	1920	1995	47308	4800	4875
DHD__204	fall	5	2	47311	2100	2175	47311	4980	5055
DHD__204	fall	5	2	47312	2190	2265	47312	5070	5145
DHD__204	fall	5	2	48088	2370	2445	48088	5250	5325
DHD__206	fall	1	1	45581	3780	3950
DHD__301	fall	1	1	41004	1920	2085
DHD__302	fall	1	2	41003	2010	2085	41003	4890	4965
DHD__302	spring	1	1	40379	3810	3975
DHD__303	fall	1	1	42214	900	1065
DHD__303	spring	1	1	40378	900	1065
DHD__400	fall	1	1	38751	4980	5055
DHD__400	spring	1	1	38284	4890	4965
DHD__403	fall	2	1	36612	5250	5415
DHD__403	fall	2	1	40056	5070	5235
DHD__403	spring	1	1	48100	3960	4125
DHD__404	fall	4	1	38752	480	645
DHD__404	fall	4	1	38753	480	645
DHD__404	fall	4	1	49392	3780	3945
DHD__404	fall	4	1	49393	3780	3945
DHD__406	fall	1	1	42029	3360	3525
DHD__407	fall	1	1	41002	900	1065
DHD__408	fall	1	1	46372	2370	2535
DHD__408	spring	1	1	47426	4800	4965
DHD__409	fall	1	1	46420	3960	4065
DHD__420	fall	4	1	42030	1920	2085
DHD__420	fall	4	1	42251	1920	2085
DHD__420	fall	4	1	49390	5250	5415
DHD__420	fall	4	1	49391	5250	5415
DHD__420	spring	2	1	46575	2370	2535
DHD__420	spring	2	1	46811	2370	2535
DHD__450	spring	2	1	46678	3780	3930
DHD__450	spring	2	1	46679	3780	3930
DHD__494	fall	3	1	33813	2370	2535
DHD__494	fall	3	1	48900	3360	3410
DHD__494	fall	3	1	49079	2100	2340
DHD__494	spring	1	1	46955	900	1065
DHD__501	fall	1	1	29145	2295	2460
DHD__502	spring	1	1	28680	720	885
DHD__505	fall	1	1	34447	5280	5460
DHD__506	spring	1	1	34270	5280	5460
DHD__510	fall	1	1	23876	3420	3585
DHD__515	fall	1	1	43724	855	1020
DHD__522	fall	1	1	50383	3735	3900
DHD__526	fall	1	1	25700	4875	5040
DHD__528	spring	1	1	44660	1020	1140
DHD__530	fall	2	1	34448	4980	5145
DHD__530	fall	2	1	42294	2115	2280
DHD__531	fall	1	1	50345	4890	5055
DHD__535	spring	1	1	16534	1035	1200
DHD__537	fall	1	1	26606	2220	2385
DHD__540	fall	1	1	50385	6240	6290
DHD__541	fall	1	1	34449	2010	2130
DHD__543	fall	1	1	43950	1035	1170
DHD__546	fall	1	1	48580	3735	3900
DHD__551	fall	1	1	16046	2475	2640
DHD__561	fall	1	1	46409	5280	5460
DHD__570	fall	1	1	40489	1995	2160
DHD__570	spring	1	1	46576	2295	2460
DHD__572	fall	1	1	31589	3735	3900
DHD__572	spring	1	1	44589	3735	3900
DHD__573	spring	1	1	43327	3840	4020
DHD__576	fall	1	1	34691	5160	5325
DHD__578	fall	1	1	43951	2400	2580
DHD__579	fall	1	1	50344	2145	2250
DHD__581	fall	1	1	30190	5160	5325
DHD__581	spring	1	1	40996	4995	5115
