IPHS_401	fall	4	1	40189	6270	6510
IPHS_401	fall	4	1	40190	510	750
IPHS_401	fall	4	1	46545	3960	4080
IPHS_401	fall	4	1	49655	6270	6510
IPHS_402	fall	4	1		3420	3600
IPHS_402	fall	4	1	40188	6300	6480
IPHS_402	fall	4	2	40191	540	720	40191	3420	3600
IPHS_402	fall	4	2	46546	2520	2670	46546	5400	5550
IPHS_403	spring	3	1	39536	3390	3615
IPHS_403	spring	3	1	39538	510	735
IPHS_403	spring	3	1	45396	3960	4080
IPHS_404	fall	2	1	48080	5370	5550
IPHS_404	fall	2	1	49654	540	720
IPHS_405	spring	2	1	46658	5370	5550
IPHS_405	spring	2	1	48127	6300	6480
IPHS_409	fall	1	1	30349	5100	5270
IPHS_410	spring	1	1	27144	5100	5270
IPHS_430	spring	1	1	44551	1080	1200
IPHS_440	spring	1	1	46572	5100	5310
IPHS_494	fall	5	1	33806	5295	5460
IPHS_494	fall	5	1	36594	1080	1230
IPHS_494	fall	5	1	36727	3420	3600
IPHS_494	fall	5	1	45679	6540	6720
IPHS_494	fall	5	1	48856	6300	6470
IPHS_494	spring	1	1	46886	2580	2640
IPHS_501	fall	1	1	23575	3810	3990
IPHS_502	spring	1	1	23640	3810	3990
IPHS_503	fall	1	1	25288	3840	4010
IPHS_503	spring	1	1	48376	5250	5430
IPHS_505	spring	1	1	48377	2370	2550
IPHS_510	fall	1	1	42806	5280	5460
IPHS_512	fall	1	1	32574	3810	3990
IPHS_514	spring	1	1	41940	2370	2550
IPHS_520	fall	1	1	44089	3930	4095
IPHS_521	fall	1	1	49450	2400	2580
IPHS_522	fall	1	1	49451	2400	2580
IPHS_523	fall	1	1	49449	3810	3990
IPHS_524	spring	1	1	48362	3810	3990
IPHS_525	spring	1	1	48363	2370	2550
IPHS_526	spring	1	1	48364	2370	2550
IPHS_595	spring	1	1	17568	3660	3710
