ANTH_100	fall	2	1	35315	2280	2355
ANTH_100	fall	2	2	44739	540	590	44739	3420	3470
ANTH_100	spring	2	2	30865	540	590	30865	3420	3470
ANTH_100	spring	2	1	44600	2370	2445
ANTH_101	fall	1	2	19786	900	950	19786	3780	3830
ANTH_101	spring	1	2	43399	2370	2445	43399	5250	5325
ANTH_102	fall	1	3	21720	840	890	21720	3720	3770	21720	6600	6650
ANTH_102	spring	1	2	27060	2100	2175	27060	4980	5055
ANTH_105	fall	1	2	10107	2190	2265	10107	5070	5145
ANTH_105	spring	1	2	15763	2190	2265	15763	5070	5145
ANTH_200	fall	1	2	38211	660	710	38211	3540	3590
ANTH_208	fall	1	2	42690	840	890	42690	3720	3770
ANTH_215	fall	1	2	42195	2010	2085	42195	4890	4965
ANTH_216	fall	1	2	45955	660	710	45955	3540	3590
ANTH_216	spring	1	2	40370	660	710	40370	3540	3590
ANTH_217	fall	1	3	37976	780	830	37976	3660	3710	37976	6540	6590
ANTH_217	spring	2	2	45802	570	645	45802	3450	3525
ANTH_217	spring	2	2	45806	2190	2265	45806	5070	5145
ANTH_220	fall	1	3	35698	660	710	35698	3540	3590	35698	6420	6470
ANTH_223	fall	1	2	37118	900	975	37118	3780	3855
ANTH_224	fall	1	2	41509	570	645	41509	3450	3525
ANTH_226	fall	1	2	27962	2460	2535	27962	5340	5415
ANTH_227	fall	1	2	35117	2100	2175	35117	4980	5055
ANTH_229	fall	2	2	34759	2280	2355	34759	5160	5235
ANTH_229	fall	2	2	39478	2280	2355	39478	5160	5235
ANTH_229	spring	2	2	31831	2010	2085	31831	4890	4965
ANTH_229	spring	2	2	33685	900	975	33685	3780	3855
ANTH_231	fall	1	2	26247	2190	2265	26247	5070	5145
ANTH_233	fall	1	2	49531	2010	2085	49531	4890	4965
ANTH_234	fall	1	2	29815	900	950	29815	3780	3830
ANTH_237	fall	2	2	35700	570	645	35700	3450	3525
ANTH_237	fall	2	2	44124	2280	2355	44124	5160	5235
ANTH_238	fall	1	1	34761	2100	2175
ANTH_238	spring	1	1	43787	2100	2175
ANTH_239	fall	3	2	36735	900	975	36735	3780	3855
ANTH_239	fall	3	2	43222	990	1065	43222	3870	3945
ANTH_239	fall	3	2	45582	2010	2085	45582	4890	4965
ANTH_239	spring	2	2	39546	2460	2535	39546	5340	5415
ANTH_239	spring	2	2	42240	2190	2265	42240	5070	5145
ANTH_242	fall	1	2	48377	480	555	48377	3360	3435
ANTH_243	fall	1	2	40439	570	645	40439	3450	3525
ANTH_244	fall	1	2	47033	2190	2265	47033	5070	5145
ANTH_245	fall	1	2	49216	2370	2445	49216	5250	5325
ANTH_248	fall	1	2	46499	990	1065	46499	3870	3945
ANTH_255	fall	1	2	46220	990	1065	46220	3870	3945
ANTH_255	spring	1	2	47038	480	555	47038	3360	3435
ANTH_256	fall	1	2	36351	840	915	36351	3720	3795
ANTH_262	fall	1	2	46234	2280	2355	46234	5160	5235
ANTH_262	spring	1	2	44954	990	1065	44954	3870	3945
ANTH_272	fall	1	2	35699	2280	2355	35699	5160	5235
ANTH_273	fall	1	2	33370	2280	2355	33370	5160	5235
ANTH_276	fall	1	2	35702	2010	2085	35702	4890	4965
ANTH_277	fall	2	3	31693	840	890	31693	3720	3770	31693	6600	6650
ANTH_277	fall	2	3	37974	900	950	37974	3780	3830	37974	6660	6710
ANTH_279	fall	1	1	37119	930	1095
ANTH_309	fall	1	2	19781	570	645	19781	3450	3525
ANTH_309	spring	1	2	40384	900	975	40384	3780	3855
ANTH_311	fall	1	2	35707	2100	2175	35707	4980	5055
ANTH_312	fall	1	2	38212	2100	2175	38212	4980	5055
ANTH_314	fall	2	2	37490	900	975	37490	3780	3855
ANTH_314	fall	2	2	38759	2370	2445	38759	5250	5325
ANTH_319	spring	1	1	47351	2370	2445
ANTH_320	fall	1	2	33371	2280	2355	33371	5160	5235
ANTH_320	spring	1	2	33260	2280	2355	33260	5160	5235
ANTH_333	fall	1	2	50164	900	975	50164	3780	3855
ANTH_394	fall	2	2	33931	2280	2355	33931	5160	5235
ANTH_394	fall	2	2	43223	2190	2265	43223	5070	5145
ANTH_394	spring	2	2	35712	990	1065	35712	3870	3945
ANTH_394	spring	2	2	36357	2370	2445	36357	5250	5325
ANTH_409	fall	2	3	42196	900	950	42196	3780	3830	42196	6660	6710
ANTH_409	fall	2	3	42197	900	950	42197	3780	3830	42197	6660	6710
ANTH_411	fall	2	2	37120	2190	2265	37120	5070	5145
ANTH_411	fall	2	2	37121	2190	2265	37121	5070	5145
ANTH_418	fall	2	2	34555	990	1065	34555	3870	3945
ANTH_418	fall	2	2	34556	990	1065	34556	3870	3945
ANTH_418	spring	2	2	39798	2010	2085	39798	4890	4965
ANTH_418	spring	2	2	39799	2010	2085	39799	4890	4965
ANTH_420	fall	2	2	31697	2370	2445	31697	5250	5325
ANTH_420	fall	2	2	31698	2370	2445	31698	5250	5325
ANTH_420	spring	2	1	33263	6300	6465
ANTH_420	spring	2	1	33264	6300	6465
ANTH_423	fall	2	3	40952	780	830	40952	3660	3710	40952	6540	6590
ANTH_423	fall	2	3	40953	780	830	40953	3660	3710	40953	6540	6590
ANTH_424	fall	2	2	28163	2010	2085	28163	4890	4965
ANTH_424	fall	2	2	46085	2010	2085	46085	4890	4965
ANTH_424	spring	2	2	25544	2280	2355	25544	5160	5235
ANTH_424	spring	2	2	41210	2280	2355	41210	5160	5235
ANTH_428	fall	2	2	43354	2010	2085	43354	4890	4965
ANTH_428	fall	2	2	43355	2010	2085	43355	4890	4965
ANTH_429	fall	2	1	43356	2370	2535
ANTH_429	fall	2	1	43357	2370	2535
ANTH_436	fall	3	2	40893	2010	2085	40893	4890	4965
ANTH_436	fall	3	2	40894	2280	2355	40894	5160	5235
ANTH_436	fall	3	2	46644	2010	2085	46644	4890	4965
ANTH_437	spring	1	2	36944	570	645	36944	3450	3525
ANTH_453	fall	2	2	37131	2010	2085	37131	4890	4965
ANTH_453	fall	2	2	37132	2010	2085	37132	4890	4965
ANTH_455	fall	2	2	34553	2190	2265	34553	5070	5145
ANTH_455	fall	2	2	34554	2190	2265	34554	5070	5145
ANTH_466	fall	2	1	45438	900	1050
ANTH_466	fall	2	1	45439	900	1050
ANTH_473	fall	2	1	42874	5250	5415
ANTH_473	fall	2	1	42875	5250	5415
ANTH_476	fall	1	3	41579	780	830	41579	3660	3710	41579	6540	6590
ANTH_477	fall	1	1	19756	4800	4910
ANTH_478	fall	2	2	38213	2280	2355	38213	5160	5235
ANTH_478	fall	2	2	38214	2280	2355	38214	5160	5235
ANTH_480	fall	2	2	34583	2370	2445	34583	5250	5325
ANTH_480	fall	2	2	34584	2370	2445	34584	5250	5325
ANTH_481	fall	1	2	10179	900	975	10179	3780	3855
ANTH_481	spring	1	2	34494	990	1065	34494	3870	3945
ANTH_494	fall	3	2		3540	3590		3540	3590
ANTH_494	fall	3	1	33375	6420	6650
ANTH_494	fall	3	1	33592	6420	6650
ANTH_494	spring	4	1	37019	6480	6645
ANTH_494	spring	4	1	37020	6480	6645
ANTH_494	spring	4	2	37275	2280	2355	37275	5160	5235
ANTH_494	spring	4	2	37276	2280	2355	37276	5160	5235
ANTH_500	fall	1	1	10185	4860	5025
ANTH_501	spring	1	1	15779	5250	5415
ANTH_502	fall	1	1	48582	1980	2145
ANTH_502	spring	1	1	28718	4890	5055
ANTH_503	fall	2	1		2280	2475
ANTH_503	fall	2	1	27960	5160	5235
ANTH_503	spring	2	1		2280	2475
ANTH_503	spring	2	1	47243	5160	5235
ANTH_508	fall	2	1	33374	3780	3945
ANTH_508	fall	2	1	35710	5250	5415
ANTH_511	fall	1	1	44750	2160	2325
ANTH_511	spring	1	1	46307	600	765
ANTH_516	fall	1	1	35708	2370	2535
ANTH_520	fall	2	1	35706	900	1065
ANTH_520	fall	2	1	38749	900	1065
ANTH_520	spring	1	1	37202	900	1065
ANTH_593	fall	1	1	37129	2370	2535
ANTH_594	fall	3	1	33391	5220	5385
ANTH_594	fall	3	1	35116	3540	3690
ANTH_594	fall	3	2	45733	2190	2265	45733	5070	5145
ANTH_594	spring	1	1	44990	840	990
