MATH_088	fall	1	1	39491	1920	1970
MATH_088	spring	1	1	39899	2340	2390
MATH_090	fall	16	3	43322	720	770	43322	3600	3650	43322	6480	6530
MATH_090	fall	16	3	43323	900	950	43323	3780	3830	43323	6660	6710
MATH_090	fall	16	3	43324	600	650	43324	3480	3530	43324	6360	6410
MATH_090	fall	16	3	43325	480	530	43325	3360	3410	43325	6240	6290
MATH_090	fall	16	3	43326	660	710	43326	3540	3590	43326	6420	6470
MATH_090	fall	16	3	43327	540	590	43327	3420	3470	43327	6300	6350
MATH_090	fall	16	3	43328	720	770	43328	3600	3650	43328	6480	6530
MATH_090	fall	16	3	43329	840	890	43329	3720	3770	43329	6600	6650
MATH_090	fall	16	3	43330	660	710	43330	3540	3590	43330	6420	6470
MATH_090	fall	16	3	43331	840	890	43331	3720	3770	43331	6600	6650
MATH_090	fall	16	3	43332	540	590	43332	3420	3470	43332	6300	6350
MATH_090	fall	16	3	43333	900	950	43333	3780	3830	43333	6660	6710
MATH_090	fall	16	3	43334	960	1010	43334	3840	3890	43334	6720	6770
MATH_090	fall	16	3	48217	1020	1070	48217	3900	3950	48217	6780	6830
MATH_090	fall	16	3	48218	1020	1070	48218	3900	3950	48218	6780	6830
MATH_090	fall	16	3	48984	960	1010	48984	3840	3890	48984	6720	6770
MATH_090	spring	3	2	42726	540	615	42726	3420	3495
MATH_090	spring	3	2	42727	780	855	42727	3660	3735
MATH_090	spring	3	2	46426	630	705	46426	3510	3585
MATH_100	spring	1	1	47479	3780	3830
MATH_104	fall	2	2	46435	1980	2030	46435	4860	4910
MATH_104	fall	2	2	46436	2100	2150	46436	4980	5030
MATH_104	spring	1	2	45234	2280	2330	45234	5160	5210
MATH_105	fall	2	3	46427	840	890	46427	3720	3770	46427	6600	6650
MATH_105	fall	2	3	46434	720	770	46434	3600	3650	46434	6480	6530
MATH_105	spring	1	3	45241	720	770	45241	3600	3650	45241	6480	6530
MATH_108	fall	13	3	49859	480	530	49859	3360	3410	49859	6240	6290
MATH_108	fall	13	3	49860	540	590	49860	3420	3470	49860	6300	6350
MATH_108	fall	13	3	49861	540	590	49861	3420	3470	49861	6300	6350
MATH_108	fall	13	3	49862	600	650	49862	3480	3530	49862	6360	6410
MATH_108	fall	13	3	49863	660	710	49863	3540	3590	49863	6420	6470
MATH_108	fall	13	3	49864	660	710	49864	3540	3590	49864	6420	6470
MATH_108	fall	13	3	49865	720	770	49865	3600	3650	49865	6480	6530
MATH_108	fall	13	3	49867	840	890	49867	3720	3770	49867	6600	6650
MATH_108	fall	13	3	49868	840	890	49868	3720	3770	49868	6600	6650
MATH_108	fall	13	3	49869	900	950	49869	3780	3830	49869	6660	6710
MATH_108	fall	13	3	49870	900	950	49870	3780	3830	49870	6660	6710
MATH_108	fall	13	3	49871	960	1010	49871	3840	3890	49871	6720	6770
MATH_108	fall	13	3	49874	1020	1070	49874	3900	3950	49874	6780	6830
MATH_109	fall	6	2	43908	2100	2150	43908	4980	5030
MATH_109	fall	6	2	43910	2280	2330	43910	5160	5210
MATH_109	fall	6	2	43911	1980	2030	43911	4860	4910
MATH_109	fall	6	2	43912	2280	2330	43912	5160	5210
MATH_109	fall	6	2	43913	2040	2090	43913	4920	4970
MATH_109	fall	6	2	44135	2340	2390	44135	5220	5270
MATH_109	spring	1	2	42758	2040	2090	42758	4920	4970
MATH_110	fall	6	3	39500	960	1010	39500	3840	3890	39500	6720	6770
MATH_110	fall	6	3	39507	840	890	39507	3720	3770	39507	6600	6650
MATH_110	fall	6	3	40535	720	770	40535	3600	3650	40535	6480	6530
MATH_110	fall	6	3	41650	660	710	41650	3540	3590	41650	6420	6470
MATH_110	fall	6	3	41926	600	650	41926	3480	3530	41926	6360	6410
MATH_110	fall	6	3	45798	540	590	45798	3420	3470	45798	6300	6350
MATH_110	spring	4	3	39069	780	830	39069	3660	3710	39069	6540	6590
MATH_110	spring	4	3	39070	600	650	39070	3480	3530	39070	6360	6410
MATH_110	spring	4	3	39071	960	1010	39071	3840	3890	39071	6720	6770
MATH_110	spring	4	3	40311	480	530	40311	3360	3410	40311	6240	6290
MATH_121	fall	4	3	13005	900	950	13005	3780	3830	13005	6660	6710
MATH_121	fall	4	3	13006	840	890	13006	3720	3770	13006	6600	6650
MATH_121	fall	4	2	34102	1980	2055	34102	4860	4935
MATH_121	fall	4	3	41897	600	650	41897	3480	3530	41897	6360	6410
MATH_121	spring	3	3	16321	660	710	16321	3540	3590	16321	6420	6470
MATH_121	spring	3	3	16322	900	950	16322	3780	3830	16322	6660	6710
MATH_121	spring	3	3	42595	540	590	42595	3420	3470	42595	6300	6350
MATH_125	fall	6	3	35572	480	530	35572	3360	3410	35572	6240	6290
MATH_125	fall	6	3	35579	840	890	35579	3720	3770	35579	6600	6650
MATH_125	fall	6	3	38594	660	710	38594	3540	3590	38594	6420	6470
MATH_125	fall	6	3	41867	540	590	41867	3420	3470	41867	6300	6350
MATH_125	fall	6	3	41890	600	650	41890	3480	3530	41890	6360	6410
MATH_125	fall	6	3	44622	480	530	44622	3360	3410	44622	6240	6290
MATH_125	spring	3	3	35654	960	1010	35654	3840	3890	35654	6720	6770
MATH_125	spring	3	3	35661	720	770	35661	3600	3650	35661	6480	6530
MATH_125	spring	3	3	37694	540	590	37694	3420	3470	37694	6300	6350
MATH_140	fall	3	2	13019	2040	2150	13019	4920	5030
MATH_140	fall	3	2	13022	3480	3590	13022	6360	6470
MATH_140	fall	3	2	40450	2220	2330	40450	5100	5210
MATH_140	spring	2	2	16329	1980	2090	16329	4860	4970
MATH_140	spring	2	2	16330	1980	2090	16330	4860	4970
MATH_141	fall	2	2	13029	2220	2330	13029	5100	5210
MATH_141	fall	2	2	29094	2220	2330	29094	5100	5210
MATH_141	spring	3	2	16332	3420	3530	16332	6300	6410
MATH_141	spring	3	2	16334	3540	3650	16334	6420	6530
MATH_141	spring	3	2	42809	2220	2330	42809	5100	5210
MATH_160	fall	6	3	45947	720	770	45947	3600	3650	45947	6480	6530
MATH_160	fall	6	3	48109	540	590	48109	3420	3470	48109	6300	6350
MATH_160	fall	6	3	49811	840	890	49811	3720	3770	49811	6600	6650
MATH_160	fall	6	3	49815	660	710	49815	3540	3590	49815	6420	6470
MATH_160	fall	6	3	49817	600	650	49817	3480	3530	49817	6360	6410
MATH_160	fall	6	3	49821	960	1010	49821	3840	3890	49821	6720	6770
MATH_160	spring	2	3	43754	720	770	43754	3600	3650	43754	6480	6530
MATH_160	spring	2	3	46100	600	650	46100	3480	3530	46100	6360	6410
MATH_165	fall	4	3	13105	480	530	13105	3360	3410	13105	6240	6290
MATH_165	fall	4	3	13108	960	1010	13108	3840	3890	13108	6720	6770
MATH_165	fall	4	3	38345	780	830	38345	3660	3710	38345	6540	6590
MATH_165	fall	4	3	48894	540	590	48894	3420	3470	48894	6300	6350
MATH_165	spring	4	3	16362	660	710	16362	3540	3590	16362	6420	6470
MATH_165	spring	4	3	37995	960	1010	37995	3840	3890	37995	6720	6770
MATH_165	spring	4	3	41011	840	890	41011	3720	3770	41011	6600	6650
MATH_165	spring	4	3	42596	480	530	42596	3360	3410	42596	6240	6290
MATH_170	fall	1	3	38380	600	650	38380	3480	3530	38380	6360	6410
MATH_170	spring	1	3	37900	600	650	37900	3480	3530	37900	6360	6410
MATH_180	fall	10	3	13411	780	830	13411	3660	3710	13411	6540	6590
MATH_180	fall	10	3	13413	780	830	13413	3660	3710	13413	6540	6590
MATH_180	fall	10	3	13414	900	950	13414	3780	3830	13414	6660	6710
MATH_180	fall	10	2	13415	2010	2085	13415	4890	4965
MATH_180	fall	10	3	13417	600	650	13417	3480	3530	13417	6360	6410
MATH_180	fall	10	3	14167	840	890	14167	3720	3770	14167	6600	6650
MATH_180	fall	10	3	24528	480	530	24528	3360	3410	24528	6240	6290
MATH_180	fall	10	3	41964	960	1010	41964	3840	3890	41964	6720	6770
MATH_180	fall	10	3	44629	660	710	44629	3540	3590	44629	6420	6470
MATH_180	fall	10	3	45804	960	1010	45804	3840	3890	45804	6720	6770
MATH_180	spring	6	3	38939	480	530	38939	3360	3410	38939	6240	6290
MATH_180	spring	6	3	38940	600	650	38940	3480	3530	38940	6360	6410
MATH_180	spring	6	3	38941	840	890	38941	3720	3770	38941	6600	6650
MATH_180	spring	6	3	38942	900	950	38942	3780	3830	38942	6660	6710
MATH_180	spring	6	3	41821	780	830	41821	3660	3710	41821	6540	6590
MATH_180	spring	6	3	42597	540	590	42597	3420	3470	42597	6300	6350
MATH_181	fall	5	3	13486	660	710	13486	3540	3590	13486	6420	6470
MATH_181	fall	5	3	13489	840	890	13489	3720	3770	13489	6600	6650
MATH_181	fall	5	3	13615	900	950	13615	3780	3830	13615	6660	6710
MATH_181	fall	5	3	38832	960	1010	38832	3840	3890	38832	6720	6770
MATH_181	fall	5	3	48324	480	530	48324	3360	3410	48324	6240	6290
MATH_181	spring	8	3	38943	480	530	38943	3360	3410	38943	6240	6290
MATH_181	spring	8	3	38945	660	710	38945	3540	3590	38945	6420	6470
MATH_181	spring	8	3	38946	780	830	38946	3660	3710	38946	6540	6590
MATH_181	spring	8	3	38947	900	950	38947	3780	3830	38947	6660	6710
MATH_181	spring	8	3	41019	960	1010	41019	3840	3890	41019	6720	6770
MATH_181	spring	8	3	41132	840	890	41132	3720	3770	41132	6600	6650
MATH_181	spring	8	3	46901	540	590	46901	3420	3470	46901	6300	6350
MATH_181	spring	8	3	47387	1020	1070	47387	3900	3950	47387	6780	6830
MATH_194	fall	23	1	41823	1920	1970
MATH_194	fall	23	1	41824	480	530
MATH_194	fall	23	1	41825	3360	3410
MATH_194	fall	23	1	41826	4800	4850
MATH_194	fall	23	1	41827	1920	1970
MATH_194	fall	23	1	41828	6360	6410
MATH_194	fall	23	1	41829	3780	3830
MATH_194	fall	23	1	41830	6660	6710
MATH_194	fall	23	1	42750	600	650
MATH_194	fall	23	1	42751	900	950
MATH_194	fall	23	1	42752	6540	6590
MATH_194	fall	23	1	42753	600	650
MATH_194	fall	23	1	42754	6240	6290
MATH_194	fall	23	1	42755	6360	6410
MATH_194	fall	23	1	42756	3360	3410
MATH_194	fall	23	1	42757	3480	3530
MATH_194	fall	23	1	42758	5250	5300
MATH_194	fall	23	1	42759	3780	3830
MATH_194	fall	23	1	42760	840	890
MATH_194	fall	23	1	42761	6600	6650
MATH_194	fall	23	1	42762	2370	2420
MATH_194	fall	23	1	42763	780	830
MATH_194	fall	23	1	42764	480	530
MATH_194	spring	2	1	41370	2040	2090
MATH_194	spring	2	1	42213	4860	4910
MATH_210	fall	22	3	13655	780	830	13655	3660	3710	13655	6540	6590
MATH_210	fall	22	3	13658	840	890	13658	3720	3770	13658	6600	6650
MATH_210	fall	22	3	13661	480	530	13661	3360	3410	13661	6240	6290
MATH_210	fall	22	3	13666	600	650	13666	3480	3530	13666	6360	6410
MATH_210	fall	22	3	13667	960	1010	13667	3840	3890	13667	6720	6770
MATH_210	fall	22	3	13668	780	830	13668	3660	3710	13668	6540	6590
MATH_210	fall	22	3	13669	960	1010	13669	3840	3890	13669	6720	6770
MATH_210	fall	22	3	13673	900	950	13673	3780	3830	13673	6660	6710
MATH_210	fall	22	3	27368	840	890	27368	3720	3770	27368	6600	6650
MATH_210	fall	22	3	30902	720	770	30902	3600	3650	30902	6480	6530
MATH_210	fall	22	3	35181	540	590	35181	3420	3470	35181	6300	6350
MATH_210	fall	22	3	38399	540	590	38399	3420	3470	38399	6300	6350
MATH_210	fall	22	3	39195	900	950	39195	3780	3830	39195	6660	6710
MATH_210	fall	22	3	40451	840	890	40451	3720	3770	40451	6600	6650
MATH_210	fall	22	3	42769	840	890	42769	3720	3770	42769	6600	6650
MATH_210	fall	22	3	42915	780	830	42915	3660	3710	42915	6540	6590
MATH_210	fall	22	3	42946	900	950	42946	3780	3830	42946	6660	6710
MATH_210	fall	22	3	43137	960	1010	43137	3840	3890	43137	6720	6770
MATH_210	fall	22	3	43407	540	590	43407	3420	3470	43407	6300	6350
MATH_210	fall	22	3	43737	600	650	43737	3480	3530	43737	6360	6410
MATH_210	fall	22	3	43739	660	710	43739	3540	3590	43739	6420	6470
MATH_210	fall	22	3	43741	840	890	43741	3720	3770	43741	6600	6650
MATH_210	spring	19	3	26301	480	530	26301	3360	3410	26301	6240	6290
MATH_210	spring	19	3	26305	840	890	26305	3720	3770	26305	6600	6650
MATH_210	spring	19	3	26307	540	590	26307	3420	3470	26307	6300	6350
MATH_210	spring	19	3	26309	660	710	26309	3540	3590	26309	6420	6470
MATH_210	spring	19	3	26311	900	950	26311	3780	3830	26311	6660	6710
MATH_210	spring	19	3	26313	480	530	26313	3360	3410	26313	6240	6290
MATH_210	spring	19	3	26315	840	890	26315	3720	3770	26315	6600	6650
MATH_210	spring	19	3	29462	840	890	29462	3720	3770	29462	6600	6650
MATH_210	spring	19	3	30829	840	890	30829	3720	3770	30829	6600	6650
MATH_210	spring	19	3	36875	1020	1070	36875	3900	3950	36875	6780	6830
MATH_210	spring	19	3	39182	780	830	39182	3660	3710	39182	6540	6590
MATH_210	spring	19	3	39183	780	830	39183	3660	3710	39183	6540	6590
MATH_210	spring	19	3	39213	960	1010	39213	3840	3890	39213	6720	6770
MATH_210	spring	19	3	41034	660	710	41034	3540	3590	41034	6420	6470
MATH_210	spring	19	3	41828	600	650	41828	3480	3530	41828	6360	6410
MATH_210	spring	19	3	41831	960	1010	41831	3840	3890	41831	6720	6770
MATH_210	spring	19	3	41834	900	950	41834	3780	3830	41834	6660	6710
MATH_210	spring	19	3	41838	1020	1070	41838	3900	3950	41838	6780	6830
MATH_210	spring	19	3	42778	540	590	42778	3420	3470	42778	6300	6350
MATH_215	fall	9	3	13676	780	830	13676	3660	3710	13676	6540	6590
MATH_215	fall	9	3	24546	1020	1070	24546	3900	3950	24546	6780	6830
MATH_215	fall	9	3	28001	720	770	28001	3600	3650	28001	6480	6530
MATH_215	fall	9	3	34754	540	590	34754	3420	3470	34754	6300	6350
MATH_215	fall	9	3	38401	840	890	38401	3720	3770	38401	6600	6650
MATH_215	fall	9	3	41817	600	650	41817	3480	3530	41817	6360	6410
MATH_215	fall	9	3	42482	960	1010	42482	3840	3890	42482	6720	6770
MATH_215	fall	9	3	42905	660	710	42905	3540	3590	42905	6420	6470
MATH_215	fall	9	3	44946	900	950	44946	3780	3830	44946	6660	6710
MATH_215	spring	9	3	16452	780	830	16452	3660	3710	16452	6540	6590
MATH_215	spring	9	3	34246	600	650	34246	3480	3530	34246	6360	6410
MATH_215	spring	9	3	37040	840	890	37040	3720	3770	37040	6600	6650
MATH_215	spring	9	3	40536	660	710	40536	3540	3590	40536	6420	6470
MATH_215	spring	9	3	40725	720	770	40725	3600	3650	40725	6480	6530
MATH_215	spring	9	3	41447	540	590	41447	3420	3470	41447	6300	6350
MATH_215	spring	9	3	41840	600	650	41840	3480	3530	41840	6360	6410
MATH_215	spring	9	3	41841	720	770	41841	3600	3650	41841	6480	6530
MATH_215	spring	9	3	46898	600	650	46898	3480	3530	46898	6360	6410
MATH_220	fall	4	3	13689	1020	1070	13689	3900	3950	13689	6780	6830
MATH_220	fall	4	3	13690	660	710	13690	3540	3590	13690	6420	6470
MATH_220	fall	4	3	29833	480	530	29833	3360	3410	29833	6240	6290
MATH_220	fall	4	3	44636	720	770	44636	3600	3650	44636	6480	6530
MATH_220	spring	4	3	16461	660	710	16461	3540	3590	16461	6420	6470
MATH_220	spring	4	3	16462	540	590	16462	3420	3470	16462	6300	6350
MATH_220	spring	4	3	29979	780	830	29979	3660	3710	29979	6540	6590
MATH_220	spring	4	3	42418	840	890	42418	3720	3770	42418	6600	6650
MATH_294	fall	3	2	23407	2160	2210	23407	5040	5090
MATH_294	fall	3	2	25803	2220	2270	25803	5100	5150
MATH_294	fall	3	2	43623	2040	2090	43623	4920	4970
MATH_294	spring	3	2	25662	2160	2210	25662	5040	5090
MATH_294	spring	3	2	42852	2100	2150	42852	4980	5030
MATH_294	spring	3	2	42853	2040	2090	42853	4920	4970
MATH_300	fall	3	1	13694	3720	3770
MATH_300	fall	3	1	13695	840	890
MATH_300	fall	3	1	41503	3480	3530
MATH_300	spring	4	1	16464	720	770
MATH_300	spring	4	1	16465	3600	3650
MATH_300	spring	4	1	16466	3480	3530
MATH_300	spring	4	1	16467	600	650
MATH_310	fall	6	3	13696	960	1010	13696	3840	3890	13696	6720	6770
MATH_310	fall	6	3	22632	540	590	22632	3420	3470	22632	6300	6350
MATH_310	fall	6	3	35180	480	530	35180	3360	3410	35180	6240	6290
MATH_310	fall	6	3	38284	720	770	38284	3600	3650	38284	6480	6530
MATH_310	fall	6	3	38916	840	890	38916	3720	3770	38916	6600	6650
MATH_310	fall	6	3	49734	600	650	49734	3480	3530	49734	6360	6410
MATH_310	spring	6	3	16470	840	890	16470	3720	3770	16470	6600	6650
MATH_310	spring	6	3	16471	600	650	16471	3480	3530	16471	6360	6410
MATH_310	spring	6	3	33886	780	830	33886	3660	3710	33886	6540	6590
MATH_310	spring	6	3	37841	900	950	37841	3780	3830	37841	6660	6710
MATH_310	spring	6	3	41842	960	1010	41842	3840	3890	41842	6720	6770
MATH_310	spring	6	3	48476	900	950	48476	3780	3830	48476	6660	6710
MATH_313	fall	1	3	48116	720	770	48116	3600	3650	48116	6480	6530
MATH_313	spring	1	3	34986	540	590	34986	3420	3470	34986	6300	6350
MATH_320	fall	1	3	13705	540	590	13705	3420	3470	13705	6300	6350
MATH_320	spring	2	3	37993	780	830	37993	3660	3710	37993	6540	6590
MATH_320	spring	2	3	37994	900	950	37994	3780	3830	37994	6660	6710
MATH_330	fall	1	3	28003	660	710	28003	3540	3590	28003	6420	6470
MATH_330	spring	2	3	16475	600	650	16475	3480	3530	16475	6360	6410
MATH_330	spring	2	3	35029	600	650	35029	3480	3530	35029	6360	6410
MATH_410	fall	2	3	24551	720	770	24551	3600	3650	24551	6480	6530
MATH_410	fall	2	3	24553	720	770	24553	3600	3650	24553	6480	6530
MATH_414	fall	1	3	41418	660	710	41418	3540	3590	41418	6420	6470
MATH_414	spring	2	3	16476	660	710	16476	3540	3590	16476	6420	6470
MATH_414	spring	2	3	19323	660	710	19323	3540	3590	19323	6420	6470
MATH_417	fall	2	3	41062	660	710	41062	3540	3590	41062	6420	6470
MATH_417	fall	2	3	41063	660	710	41063	3540	3590	41063	6420	6470
MATH_419	fall	2	3	39201	780	830	39201	3660	3710	39201	6540	6590
MATH_419	fall	2	3	39202	780	830	39202	3660	3710	39202	6540	6590
MATH_419	spring	2	3	37850	660	710	37850	3540	3590	37850	6420	6470
MATH_419	spring	2	3	37851	660	710	37851	3540	3590	37851	6420	6470
MATH_430	fall	2	3	43412	780	830	43412	3660	3710	43412	6540	6590
MATH_430	fall	2	3	43413	780	830	43413	3660	3710	43413	6540	6590
MATH_430	spring	2	3	35753	720	770	35753	3600	3650	35753	6480	6530
MATH_430	spring	2	3	35754	720	770	35754	3600	3650	35754	6480	6530
MATH_431	fall	2	3	41222	780	830	41222	3660	3710	41222	6540	6590
MATH_431	fall	2	3	41223	780	830	41223	3660	3710	41223	6540	6590
MATH_435	fall	2	3	13712	840	890	13712	3720	3770	13712	6600	6650
MATH_435	fall	2	3	20443	840	890	20443	3720	3770	20443	6600	6650
MATH_442	fall	2	3	39208	900	950	39208	3780	3830	39208	6660	6710
MATH_442	fall	2	3	39209	900	950	39209	3780	3830	39209	6660	6710
MATH_445	fall	2	3	13713	600	650	13713	3480	3530	13713	6360	6410
MATH_445	fall	2	3	20457	600	650	20457	3480	3530	20457	6360	6410
MATH_480	fall	2	3	36866	540	590	36866	3420	3470	36866	6300	6350
MATH_480	fall	2	3	36867	540	590	36867	3420	3470	36867	6300	6350
MATH_481	spring	2	3	16480	600	650	16480	3480	3530	16480	6360	6410
MATH_481	spring	2	3	19327	600	650	19327	3480	3530	19327	6360	6410
MATH_494	fall	2	3	38579	720	770	38579	3600	3650	38579	6480	6530
MATH_494	fall	2	3	38580	720	770	38580	3600	3650	38580	6480	6530
MATH_494	spring	2	3	41243	840	890	41243	3720	3770	41243	6600	6650
MATH_494	spring	2	3	41244	840	890	41244	3720	3770	41244	6600	6650
MATH_502	fall	1	3	38305	780	830	38305	3660	3710	38305	6540	6590
MATH_504	fall	1	3	42126	780	830	42126	3660	3710	42126	6540	6590
MATH_504	spring	1	3	37854	720	770	37854	3600	3650	37854	6480	6530
MATH_506	fall	1	3	39212	600	650	39212	3480	3530	39212	6360	6410
MATH_507	fall	1	2	40617	2100	2175	40617	4980	5055
MATH_507	spring	1	3	39673	840	890	39673	3720	3770	39673	6600	6650
MATH_511	fall	1	3	46088	840	890	46088	3720	3770	46088	6600	6650
MATH_512	fall	1	3	34413	600	650	34413	3480	3530	34413	6360	6410
MATH_512	spring	1	3	37855	840	890	37855	3720	3770	37855	6600	6650
MATH_514	fall	1	3	42674	660	710	42674	3540	3590	42674	6420	6470
MATH_515	fall	1	3	41066	660	710	41066	3540	3590	41066	6420	6470
MATH_515	spring	1	3	35668	540	590	35668	3420	3470	35668	6300	6350
MATH_516	fall	1	3	13724	540	590	13724	3420	3470	13724	6300	6350
MATH_517	spring	1	3	16483	780	830	16483	3660	3710	16483	6540	6590
MATH_518	fall	1	3	40611	600	650	40611	3480	3530	40611	6360	6410
MATH_520	fall	1	3	39213	600	650	39213	3480	3530	39213	6360	6410
MATH_525	fall	1	3	43414	600	650	43414	3480	3530	43414	6360	6410
MATH_525	spring	1	3	40533	660	710	40533	3540	3590	40533	6420	6470
MATH_531	fall	1	3	39214	540	590	39214	3420	3470	39214	6300	6350
MATH_533	fall	1	3	42669	720	770	42669	3600	3650	42669	6480	6530
MATH_535	spring	1	3	19436	840	890	19436	3720	3770	19436	6600	6650
MATH_537	fall	1	3	48533	660	710	48533	3540	3590	48533	6420	6470
MATH_539	fall	1	3	37062	660	710	37062	3540	3590	37062	6420	6470
MATH_546	fall	1	3	42128	840	890	42128	3720	3770	42128	6600	6650
MATH_547	fall	1	3	39216	600	650	39216	3480	3530	39216	6360	6410
MATH_547	spring	1	3	37858	720	770	37858	3600	3650	37858	6480	6530
MATH_548	fall	1	3	40612	720	770	40612	3600	3650	40612	6480	6530
MATH_548	spring	1	3	39513	660	710	39513	3540	3590	39513	6420	6470
MATH_549	fall	2	3	38306	600	650	38306	3480	3530	38306	6360	6410
MATH_549	fall	2	3	40616	840	890	40616	3720	3770	40616	6600	6650
MATH_549	spring	1	3	39514	720	770	39514	3600	3650	39514	6480	6530
MATH_550	spring	1	3	37861	780	830	37861	3660	3710	37861	6540	6590
MATH_551	fall	1	3	38307	660	710	38307	3540	3590	38307	6420	6470
MATH_552	fall	1	3	31610	720	770	31610	3600	3650	31610	6480	6530
MATH_553	spring	1	3	31397	600	650	31397	3480	3530	31397	6360	6410
MATH_554	fall	1	3	41072	600	650	41072	3480	3530	41072	6360	6410
MATH_554	spring	1	3	37862	720	770	37862	3600	3650	37862	6480	6530
MATH_555	fall	1	3	39215	840	890	39215	3720	3770	39215	6600	6650
MATH_555	spring	1	3	42771	840	890	42771	3720	3770	42771	6600	6650
MATH_568	fall	1	3	42129	540	590	42129	3420	3470	42129	6300	6350
MATH_569	fall	3	3	38308	720	770	38308	3600	3650	38308	6480	6530
MATH_569	fall	3	3	40614	780	830	40614	3660	3710	40614	6540	6590
MATH_569	fall	3	2	40618	2370	2445	40618	5250	5325
MATH_569	spring	1	3	39515	600	650	39515	3480	3530	39515	6360	6410
MATH_571	fall	1	3	38742	840	890	38742	3720	3770	38742	6600	6650
MATH_571	spring	1	3	39516	660	710	39516	3540	3590	39516	6420	6470
MATH_576	spring	1	3	35674	660	710	35674	3540	3590	35674	6420	6470
MATH_577	fall	1	3	40006	720	770	40006	3600	3650	40006	6480	6530
MATH_578	fall	1	3	39217	840	890	39217	3720	3770	39217	6600	6650
MATH_580	fall	1	3	40613	840	890	40613	3720	3770	40613	6600	6650
MATH_582	fall	1	3	38309	840	890	38309	3720	3770	38309	6600	6650
MATH_584	fall	1	3	41073	720	770	41073	3600	3650	41073	6480	6530
MATH_585	fall	1	3	37428	660	710	37428	3540	3590	37428	6420	6470
MATH_586	spring	1	3	37864	540	590	37864	3420	3470	37864	6300	6350
MATH_589	fall	1	2	32552	900	975	32552	3780	3855
MATH_590	fall	1	3	46089	540	590	46089	3420	3470	46089	6300	6350
MATH_590	spring	1	3	46449	600	650	46449	3480	3530	46449	6360	6410
