GEOG___100	2	2	11338	720	770	11338	3600	3650
GEOG___100	2	2	17244	720	770	17244	3600	3650
GEOG___161	2	2	38009	720	770	38009	3600	3650
GEOG___161	2	2	38189	780	830	38189	3660	3710
GEOG___207	1	2	35118	2100	2175	35118	4980	5055
GEOG___273	1	2	33399	2280	2355	33399	5160	5235
GEOG___429	2	2	43845	2370	2445	43845	5250	5325
GEOG___429	2	2	43846	2370	2445	43846	5250	5325
GEOG___453	2	2	37412	2010	2085	37412	4890	4965
GEOG___453	2	2	37413	2010	2085	37413	4890	4965
GEOG___469	12	1	32433	4890	5055
GEOG___469	12	1	32434	4890	5055
GEOG___469	12	1	32439	720	885
GEOG___469	12	1	32440	720	885
GEOG___469	12	1	32441	3780	3945
GEOG___469	12	1	32442	3780	3945
GEOG___469	12	1	33414	2370	2535
GEOG___469	12	1	33415	2370	2535
GEOG___469	12	1	33592	3990	4155
GEOG___469	12	1	33593	3990	4155
GEOG___469	12	1	34637	3960	4125
GEOG___469	12	1	34638	3960	4125
GEOG___477	1	1	19757	4800	4910
GEOG___481	2	2	11602	900	975	11602	3780	3855
GEOG___481	2	2	34652	990	1065	34652	3870	3945
