BIOS_102	4	1	47369	3600	3650
BIOS_102	4	1	47370	3660	3710
BIOS_102	4	1	47804	5100	5150
BIOS_102	4	1	47805	2100	2150
BIOS_104	1	3	38350	480	530	38350	3360	3410	38350	6240	6290
BIOS_110	2	2	43627	2010	2085	43627	4890	4965
BIOS_110	2	3	43645	720	770	43645	3600	3650	43645	6480	6530
BIOS_112	1	2	45364	2280	2355	45364	5160	5235
BIOS_120	2	3	42603	840	890	42603	3720	3770	42603	6600	6650
BIOS_120	2	3	43678	600	650	43678	3480	3530	43678	6360	6410
BIOS_184	1	1	35831	3840	3890
BIOS_196	2	1	11593	5160	5270
BIOS_196	2	1	11595	3720	3830
BIOS_220	4	2	11627	900	950	11627	3780	3830
BIOS_220	4	2	23771	960	1010	23771	3840	3890
BIOS_220	4	1	23774	6660	6710
BIOS_220	4	1	40342	6720	6770
BIOS_222	5	2	11949	2010	2085	11949	4890	4965
BIOS_222	5	3	19458	720	770	19458	3600	3650	19458	6480	6530
BIOS_222	5	2	32899	2280	2355	32899	5160	5235
BIOS_222	5	2	32946	2370	2445	32946	5250	5325
BIOS_222	5	3	42575	780	830	42575	3660	3710	42575	6540	6590
BIOS_230	3	3	42612	660	710	42612	3540	3590	42612	6420	6470
BIOS_230	3	3	44648	600	650	44648	3480	3530	44648	6360	6410
BIOS_230	3	2	44649	2100	2175	44649	4980	5055
BIOS_236	1	2	45700	2280	2355	45700	5160	5235
BIOS_237	1	2	37445	2280	2355	37445	5160	5235
BIOS_250	1	3	48269	780	830	48269	3660	3710	48269	6540	6590
BIOS_272	1	2	46933	2280	2355	46933	5160	5235
BIOS_286	2	2	29964	2190	2265	29964	5070	5145
BIOS_286	2	2	49080	2280	2355	49080	5160	5235
BIOS_294	6	1	41216	2370	2470
BIOS_294	6	3	45425	660	710	45425	3540	3590	45425	6420	6470
BIOS_294	6	1	46308	5250	5325
BIOS_294	6	3	46492	780	830	46492	3660	3710	46492	6540	6590
BIOS_294	6	1	46846	2370	2445
BIOS_294	6	2	47674	2190	2265	47674	5070	5145
BIOS_305	1	3	44902	600	650	44902	3480	3530	44902	6360	6410
BIOS_320	1	3	12127	600	650	12127	3480	3530	12127	6360	6410
BIOS_325	2	2	43160	2100	2175	43160	4980	5055
BIOS_325	2	2	44868	2010	2085	44868	4890	4965
BIOS_340	2	2	43882	2190	2265	43882	5070	5145
BIOS_340	2	3	46327	720	770	46327	3600	3650	46327	6480	6530
BIOS_343	1	2	43760	2190	2265	43760	5070	5145
BIOS_350	2	3	12147	600	650	12147	3480	3530	12147	6360	6410
BIOS_350	2	3	23775	660	710	23775	3540	3590	23775	6420	6470
BIOS_352	1	2	12158	2100	2175	12158	4980	5055
BIOS_360	1	2	39244	3720	3800	39244	6600	6680
BIOS_365	2	2	42292	900	975	42292	3780	3855
BIOS_365	2	2	43811	780	855	43811	3660	3735
BIOS_420	1	2	43945	2190	2360	43945	5070	5240
BIOS_427	1	2	45539	660	735	45539	3540	3615
BIOS_430	1	2	43817	2280	2355	43817	5160	5235
BIOS_431	3	3	17162	720	770	17162	3600	3650	17162	6480	6530
BIOS_431	3	1	43855	930	1075
BIOS_431	3	3	46328	840	890	46328	3720	3770	46328	6600	6650
BIOS_435	1	2	48821	2100	2175	48821	4980	5055
BIOS_437	1	2	31440	900	975	31440	3780	3855
BIOS_443	2	1	49081	840	890
BIOS_443	2	1	49082	3720	3770
BIOS_446	1	2	47425	2010	2085	47425	4890	4965
BIOS_450	1	2	44545	2010	2085	44545	4890	4965
BIOS_452	2	2	12280	2100	2175	12280	4980	5055
BIOS_452	2	2	36609	2190	2265	36609	5070	5145
BIOS_454	1	2	17201	2100	2175	17201	4980	5055
BIOS_458	2	2	33380	2190	2265	33380	5070	5145
BIOS_458	2	2	40940	2280	2355	40940	5160	5235
BIOS_473	1	2	37305	540	650	37305	3420	3530
BIOS_475	1	2	25625	2370	2445	25625	5250	5325
BIOS_480	1	1	43931	900	1010
BIOS_482	2	2	39387	2280	2450	39387	5160	5330
BIOS_482	2	2	45841	840	1010	45841	3720	3890
BIOS_483	1	2	25060	2100	2175	25060	4980	5055
BIOS_484	1	3	34645	780	830	34645	3660	3710	34645	6540	6590
BIOS_485	1	2	25251	2010	2085	25251	4890	4965
BIOS_486	2	2	30629	840	915	30629	3720	3795
BIOS_486	2	2	38556	2280	2355	38556	5160	5235
BIOS_490	4	3	25312	540	590	25312	3420	3470	25312	6300	6350
BIOS_490	4	1	38718	900	1080
BIOS_490	4	2	43939	900	975	43939	3780	3855
BIOS_490	4	2	46329	2010	2085	46329	4890	4965
BIOS_518	1	2	47545	660	770	47545	3540	3650
BIOS_523	1	1	31943	780	890
BIOS_524	1	3	12352	600	690	12352	3480	3570	12352	6360	6450
BIOS_525	1	3	17176	840	950	17176	3720	3830	17176	6600	6710
BIOS_526	1	2	12353	2280	2355	12353	5160	5235
BIOS_530	1	2	33555	2100	2180	33555	4980	5060
BIOS_531	1	2	12564	2010	2090	12564	4890	4970
BIOS_532	1	2	43157	2010	2085	43157	4890	4965
BIOS_552	1	2	32159	2190	2265	32159	5070	5145
BIOS_559	1	2	35602	900	975	35602	3780	3855
BIOS_560	1	2	40980	2040	2150	40980	4920	5030
BIOS_565	1	1	48675	900	1000
BIOS_582	1	1	27866	900	1010
BIOS_584	1	2	26737	3420	3510	26737	6300	6390
BIOS_585	1	2	26789	3420	3495	26789	6300	6375
BIOS_592	2	1	10330	6720	6780
BIOS_592	2	1	10337	6480	6530
BIOS_594	8	1	20895	3780	3830
BIOS_594	8	1	23250	3480	3580
BIOS_594	8	1	29128	1020	1070
BIOS_594	8	1	29210	6660	6750
BIOS_594	8	1	37221	2310	2410
BIOS_594	8	1	42224	6555	6675
BIOS_594	8	1	43943	2370	2475
BIOS_594	8	1	43944	900	950
