MUS__100	fall	5	2	12634	2010	2085	12634	4890	4965
MUS__100	fall	5	2	28981	2370	2445	28981	5250	5325
MUS__100	fall	5	2	32582	2460	2535	32582	5340	5415
MUS__100	fall	5	2	39668	2010	2085	39668	4890	4965
MUS__100	fall	5	2	42742	2190	2265	42742	5070	5145
MUS__100	spring	1	2	38317	2280	2355	38317	5160	5235
MUS__101	fall	5	3	12635	600	650	12635	3480	3530	12635	6360	6410
MUS__101	fall	5	3	27580	1980	2030	27580	3420	3470	27580	6300	6350
MUS__101	fall	5	2	32791	2010	2085	32791	4890	4965
MUS__101	fall	5	3	33978	600	650	33978	3480	3530	33978	6360	6410
MUS__101	fall	5	2	38053	2010	2085	38053	4890	4965
MUS__102	spring	2	2	17461	2010	2085	17461	4890	4965
MUS__102	spring	2	3	33428	540	590	33428	3420	3470	33428	6300	6350
MUS__107	fall	7	2	12637	2100	2175	12637	4980	5055
MUS__107	fall	7	2	21579	2010	2085	21579	4890	4965
MUS__107	fall	7	2	21701	2280	2355	21701	5160	5235
MUS__107	fall	7	3	21702	660	710	21702	3540	3590	21702	6420	6470
MUS__107	fall	7	3	36847	600	650	36847	3480	3530	36847	6360	6410
MUS__107	fall	7	2	37431	2010	2085	37431	4890	4965
MUS__107	fall	7	3	39670	540	590	39670	3420	3470	39670	6300	6350
MUS__107	spring	1	3	17464	600	650	17464	3480	3530	17464	6360	6410
MUS__108	fall	1	1	41180	2100	2175
MUS__109	spring	1	1	40782	4980	5055
MUS__113	fall	1	2	28801	2010	2085	28801	4890	4965
MUS__113	spring	1	2	30378	2280	2355	30378	5160	5235
MUS__114	fall	6	3	21703	540	590	21703	3420	3470	21703	6300	6350
MUS__114	fall	6	3	30881	960	1010	30881	3840	3890	30881	6720	6770
MUS__114	fall	6	2	33533	1920	1995	33533	4800	4875
MUS__114	fall	6	3	38396	780	830	38396	3660	3710	38396	6540	6590
MUS__114	fall	6	3	48237	720	770	48237	3600	3650	48237	6480	6530
MUS__114	fall	6	3	48240	720	770	48240	3600	3650	48240	6480	6530
MUS__114	spring	1	3	37205	720	770	37205	3600	3650	37205	6480	6530
MUS__115	fall	1	2	39695	2190	2265	39695	5070	5145
MUS__116	spring	1	3	40007	780	830	40007	3660	3710	40007	6540	6590
MUS__117	fall	3	2	26714	2010	2085	26714	4890	4965
MUS__117	fall	3	2	30627	2100	2175	30627	4980	5055
MUS__117	fall	3	2	34711	2100	2175	34711	4980	5055
MUS__118	fall	3	2	37963	2100	2175	37963	4980	5055
MUS__118	fall	3	2	37964	2370	2445	37964	5250	5325
MUS__118	fall	3	2	43878	2100	2175	43878	4980	5055
MUS__118	spring	1	3	37180	780	830	37180	3660	3710	37180	6540	6590
MUS__119	fall	4	2	28962	2130	2205	28962	5010	5085
MUS__119	fall	4	2	33968	2370	2445	33968	5250	5325
MUS__119	fall	4	2	38407	2370	2445	38407	5250	5325
MUS__119	fall	4	2	48644	2280	2355	48644	5160	5235
MUS__120	fall	1	3	39696	660	710	39696	3540	3590	39696	6420	6470
MUS__127	fall	3	3	23557	960	1010	23557	3840	3890	23557	6720	6770
MUS__127	fall	3	3	32581	960	1010	32581	3840	3890	32581	6720	6770
MUS__127	fall	3	3	39678	600	650	39678	3480	3530	39678	6360	6410
MUS__127	spring	1	3	31894	600	650	31894	3480	3530	31894	6360	6410
MUS__160	spring	1	1	30643	2190	2265
MUS__161	spring	1	1	48081	2100	2175
MUS__165	fall	1	1	49274	3600	3675
MUS__167	spring	1	1	47938	720	770
MUS__171	spring	1	1	47458	660	710
MUS__190	fall	1	1	43743	900	1010
MUS__191	fall	1	3	48710	540	590	48710	3420	3470	48710	6300	6350
MUS__201	fall	3	3	12713	600	650	12713	3480	3530	12713	6360	6410
MUS__201	fall	3	3	34997	540	590	34997	3420	3470	34997	6300	6350
MUS__201	fall	3	2	40696	2010	2085	40696	4890	4965
MUS__202	spring	1	3	17515	540	590	17515	3420	3470	17515	6300	6350
MUS__220	fall	3	1	28963	1080	1230
MUS__220	fall	3	1	33729	1080	1245
MUS__220	fall	3	1	38408	5070	5210
MUS__221	fall	1	1	39846	2100	2175
MUS__221	spring	1	1	39629	720	770
MUS__223	fall	1	3	41022	600	650	41022	3480	3530	41022	6360	6410
MUS__223	spring	1	3	39632	600	650	39632	3480	3530	39632	6360	6410
MUS__227	fall	2	3	12715	780	830	12715	3660	3710	12715	6540	6590
MUS__227	fall	2	3	28964	720	770	28964	3600	3650	28964	6480	6530
MUS__227	spring	2	3	29132	780	830	29132	3660	3710	29132	6540	6590
MUS__227	spring	2	3	33439	960	1010	33439	3840	3890	33439	6720	6770
MUS__230	fall	1	2	39700	2190	2265	39700	5070	5145
MUS__230	spring	1	2	34602	2190	2265	34602	5070	5145
MUS__231	fall	6	2	26715	2010	2085	26715	4890	4965
MUS__231	fall	6	2	30628	2280	2355	30628	5160	5235
MUS__231	fall	6	2	33534	2010	2085	33534	4890	4965
MUS__231	fall	6	2	36550	2010	2085	36550	4890	4965
MUS__231	fall	6	2	38608	2370	2445	38608	5250	5325
MUS__231	fall	6	2	39157	2010	2085	39157	4890	4965
MUS__231	spring	1	2	39633	2010	2085	39633	4890	4965
MUS__232	fall	2	2	41208	2190	2265	41208	5070	5145
MUS__232	fall	2	2	48649	2010	2085	48649	4890	4965
MUS__232	spring	1	2	33438	2010	2085	33438	4890	4965
MUS__240	fall	1	2	32399	2280	2355	32399	5160	5235
MUS__240	spring	1	2	46687	2190	2265	46687	5070	5145
MUS__290	fall	1	3	42464	540	590	42464	3420	3470	42464	6300	6350
MUS__298	fall	1	3	46214	600	650	46214	3480	3530	46214	6360	6410
MUS__298	spring	1	3	38311	660	710	38311	3540	3590	38311	6420	6470
MUS__300	fall	1	2	12725	2100	2175	12725	4980	5055
MUS__301	spring	1	2	17524	2190	2265	17524	5070	5145
MUS__302	fall	3	2	12726	2190	2265	12726	5070	5145
MUS__302	fall	3	3	35089	660	710	35089	3540	3590	35089	6420	6470
MUS__302	fall	3	2	38024	2100	2175	38024	4980	5055
MUS__303	spring	1	2	17525	2190	2265	17525	5070	5145
MUS__304	fall	3	2	28802	660	735	28802	3540	3615
MUS__304	fall	3	3	32400	600	650	32400	3480	3530	32400	6360	6410
MUS__304	fall	3	3	34709	660	710	34709	3540	3590	34709	6420	6470
MUS__306	fall	5	3	26716	660	710	26716	3540	3590	26716	6420	6470
MUS__306	fall	5	2	30630	2100	2175	30630	4980	5055
MUS__306	fall	5	2	33535	660	735	33535	6420	6495
MUS__306	fall	5	2	36342	2190	2265	36342	5070	5145
MUS__306	fall	5	3	39701	2010	2085	39701	4890	4965	39701	6330	6405
MUS__310	fall	2	3	34710	720	770	34710	3600	3650	34710	6480	6530
MUS__310	fall	2	2	39702	2010	2085	39702	4890	4965
MUS__311	fall	1	2	38648	2100	2175	38648	4980	5055
MUS__311	spring	1	3	34606	780	830	34606	3660	3710	34606	6540	6590
MUS__312	fall	1	2	41515	2100	2175	41515	4980	5055
MUS__313	spring	1	2	41240	2280	2355	41240	5160	5235
MUS__314	fall	1	2	45288	780	855	45288	6540	6615
MUS__323	spring	1	1	42086	2100	2175
MUS__324	spring	1	2	47942	660	710	47942	3540	3590
MUS__325	fall	1	2	49272	2280	2355	49272	5160	5235
MUS__326	spring	1	1	48478	2010	2085
MUS__330	fall	1	2	41023	2280	2355	41023	5160	5235
MUS__330	spring	1	3	43240	660	710	43240	3540	3590	43240	6420	6470
MUS__340	spring	1	2	47944	2280	2355	47944	5160	5235
MUS__350	fall	1	3	49273	600	650	49273	3480	3530	49273	6360	6410
MUS__351	spring	1	2	47946	2190	2265	47946	5070	5145
MUS__390	fall	1	3	41024	660	710	41024	3540	3590	41024	6420	6470
MUS__396	spring	1	3	42909	660	710	42909	3540	3590	42909	6420	6470
MUS__397	spring	1	3	42910	540	590	42910	3420	3470	42910	6300	6350
MUS__490	spring	1	2	38314	2280	2355	38314	5160	5235
