RES___250	5	1	46140	900	1050
RES___250	5	3	47313	660	710	47313	3540	3590	47313	6420	6470
RES___250	5	2	47814	2100	2175	47814	4980	5055
RES___250	5	2	48325	2100	2175	48325	4980	5055
RES___250	5	3	49103	780	830	49103	3660	3710	49103	6540	6590
RES___420	1	2	47305	2010	2085	47305	4890	4965
RES___425	3	1	47071	5340	5490
RES___425	3	1	47100	5340	5490
RES___425	3	2	47304	900	975	47304	3780	3855
RES___450	1	2	47306	2100	2175	47306	4980	5055
RES___460	2	2	46523	2010	2085	46523	4890	4965
RES___460	2	2	47099	2010	2085	47099	4890	4965
RES___470	1	2	48326	2280	2355	48326	5160	5235
RES___472	4	2	45239	2280	2355	45239	5160	5235
RES___472	4	2	45240	2280	2355	45240	5160	5235
RES___472	4	2	47314	570	645	47314	3450	3525
RES___472	4	2	48813	570	645	48813	3450	3525
