ARCH_105	fall	1	2	34671	2280	2330	34671	5160	5210
ARCH_106	spring	1	2	34173	2280	2330	34173	5160	5210
ARCH_151	fall	1	2	40397	720	770	40397	3600	3650
ARCH_200	fall	1	1	33934	4980	5055
ARCH_200	spring	1	1	35157	2370	2445
ARCH_205	fall	1	2	34672	2280	2330	34672	5160	5210
ARCH_206	spring	1	2	34174	2280	2330	34174	5160	5210
ARCH_210	spring	1	2	43319	2100	2175	43319	4980	5055
ARCH_251	fall	1	1	23496	2100	2175
ARCH_252	fall	1	1	48355	2190	2265
ARCH_252	spring	1	1	25500	3450	3525
ARCH_359	fall	1	1	25261	2100	2175
ARCH_360	spring	1	1	22680	2100	2205
ARCH_365	fall	1	3	23562	840	890	23562	3720	3770	23562	6600	6650
ARCH_366	spring	1	3	23440	840	890	23440	3720	3770	23440	6600	6650
ARCH_371	fall	2	1	10043	5160	5235
ARCH_371	fall	2	1	34168	6360	6470
ARCH_372	spring	1	1	13928	5160	5235
ARCH_414	fall	6	1	23561	3480	3530
ARCH_414	fall	6	1	30429	6360	6410
ARCH_414	fall	6	1	30430	6360	6410
ARCH_414	fall	6	1	30431	6360	6410
ARCH_414	fall	6	1	30432	6360	6410
ARCH_414	fall	6	1	45666	6360	6410
ARCH_440	fall	1	1	41027	5250	5415
ARCH_465	fall	6	3	23564	840	890	23564	3720	3770	23564	6600	6650
ARCH_465	fall	6	3	47205	840	890	47205	3720	3770	47205	6600	6650
ARCH_465	fall	6	3	47207	840	890	47207	3720	3770	47207	6600	6650
ARCH_465	fall	6	3	47209	840	890	47209	3720	3770	47209	6600	6650
ARCH_465	fall	6	3	47211	840	890	47211	3720	3770	47211	6600	6650
ARCH_465	fall	6	3	49060	840	890	49060	3720	3770	49060	6600	6650
ARCH_466	spring	5	3	23445	840	890	23445	3720	3770	23445	6600	6650
ARCH_466	spring	5	3	47689	840	890	47689	3720	3770	47689	6600	6650
ARCH_466	spring	5	3	47691	840	890	47691	3720	3770	47691	6600	6650
ARCH_466	spring	5	3	47693	840	890	47693	3720	3770	47693	6600	6650
ARCH_466	spring	5	3	47695	840	890	47695	3720	3770	47695	6600	6650
ARCH_470	fall	1	3	10148	480	530	10148	3360	3410	10148	6240	6290
ARCH_471	spring	1	3	25888	480	530	25888	3360	3410	25888	6240	6290
ARCH_499	fall	2	2	40092	2280	2355	40092	5160	5235
ARCH_499	fall	2	2	40093	2280	2355	40093	5160	5235
ARCH_499	spring	2	1	32849	600	765
ARCH_499	spring	2	1	48502	4920	5040
ARCH_520	fall	2	1	28985	6360	6525
ARCH_520	fall	2	1	29321	2370	2535
ARCH_520	spring	2	1	28873	600	765
ARCH_520	spring	2	1	34941	3480	3645
ARCH_522	fall	4	1	10287	5250	5415
ARCH_522	fall	4	1	28986	6360	6525
ARCH_522	fall	4	1	28987	6360	6525
ARCH_522	fall	4	1	33935	6360	6525
ARCH_522	spring	1	1	28874	600	765
ARCH_531	fall	1	2	28993	2280	2355	28993	5160	5235
ARCH_532	spring	1	2	28766	2100	2175	28766	4980	5055
ARCH_544	spring	1	1	28767	6300	6465
ARCH_551	fall	1	1	25214	840	1070
ARCH_552	spring	1	1	28865	840	1070
ARCH_553	fall	1	1	25216	840	1070
ARCH_554	spring	1	1	28866	840	1070
ARCH_555	spring	1	1	36979	3540	3640
ARCH_561	fall	1	1	25219	2040	2145
ARCH_562	spring	1	1	28893	3480	3580
ARCH_563	fall	1	1	25221	600	705
ARCH_564	spring	2	1	28892	2040	2090
ARCH_564	spring	2	1	30744	2040	2090
ARCH_565	fall	1	1	48147	840	1070
ARCH_566	fall	4	1	28992	3480	3645
ARCH_566	fall	4	1	30422	3480	3645
ARCH_566	fall	4	1	30424	3480	3650
ARCH_566	fall	4	1	48148	3480	3645
ARCH_567	spring	1	1	47528	840	1070
ARCH_573	spring	1	2	28770	2370	2470	28770	5250	5350
ARCH_574	fall	1	2	28994	1980	2085	28994	4860	4965
ARCH_585	fall	2	1	25227	6360	6525
ARCH_585	fall	2	1	33943	600	770
ARCH_586	spring	2	1	28771	6360	6525
ARCH_586	spring	2	1	30520	6360	6525
ARCH_587	fall	1	1	32732	2370	2535
ARCH_588	spring	1	1	32416	3480	3645
