ENGL_060	fall	1	2	37556	2010	2085	37556	4890	4965
ENGL_101	fall	2	2	22330	600	650	22330	3480	3530
ENGL_101	fall	2	1	25644	2280	2355
ENGL_103	fall	2	2	20645	840	890	20645	3720	3770
ENGL_103	fall	2	1	22349	2100	2175
ENGL_103	spring	2	1	14328	570	645
ENGL_103	spring	2	1	37897	2280	2355
ENGL_104	fall	1	3	26201	780	830	26201	3660	3710	26201	6540	6590
ENGL_104	spring	1	2	29789	2010	2085	29789	4890	4965
ENGL_105	fall	2	1	20595	900	975
ENGL_105	fall	2	1	33744	2100	2175
ENGL_105	spring	1	2	20941	600	650	20941	3480	3530
ENGL_118	fall	1	2	11245	2010	2085	11245	4890	4965
ENGL_119	spring	1	2	14588	570	645	14588	3450	3525
ENGL_123	fall	1	1	19879	2010	2085
ENGL_131	fall	2	1		900	1065
ENGL_131	fall	2	1	47486	3780	3855
ENGL_131	spring	2	1		2370	2445
ENGL_131	spring	2	1	46155	5250	5415
ENGL_132	fall	2	1		2370	2445
ENGL_132	fall	2	1	47454	5250	5415
ENGL_135	fall	2	3	47462	780	830	47462	3660	3710	47462	6540	6590
ENGL_135	fall	2	2	49452	2370	2445	49452	5250	5325
ENGL_135	spring	2	2	46157	1920	1995	46157	4800	4875
ENGL_135	spring	2	3	47976	600	650	47976	3480	3530	47976	6360	6410
ENGL_150	fall	3	2	49436	2010	2085	49436	4890	4965
ENGL_150	fall	3	2	49437	2100	2175	49437	4980	5055
ENGL_150	fall	3	3	49438	600	650	49438	3480	3530	49438	6360	6410
ENGL_150	spring	1	2	47912	2370	2445	47912	5250	5325
ENGL_151	fall	8	3	49443	660	710	49443	3540	3590	49443	6420	6470
ENGL_151	fall	8	3	49444	720	770	49444	3600	3650	49444	6480	6530
ENGL_151	fall	8	2	49445	1920	1995	49445	4800	4875
ENGL_151	fall	8	2	49446	2010	2085	49446	4890	4965
ENGL_151	fall	8	2	49447	2100	2175	49447	4980	5055
ENGL_151	fall	8	3	49448	840	890	49448	3720	3770	49448	6600	6650
ENGL_151	fall	8	2	50518	2190	2265	50518	5070	5145
ENGL_151	fall	8	2	50528	2280	2355	50528	5160	5235
ENGL_151	spring	2	2	47913	2100	2175	47913	4980	5055
ENGL_151	spring	2	2	48053	2010	2085	48053	4890	4965
ENGL_153	fall	1	2	49590	2190	2265	49590	5070	5145
ENGL_153	spring	1	3	47977	780	830	47977	3660	3710	47977	6540	6590
ENGL_154	fall	2	3	47489	600	650	47489	3480	3530	47489	6360	6410
ENGL_154	fall	2	2	47490	2370	2445	47490	5250	5325
ENGL_154	spring	1	3	46159	840	890	46159	3720	3770	46159	6600	6650
ENGL_158	fall	2	2	47491	2280	2355	47491	5160	5235
ENGL_158	fall	2	3	47492	840	890	47492	3720	3770	47492	6600	6650
ENGL_159	fall	13	1	40310	720	770
ENGL_159	fall	13	1	40312	3480	3530
ENGL_159	fall	13	1	40314	6480	6530
ENGL_159	fall	13	1	40751	2010	2060
ENGL_159	fall	13	1	40752	4890	4940
ENGL_159	fall	13	1	41705	600	650
ENGL_159	fall	13	1	41707	6360	6410
ENGL_159	fall	13	1	41708	3600	3650
ENGL_159	fall	13	1	41710	3720	3770
ENGL_159	fall	13	1	42954	5160	5210
ENGL_159	fall	13	1	46708	660	710
ENGL_159	fall	13	1	46709	3540	3590
ENGL_159	fall	13	1	46711	6420	6470
ENGL_159	spring	5	1	40094	540	590
ENGL_159	spring	5	1	40095	3420	3470
ENGL_159	spring	5	1	40382	6300	6350
ENGL_159	spring	5	1	47503	2190	2240
ENGL_159	spring	5	1	47504	5070	5120
ENGL_160	fall	127	3	11330	840	890	11330	3720	3770	11330	6600	6650
ENGL_160	fall	127	2	11331	1920	1995	11331	4800	4875
ENGL_160	fall	127	3	11332	480	530	11332	3360	3410	11332	6240	6290
ENGL_160	fall	127	2	11337	990	1065	11337	3870	3945
ENGL_160	fall	127	3	11339	540	590	11339	3420	3470	11339	6300	6350
ENGL_160	fall	127	2	11341	2460	2535	11341	5340	5415
ENGL_160	fall	127	2	11343	1920	1995	11343	4800	4875
ENGL_160	fall	127	2	11385	2280	2355	11385	5160	5235
ENGL_160	fall	127	2	11390	2280	2355	11390	5160	5235
ENGL_160	fall	127	3	11393	600	650	11393	3480	3530	11393	6360	6410
ENGL_160	fall	127	3	11399	600	650	11399	3480	3530	11399	6360	6410
ENGL_160	fall	127	3	11446	960	1010	11446	3840	3890	11446	6720	6770
ENGL_160	fall	127	2	11458	2100	2175	11458	4980	5055
ENGL_160	fall	127	3	11496	480	530	11496	3360	3410	11496	6240	6290
ENGL_160	fall	127	2	11505	2100	2175	11505	4980	5055
ENGL_160	fall	127	2	11512	2010	2085	11512	4890	4965
ENGL_160	fall	127	3	11526	540	590	11526	3420	3470	11526	6300	6350
ENGL_160	fall	127	2	11534	2190	2265	11534	5070	5145
ENGL_160	fall	127	3	11539	960	1010	11539	3840	3890	11539	6720	6770
ENGL_160	fall	127	2	11543	2010	2085	11543	4890	4965
ENGL_160	fall	127	3	11550	660	710	11550	3540	3590	11550	6420	6470
ENGL_160	fall	127	3	11551	720	770	11551	3600	3650	11551	6480	6530
ENGL_160	fall	127	3	11558	540	590	11558	3420	3470	11558	6300	6350
ENGL_160	fall	127	2	11560	2190	2265	11560	5070	5145
ENGL_160	fall	127	3	11570	660	710	11570	3540	3590	11570	6420	6470
ENGL_160	fall	127	3	11572	720	770	11572	3600	3650	11572	6480	6530
ENGL_160	fall	127	3	11575	780	830	11575	3660	3710	11575	6540	6590
ENGL_160	fall	127	3	11583	660	710	11583	3540	3590	11583	6420	6470
ENGL_160	fall	127	2	11720	2100	2175	11720	4980	5055
ENGL_160	fall	127	3	11727	540	590	11727	3420	3470	11727	6300	6350
ENGL_160	fall	127	2	11731	2280	2355	11731	5160	5235
ENGL_160	fall	127	3	11759	600	650	11759	3480	3530	11759	6360	6410
ENGL_160	fall	127	2	11784	2190	2265	11784	5070	5145
ENGL_160	fall	127	2	11787	2370	2445	11787	5250	5325
ENGL_160	fall	127	3	11788	840	890	11788	3720	3770	11788	6600	6650
ENGL_160	fall	127	2	11791	1920	1995	11791	4800	4875
ENGL_160	fall	127	3	11792	540	590	11792	3420	3470	11792	6300	6350
ENGL_160	fall	127	3	11796	480	530	11796	3360	3410	11796	6240	6290
ENGL_160	fall	127	3	11801	540	590	11801	3420	3470	11801	6300	6350
ENGL_160	fall	127	3	11803	720	770	11803	3600	3650	11803	6480	6530
ENGL_160	fall	127	3	11809	720	770	11809	3600	3650	11809	6480	6530
ENGL_160	fall	127	3	11811	780	830	11811	3660	3710	11811	6540	6590
ENGL_160	fall	127	3	11821	600	650	11821	3480	3530	11821	6360	6410
ENGL_160	fall	127	2	11828	480	555	11828	3360	3435
ENGL_160	fall	127	3	11835	480	530	11835	3360	3410	11835	6240	6290
ENGL_160	fall	127	3	11841	660	710	11841	3540	3590	11841	6420	6470
ENGL_160	fall	127	2	19880	2280	2355	19880	5160	5235
ENGL_160	fall	127	2	21630	990	1065	21630	3870	3945
ENGL_160	fall	127	3	21750	780	830	21750	3660	3710	21750	6540	6590
ENGL_160	fall	127	2	23296	480	555	23296	3360	3435
ENGL_160	fall	127	2	23461	2190	2265	23461	5070	5145
ENGL_160	fall	127	3	24124	540	590	24124	3420	3470	24124	6300	6350
ENGL_160	fall	127	3	25927	720	770	25927	3600	3650	25927	6480	6530
ENGL_160	fall	127	2	27280	2010	2085	27280	4890	4965
ENGL_160	fall	127	3	27282	540	590	27282	3420	3470	27282	6300	6350
ENGL_160	fall	127	3	27283	720	770	27283	3600	3650	27283	6480	6530
ENGL_160	fall	127	2	27284	2010	2085	27284	4890	4965
ENGL_160	fall	127	2	27285	900	975	27285	3780	3855
ENGL_160	fall	127	2	27372	2100	2175	27372	4980	5055
ENGL_160	fall	127	2	27373	2280	2355	27373	5160	5235
ENGL_160	fall	127	3	28743	540	590	28743	3420	3470	28743	6300	6350
ENGL_160	fall	127	2	28744	900	975	28744	3780	3855
ENGL_160	fall	127	3	28745	720	770	28745	3600	3650	28745	6480	6530
ENGL_160	fall	127	3	28746	720	770	28746	3600	3650	28746	6480	6530
ENGL_160	fall	127	3	29462	840	890	29462	3720	3770	29462	6600	6650
ENGL_160	fall	127	2	30663	570	645	30663	3450	3525
ENGL_160	fall	127	3	30664	660	710	30664	3540	3590	30664	6420	6470
ENGL_160	fall	127	2	30667	570	645	30667	3450	3525
ENGL_160	fall	127	3	30668	720	770	30668	3600	3650	30668	6480	6530
ENGL_160	fall	127	3	30965	780	830	30965	3660	3710	30965	6540	6590
ENGL_160	fall	127	3	32837	660	710	32837	3540	3590	32837	6420	6470
ENGL_160	fall	127	2	38941	2280	2355	38941	5160	5235
ENGL_160	fall	127	3	38957	480	530	38957	3360	3410	38957	6240	6290
ENGL_160	fall	127	2	38996	480	555	38996	3360	3435
ENGL_160	fall	127	3	38997	660	710	38997	3540	3590	38997	6420	6470
ENGL_160	fall	127	3	39017	900	950	39017	3780	3830	39017	6660	6710
ENGL_160	fall	127	2	39029	2100	2175	39029	4980	5055
ENGL_160	fall	127	2	39062	2370	2445	39062	5250	5325
ENGL_160	fall	127	3	41620	480	530	41620	3360	3410	41620	6240	6290
ENGL_160	fall	127	2	41621	2010	2085	41621	4890	4965
ENGL_160	fall	127	2	41623	2100	2175	41623	4980	5055
ENGL_160	fall	127	3	41624	1020	1070	41624	3900	3950	41624	6780	6830
ENGL_160	fall	127	3	41625	540	590	41625	3420	3470	41625	6300	6350
ENGL_160	fall	127	2	41711	2370	2445	41711	5250	5325
ENGL_160	fall	127	2	41780	1920	1995	41780	4800	4875
ENGL_160	fall	127	2	41781	2370	2445	41781	5250	5325
ENGL_160	fall	127	3	41782	480	530	41782	3360	3410	41782	6240	6290
ENGL_160	fall	127	2	41807	2280	2355	41807	5160	5235
ENGL_160	fall	127	2	41808	2370	2445	41808	5250	5325
ENGL_160	fall	127	2	41809	2370	2445	41809	5250	5325
ENGL_160	fall	127	2	41810	2010	2085	41810	4890	4965
ENGL_160	fall	127	2	41811	1920	1995	41811	4800	4875
ENGL_160	fall	127	3	41816	480	530	41816	3360	3410	41816	6240	6290
ENGL_160	fall	127	2	42846	2190	2265	42846	5070	5145
ENGL_160	fall	127	3	42863	660	710	42863	3540	3590	42863	6420	6470
ENGL_160	fall	127	3	42864	540	590	42864	3420	3470	42864	6300	6350
ENGL_160	fall	127	2	45817	2460	2535	45817	5340	5415
ENGL_160	fall	127	2	45818	2370	2445	45818	5250	5325
ENGL_160	fall	127	3	46715	660	710	46715	3540	3590	46715	6420	6470
ENGL_160	fall	127	3	46716	660	710	46716	3540	3590	46716	6420	6470
ENGL_160	fall	127	3	46717	600	650	46717	3480	3530	46717	6360	6410
ENGL_160	fall	127	3	46718	780	830	46718	3660	3710	46718	6540	6590
ENGL_160	fall	127	2	46719	2010	2085	46719	4890	4965
ENGL_160	fall	127	3	46720	720	770	46720	3600	3650	46720	6480	6530
ENGL_160	fall	127	2	46721	2100	2175	46721	4980	5055
ENGL_160	fall	127	3	46722	600	650	46722	3480	3530	46722	6360	6410
ENGL_160	fall	127	3	46723	900	950	46723	3780	3830	46723	6660	6710
ENGL_160	fall	127	2	46724	2370	2445	46724	5250	5325
ENGL_160	fall	127	3	46725	720	770	46725	3600	3650	46725	6480	6530
ENGL_160	fall	127	3	46726	480	530	46726	3360	3410	46726	6240	6290
ENGL_160	fall	127	3	46728	720	770	46728	3600	3650	46728	6480	6530
ENGL_160	fall	127	2	46730	570	645	46730	3450	3525
ENGL_160	fall	127	3	46731	660	710	46731	3540	3590	46731	6420	6470
ENGL_160	fall	127	3	46732	720	770	46732	3600	3650	46732	6480	6530
ENGL_160	fall	127	3	46733	720	770	46733	3600	3650	46733	6480	6530
ENGL_160	fall	127	3	46734	540	590	46734	3420	3470	46734	6300	6350
ENGL_160	fall	127	3	46735	540	590	46735	3420	3470	46735	6300	6350
ENGL_160	fall	127	3	46736	660	710	46736	3540	3590	46736	6420	6470
ENGL_160	fall	127	3	46737	660	710	46737	3540	3590	46737	6420	6470
ENGL_160	fall	127	2	46738	2010	2085	46738	4890	4965
ENGL_160	fall	127	2	46739	990	1065	46739	3870	3945
ENGL_160	fall	127	3	46792	540	590	46792	3420	3470	46792	6300	6350
ENGL_160	fall	127	2	46865	2280	2355	46865	5160	5235
ENGL_160	fall	127	3	46866	540	590	46866	3420	3470	46866	6300	6350
ENGL_160	fall	127	2	46867	900	975	46867	3780	3855
ENGL_160	fall	127	3	46868	660	710	46868	3540	3590	46868	6420	6470
ENGL_160	fall	127	2	48885	480	555	48885	3360	3435
ENGL_160	spring	24	3	14354	720	770	14354	3600	3650	14354	6480	6530
ENGL_160	spring	24	2	14355	2010	2085	14355	4890	4965
ENGL_160	spring	24	3	14356	780	830	14356	3660	3710	14356	6540	6590
ENGL_160	spring	24	2	14357	2190	2265	14357	5070	5145
ENGL_160	spring	24	3	14359	840	890	14359	3720	3770	14359	6600	6650
ENGL_160	spring	24	2	14361	2190	2265	14361	5070	5145
ENGL_160	spring	24	2	14364	2100	2175	14364	4980	5055
ENGL_160	spring	24	2	14365	1920	1995	14365	4800	4875
ENGL_160	spring	24	2	14367	2010	2085	14367	4890	4965
ENGL_160	spring	24	3	14372	780	830	14372	3660	3710	14372	6540	6590
ENGL_160	spring	24	2	14374	2190	2265	14374	5070	5145
ENGL_160	spring	24	3	14379	720	770	14379	3600	3650	14379	6480	6530
ENGL_160	spring	24	3	19835	780	830	19835	3660	3710	19835	6540	6590
ENGL_160	spring	24	3	26187	840	890	26187	3720	3770	26187	6600	6650
ENGL_160	spring	24	2	26189	2190	2265	26189	5070	5145
ENGL_160	spring	24	2	26190	2100	2175	26190	4980	5055
ENGL_160	spring	24	2	27287	2100	2175	27287	4980	5055
ENGL_160	spring	24	2	27288	2280	2355	27288	5160	5235
ENGL_160	spring	24	2	38834	2100	2175	38834	4980	5055
ENGL_160	spring	24	2	41136	1920	1995	41136	4800	4875
ENGL_160	spring	24	3	41435	660	710	41435	3540	3590	41435	6420	6470
ENGL_160	spring	24	3	44765	780	830	44765	3660	3710	44765	6540	6590
ENGL_160	spring	24	2	46437	2100	2175	46437	4980	5055
ENGL_160	spring	24	2	46441	2010	2085	46441	4890	4965
ENGL_161	fall	58	2	11853	2010	2085	11853	4890	4965
ENGL_161	fall	58	3	11854	540	590	11854	3420	3470	11854	6300	6350
ENGL_161	fall	58	3	11861	780	830	11861	3660	3710	11861	6540	6590
ENGL_161	fall	58	3	11864	960	1010	11864	3840	3890	11864	6720	6770
ENGL_161	fall	58	3	11868	840	890	11868	3720	3770	11868	6600	6650
ENGL_161	fall	58	2	11875	1920	1995	11875	4800	4875
ENGL_161	fall	58	2	11886	1920	1995	11886	4800	4875
ENGL_161	fall	58	2	11892	2460	2535	11892	5340	5415
ENGL_161	fall	58	3	11922	540	590	11922	3420	3470	11922	6300	6350
ENGL_161	fall	58	3	11924	480	530	11924	3360	3410	11924	6240	6290
ENGL_161	fall	58	3	11932	660	710	11932	3540	3590	11932	6420	6470
ENGL_161	fall	58	3	11935	840	890	11935	3720	3770	11935	6600	6650
ENGL_161	fall	58	3	11950	600	650	11950	3480	3530	11950	6360	6410
ENGL_161	fall	58	3	11956	660	710	11956	3540	3590	11956	6420	6470
ENGL_161	fall	58	2	11958	2280	2355	11958	5160	5235
ENGL_161	fall	58	3	11961	600	650	11961	3480	3530	11961	6360	6410
ENGL_161	fall	58	3	11979	780	830	11979	3660	3710	11979	6540	6590
ENGL_161	fall	58	2	21667	2280	2355	21667	5160	5235
ENGL_161	fall	58	2	21668	2370	2445	21668	5250	5325
ENGL_161	fall	58	2	21697	2280	2355	21697	5160	5235
ENGL_161	fall	58	2	21700	2100	2175	21700	4980	5055
ENGL_161	fall	58	2	21837	990	1065	21837	3870	3945
ENGL_161	fall	58	3	21840	780	830	21840	3660	3710	21840	6540	6590
ENGL_161	fall	58	2	22418	2100	2175	22418	4980	5055
ENGL_161	fall	58	3	22420	780	830	22420	3660	3710	22420	6540	6590
ENGL_161	fall	58	2	23990	2010	2085	23990	4890	4965
ENGL_161	fall	58	2	24008	900	975	24008	3780	3855
ENGL_161	fall	58	3	24055	480	530	24055	3360	3410	24055	6240	6290
ENGL_161	fall	58	3	25953	780	830	25953	3660	3710	25953	6540	6590
ENGL_161	fall	58	2	25972	900	975	25972	3780	3855
ENGL_161	fall	58	2	25973	2010	2085	25973	4890	4965
ENGL_161	fall	58	2	27288	2190	2265	27288	5070	5145
ENGL_161	fall	58	3	27376	720	770	27376	3600	3650	27376	6480	6530
ENGL_161	fall	58	3	27565	720	770	27565	3600	3650	27565	6480	6530
ENGL_161	fall	58	2	28747	2370	2445	28747	5250	5325
ENGL_161	fall	58	2	28749	2190	2265	28749	5070	5145
ENGL_161	fall	58	2	29283	2100	2175	29283	4980	5055
ENGL_161	fall	58	2	29333	1080	1155	29333	3960	4035
ENGL_161	fall	58	3	29334	600	650	29334	3480	3530	29334	6360	6410
ENGL_161	fall	58	2	30670	2190	2265	30670	5070	5145
ENGL_161	fall	58	3	30673	780	830	30673	3660	3710	30673	6540	6590
ENGL_161	fall	58	2	30674	2370	2445	30674	5250	5325
ENGL_161	fall	58	2	32676	1920	1995	32676	4800	4875
ENGL_161	fall	58	2	33322	2190	2265	33322	5070	5145
ENGL_161	fall	58	2	33987	2100	2175	33987	4980	5055
ENGL_161	fall	58	2	35789	2190	2265	35789	5070	5145
ENGL_161	fall	58	2	40443	2280	2355	40443	5160	5235
ENGL_161	fall	58	2	40444	2010	2085	40444	4890	4965
ENGL_161	fall	58	2	40445	2370	2445	40445	5250	5325
ENGL_161	fall	58	2	40446	2190	2265	40446	5070	5145
ENGL_161	fall	58	2	40447	2190	2265	40447	5070	5145
ENGL_161	fall	58	3	41712	840	890	41712	3720	3770	41712	6600	6650
ENGL_161	fall	58	3	42937	900	950	42937	3780	3830	42937	6660	6710
ENGL_161	fall	58	3	42938	840	890	42938	3720	3770	42938	6600	6650
ENGL_161	fall	58	2	42939	2190	2265	42939	5070	5145
ENGL_161	fall	58	2	42940	2460	2535	42940	5340	5415
ENGL_161	fall	58	3	42941	720	770	42941	3600	3650	42941	6480	6530
ENGL_161	fall	58	2	42942	2190	2265	42942	5070	5145
ENGL_161	spring	119	3	14381	960	1010	14381	3840	3890	14381	6720	6770
ENGL_161	spring	119	2	14382	2190	2265	14382	5070	5145
ENGL_161	spring	119	3	14383	840	890	14383	3720	3770	14383	6600	6650
ENGL_161	spring	119	2	14384	480	555	14384	3360	3435
ENGL_161	spring	119	3	14386	540	590	14386	3420	3470	14386	6300	6350
ENGL_161	spring	119	3	14387	660	710	14387	3540	3590	14387	6420	6470
ENGL_161	spring	119	3	14388	480	530	14388	3360	3410	14388	6240	6290
ENGL_161	spring	119	2	14389	2280	2355	14389	5160	5235
ENGL_161	spring	119	2	14390	2280	2355	14390	5160	5235
ENGL_161	spring	119	2	14391	2460	2535	14391	5340	5415
ENGL_161	spring	119	3	14392	540	590	14392	3420	3470	14392	6300	6350
ENGL_161	spring	119	2	14394	2100	2175	14394	4980	5055
ENGL_161	spring	119	2	14396	1920	1995	14396	4800	4875
ENGL_161	spring	119	3	14397	720	770	14397	3600	3650	14397	6480	6530
ENGL_161	spring	119	2	14398	480	555	14398	3360	3435
ENGL_161	spring	119	2	14399	570	645	14399	3450	3525
ENGL_161	spring	119	2	14401	1920	1995	14401	4800	4875
ENGL_161	spring	119	3	14402	600	650	14402	3480	3530	14402	6360	6410
ENGL_161	spring	119	3	14404	840	890	14404	3720	3770	14404	6600	6650
ENGL_161	spring	119	3	14405	840	890	14405	3720	3770	14405	6600	6650
ENGL_161	spring	119	3	14408	600	650	14408	3480	3530	14408	6360	6410
ENGL_161	spring	119	2	14409	2010	2085	14409	4890	4965
ENGL_161	spring	119	3	14411	780	830	14411	3660	3710	14411	6540	6590
ENGL_161	spring	119	3	14412	840	890	14412	3720	3770	14412	6600	6650
ENGL_161	spring	119	3	14413	900	950	14413	3780	3830	14413	6660	6710
ENGL_161	spring	119	3	14414	780	830	14414	3660	3710	14414	6540	6590
ENGL_161	spring	119	2	14415	1920	1995	14415	4800	4875
ENGL_161	spring	119	2	14417	2190	2265	14417	5070	5145
ENGL_161	spring	119	2	14418	2460	2535	14418	5340	5415
ENGL_161	spring	119	3	14420	780	830	14420	3660	3710	14420	6540	6590
ENGL_161	spring	119	2	14422	1920	1995	14422	4800	4875
ENGL_161	spring	119	2	14425	2370	2445	14425	5250	5325
ENGL_161	spring	119	3	14428	900	950	14428	3780	3830	14428	6660	6710
ENGL_161	spring	119	2	14431	900	975	14431	3780	3855
ENGL_161	spring	119	3	14432	660	710	14432	3540	3590	14432	6420	6470
ENGL_161	spring	119	2	14433	2010	2085	14433	4890	4965
ENGL_161	spring	119	3	14434	480	530	14434	3360	3410	14434	6240	6290
ENGL_161	spring	119	2	14435	2190	2265	14435	5070	5145
ENGL_161	spring	119	3	14438	960	1010	14438	3840	3890	14438	6720	6770
ENGL_161	spring	119	3	14439	660	710	14439	3540	3590	14439	6420	6470
ENGL_161	spring	119	2	14442	2100	2175	14442	4980	5055
ENGL_161	spring	119	2	14443	2280	2355	14443	5160	5235
ENGL_161	spring	119	2	14444	2280	2355	14444	5160	5235
ENGL_161	spring	119	3	14445	660	710	14445	3540	3590	14445	6420	6470
ENGL_161	spring	119	2	14446	2280	2355	14446	5160	5235
ENGL_161	spring	119	2	14447	900	975	14447	3780	3855
ENGL_161	spring	119	3	14449	720	770	14449	3600	3650	14449	6480	6530
ENGL_161	spring	119	3	14450	660	710	14450	3540	3590	14450	6420	6470
ENGL_161	spring	119	2	14451	2100	2175	14451	4980	5055
ENGL_161	spring	119	2	14453	2100	2175	14453	4980	5055
ENGL_161	spring	119	3	14454	840	890	14454	3720	3770	14454	6600	6650
ENGL_161	spring	119	2	14456	2370	2445	14456	5250	5325
ENGL_161	spring	119	3	14457	720	770	14457	3600	3650	14457	6480	6530
ENGL_161	spring	119	2	14458	2280	2355	14458	5160	5235
ENGL_161	spring	119	2	14460	2370	2445	14460	5250	5325
ENGL_161	spring	119	2	14462	2370	2445	14462	5250	5325
ENGL_161	spring	119	2	14463	2010	2085	14463	4890	4965
ENGL_161	spring	119	3	14465	480	530	14465	3360	3410	14465	6240	6290
ENGL_161	spring	119	3	14466	780	830	14466	3660	3710	14466	6540	6590
ENGL_161	spring	119	2	14468	2370	2445	14468	5250	5325
ENGL_161	spring	119	3	14469	720	770	14469	3600	3650	14469	6480	6530
ENGL_161	spring	119	3	14470	540	590	14470	3420	3470	14470	6300	6350
ENGL_161	spring	119	2	14471	2010	2085	14471	4890	4965
ENGL_161	spring	119	2	14472	2190	2265	14472	5070	5145
ENGL_161	spring	119	3	14473	540	590	14473	3420	3470	14473	6300	6350
ENGL_161	spring	119	3	14474	780	830	14474	3660	3710	14474	6540	6590
ENGL_161	spring	119	2	22117	2100	2175	22117	4980	5055
ENGL_161	spring	119	3	25973	600	650	25973	3480	3530	25973	6360	6410
ENGL_161	spring	119	3	26192	540	590	26192	3420	3470	26192	6300	6350
ENGL_161	spring	119	2	26881	2280	2355	26881	5160	5235
ENGL_161	spring	119	2	26882	2010	2085	26882	4890	4965
ENGL_161	spring	119	2	29118	1920	1995	29118	4800	4875
ENGL_161	spring	119	2	29120	2460	2535	29120	5340	5415
ENGL_161	spring	119	3	30805	480	530	30805	3360	3410	30805	6240	6290
ENGL_161	spring	119	2	32286	2100	2175	32286	4980	5055
ENGL_161	spring	119	2	32288	2280	2355	32288	5160	5235
ENGL_161	spring	119	2	32289	2190	2265	32289	5070	5145
ENGL_161	spring	119	2	32290	2370	2445	32290	5250	5325
ENGL_161	spring	119	3	32291	600	650	32291	3480	3530	32291	6360	6410
ENGL_161	spring	119	2	32292	2280	2355	32292	5160	5235
ENGL_161	spring	119	2	32293	2190	2265	32293	5070	5145
ENGL_161	spring	119	2	32295	2010	2085	32295	4890	4965
ENGL_161	spring	119	2	40110	900	975	40110	3780	3855
ENGL_161	spring	119	2	41131	2280	2355	41131	5160	5235
ENGL_161	spring	119	3	41601	900	950	41601	3780	3830	41601	6660	6710
ENGL_161	spring	119	2	42528	1920	1995	42528	4800	4875
ENGL_161	spring	119	2	42529	2280	2355	42529	5160	5235
ENGL_161	spring	119	2	42684	570	645	42684	3450	3525
ENGL_161	spring	119	3	42685	720	770	42685	3600	3650	42685	6480	6530
ENGL_161	spring	119	2	42686	2010	2085	42686	4890	4965
ENGL_161	spring	119	2	42687	1920	1995	42687	4800	4875
ENGL_161	spring	119	3	42688	780	830	42688	3660	3710	42688	6540	6590
ENGL_161	spring	119	3	43491	600	650	43491	3480	3530	43491	6360	6410
ENGL_161	spring	119	2	43492	990	1065	43492	3870	3945
ENGL_161	spring	119	2	43493	2190	2265	43493	5070	5145
ENGL_161	spring	119	3	43494	660	710	43494	3540	3590	43494	6420	6470
ENGL_161	spring	119	3	43495	840	890	43495	3720	3770	43495	6600	6650
ENGL_161	spring	119	3	43519	840	890	43519	3720	3770	43519	6600	6650
ENGL_161	spring	119	2	43520	1920	1995	43520	4800	4875
ENGL_161	spring	119	3	44763	840	890	44763	3720	3770	44763	6600	6650
ENGL_161	spring	119	3	44764	480	530	44764	3360	3410	44764	6240	6290
ENGL_161	spring	119	3	47380	660	710	47380	3540	3590	47380	6420	6470
ENGL_161	spring	119	3	47382	600	650	47382	3480	3530	47382	6360	6410
ENGL_161	spring	119	3	47383	780	830	47383	3660	3710	47383	6540	6590
ENGL_161	spring	119	3	47384	780	830	47384	3660	3710	47384	6540	6590
ENGL_161	spring	119	3	47385	660	710	47385	3540	3590	47385	6420	6470
ENGL_161	spring	119	2	47386	990	1065	47386	3870	3945
ENGL_161	spring	119	3	47394	720	770	47394	3600	3650	47394	6480	6530
ENGL_161	spring	119	3	47505	780	830	47505	3660	3710	47505	6540	6590
ENGL_161	spring	119	3	47506	540	590	47506	3420	3470	47506	6300	6350
ENGL_161	spring	119	2	47645	2190	2265	47645	5070	5145
ENGL_161	spring	119	2	47672	2100	2175	47672	4980	5055
ENGL_161	spring	119	3	48059	840	890	48059	3720	3770	48059	6600	6650
ENGL_161	spring	119	2	48309	1920	1995	48309	4800	4875
ENGL_161	spring	119	2	48310	2100	2175	48310	4980	5055
ENGL_161	spring	119	2	48311	2190	2265	48311	5070	5145
ENGL_161	spring	119	3	48312	540	590	48312	3420	3470	48312	6300	6350
ENGL_161	spring	119	3	48313	600	650	48313	3480	3530	48313	6360	6410
ENGL_161	spring	119	3	48314	660	710	48314	3540	3590	48314	6420	6470
ENGL_175	spring	1	2	46190	720	770	46190	3600	3650
ENGL_203	fall	1	3	49517	720	770	49517	3600	3650	49517	6480	6530
ENGL_207	fall	6	1	47517	2100	2175
ENGL_207	fall	6	2	47519	660	710	47519	3540	3590
ENGL_207	fall	6	1	47521	2280	2355
ENGL_207	fall	6	1	47523	2190	2265
ENGL_207	fall	6	2	47525	840	890	47525	3720	3770
ENGL_207	fall	6	1	47527	2010	2085
ENGL_207	spring	4	2	46163	780	830	46163	3660	3710
ENGL_207	spring	4	1	46164	2280	2355
ENGL_207	spring	4	2	46166	840	890	46166	3720	3770
ENGL_207	spring	4	1	46167	1920	1995
ENGL_208	fall	1	2	47528	660	710	47528	3540	3590
ENGL_208	spring	1	2	46099	600	650	46099	3480	3530
ENGL_209	fall	1	2	47533	720	770	47533	3600	3650
ENGL_209	spring	1	2	46583	660	710	46583	3540	3590
ENGL_213	fall	2	2	47459	840	890	47459	3720	3770
ENGL_213	fall	2	1	47461	2100	2175
ENGL_213	spring	2	1	46497	900	975
ENGL_213	spring	2	1	46498	2280	2355
ENGL_223	fall	1	3	47474	780	830	47474	3660	3710	47474	6540	6590
ENGL_223	spring	1	3	46499	840	890	46499	3720	3770	46499	6600	6650
ENGL_229	fall	1	2	43803	990	1065	43803	3870	3945
ENGL_229	spring	1	2	47085	2280	2355	47085	5160	5235
ENGL_230	fall	2	1		900	975
ENGL_230	fall	2	1	47484	3780	3945
ENGL_230	spring	3	2		900	975		2370	2445
ENGL_230	spring	3	1	46500	5250	5415
ENGL_230	spring	3	1	46501	3780	3945
ENGL_232	fall	1	1	12118	3660	3770
ENGL_233	spring	1	1	14590	900	1010
ENGL_234	fall	1	2	29021	570	645	29021	3450	3525
ENGL_236	fall	1	3	48468	780	830	48468	3660	3710	48468	6540	6590
ENGL_236	spring	1	2	46171	2370	2445	46171	5250	5325
ENGL_237	fall	2	2	47578	2280	2355	47578	5160	5235
ENGL_237	fall	2	3	48469	600	650	48469	3480	3530	48469	6360	6410
ENGL_237	spring	2	3	46172	720	770	46172	3600	3650	46172	6480	6530
ENGL_237	spring	2	2	48034	2280	2355	48034	5160	5235
ENGL_238	fall	2	2	48450	2280	2355	48450	5160	5235
ENGL_238	fall	2	2	49739	2100	2175	49739	4980	5055
ENGL_238	spring	2	3	46173	780	830	46173	3660	3710	46173	6540	6590
ENGL_238	spring	2	3	48035	720	770	48035	3600	3650	48035	6480	6530
ENGL_243	fall	5	2	12200	660	710	12200	3540	3590
ENGL_243	fall	5	1	27430	3780	3855
ENGL_243	fall	5	2	36960	840	890	36960	3720	3770
ENGL_243	fall	5	3	36962	780	830	36962	3660	3710	36962	6540	6590
ENGL_243	fall	5	1	36964	2100	2175
ENGL_245	fall	2	2	47475	2190	2265	47475	5070	5145
ENGL_245	fall	2	3	47477	540	590	47477	3420	3470	47477	6300	6350
ENGL_245	spring	2	2	46174	2010	2085	46174	4890	4965
ENGL_245	spring	2	3	46175	600	650	46175	3480	3530	46175	6360	6410
ENGL_247	fall	2	2	47465	2280	2355	47465	5160	5235
ENGL_247	fall	2	3	47467	780	830	47467	3660	3710	47467	6540	6590
ENGL_247	spring	2	2	46177	1920	1995	46177	4800	4875
ENGL_247	spring	2	3	46178	720	770	46178	3600	3650	46178	6480	6530
ENGL_251	fall	1	2	47638	2190	2265	47638	5070	5145
ENGL_253	fall	1	3	48452	660	710	48452	3540	3590	48452	6420	6470
ENGL_258	fall	1	2	49577	2190	2265	49577	5070	5145
ENGL_258	spring	1	2	46502	2280	2355	46502	5160	5235
ENGL_260	fall	2	2	24489	2100	2175	24489	4980	5055
ENGL_260	fall	2	2	48418	900	975	48418	3780	3855
ENGL_261	fall	1	2	27175	900	975	27175	3780	3855
ENGL_261	spring	1	2	38023	2190	2265	38023	5070	5145
ENGL_262	fall	1	2	33575	2280	2355	33575	5160	5235
ENGL_264	fall	1	2	49507	2190	2265	49507	5070	5145
ENGL_264	spring	1	3	46180	720	770	46180	3600	3650	46180	6480	6530
ENGL_265	fall	1	2	30336	2190	2265	30336	5070	5145
ENGL_266	fall	1	2	47089	990	1065	47089	3870	3945
ENGL_267	fall	3	1	47590	900	975
ENGL_267	fall	3	1	47592	900	975
ENGL_267	fall	3	1	48651	2010	2085
ENGL_269	fall	1	3	47471	720	770	47471	3600	3650	47471	6480	6530
ENGL_270	fall	1	2	44731	900	975	44731	3780	3855
ENGL_280	fall	3	3	47495	720	770	47495	3600	3650	47495	6480	6530
ENGL_280	fall	3	3	47496	600	650	47496	3480	3530	47496	6360	6410
ENGL_280	fall	3	3	47498	540	590	47498	3420	3470	47498	6300	6350
ENGL_280	spring	4	2	46184	2010	2085	46184	4890	4965
ENGL_280	spring	4	2	46186	1920	1995	46186	4800	4875
ENGL_280	spring	4	3	46187	540	590	46187	3420	3470	46187	6300	6350
ENGL_280	spring	4	3	46986	780	830	46986	3660	3710	46986	6540	6590
ENGL_282	fall	3	1	47510	3450	3525
ENGL_282	fall	3	1	47512	2280	2355
ENGL_282	fall	3	1	47514	3780	3855
ENGL_282	spring	4	1	46189	3450	3525
ENGL_282	spring	4	1	46191	3780	3855
ENGL_282	spring	4	1	46192	2370	2445
ENGL_282	spring	4	1	46987	2280	2355
ENGL_290	fall	2	3	47506	600	650	47506	3480	3530	47506	6360	6410
ENGL_290	fall	2	2	47507	2100	2175	47507	4980	5055
ENGL_290	spring	1	3	46194	720	770	46194	3600	3650	46194	6480	6530
ENGL_291	fall	3	2	47508	2100	2175	47508	4980	5055
ENGL_291	fall	3	3	47509	720	770	47509	3600	3650	47509	6480	6530
ENGL_291	fall	3	2	48862	2280	2355	48862	5160	5235
ENGL_291	spring	3	2	46195	2370	2445	46195	5250	5325
ENGL_291	spring	3	3	46196	720	770	46196	3600	3650	46196	6480	6530
ENGL_291	spring	3	2	46197	2280	2355	46197	5160	5235
ENGL_292	fall	1	2	47494	2010	2085	47494	4890	4965
ENGL_295	fall	1	2	33860	900	975	33860	3780	3855
ENGL_295	spring	1	2	34683	2280	2355	34683	5160	5235
ENGL_297	fall	1	2	42256	2280	2355	42256	5160	5235
ENGL_303	fall	1	3	29861	720	770	29861	3600	3650	29861	6480	6530
ENGL_303	spring	1	2	34226	2190	2265	34226	5070	5145
ENGL_305	fall	3	3	29269	780	830	29269	3660	3710	29269	6540	6590
ENGL_305	fall	3	2	38379	2100	2175	38379	4980	5055
ENGL_305	fall	3	2	44139	900	975	44139	3780	3855
ENGL_305	spring	1	2	33168	2100	2175	33168	4980	5055
ENGL_311	fall	1	2	27719	900	975	27719	3780	3855
ENGL_312	fall	1	3	33323	660	710	33323	3540	3590	33323	6420	6470
ENGL_313	fall	1	1	34171	900	975
ENGL_315	fall	1	2	29611	990	1065	29611	3870	3945
ENGL_316	fall	1	2	49170	2280	2355	49170	5160	5235
ENGL_317	fall	1	2	26236	2280	2355	26236	5160	5235
ENGL_319	fall	1	3	42057	600	650	42057	3480	3530	42057	6360	6410
ENGL_322	fall	1	2	48320	2370	2445	48320	5250	5325
ENGL_324	fall	2	3	35460	720	770	35460	3600	3650	35460	6480	6530
ENGL_324	fall	2	2	47260	2370	2445	47260	5250	5325
ENGL_325	fall	1	2	34477	2190	2265	34477	5070	5145
ENGL_328	fall	1	3	19897	600	650	19897	3480	3530	19897	6360	6410
ENGL_329	fall	1	2	49975	2100	2175	49975	4980	5055
ENGL_331	spring	1	2	48289	2280	2355	48289	5160	5235
ENGL_335	fall	1	2	47536	900	975	47536	3780	3855
ENGL_335	spring	1	3	46577	720	770	46577	3600	3650	46577	6480	6530
ENGL_345	fall	1	2	49118	2190	2265	49118	5070	5145
ENGL_351	fall	1	2	37202	2100	2175	37202	4980	5055
ENGL_378	fall	1	2	48095	2010	2085	48095	4890	4965
ENGL_379	fall	1	1	47779	0	0
ENGL_379	spring	1	1	46759	0	0
ENGL_380	fall	2	2	47537	900	975	47537	3780	3855
ENGL_380	fall	2	2	47538	570	645	47538	3450	3525
ENGL_380	spring	1	2	47979	2010	2085	47979	4890	4965
ENGL_382	fall	1	2	44817	2010	2085	44817	4890	4965
ENGL_382	spring	2	2	38558	2010	2085	38558	4890	4965
ENGL_382	spring	2	3	42660	780	830	42660	3660	3710	42660	6540	6590
ENGL_383	fall	1	3	49508	660	710	49508	3540	3590	49508	6420	6470
ENGL_383	spring	1	2	39948	2280	2355	39948	5160	5235
ENGL_384	fall	1	3	43391	660	710	43391	3540	3590	43391	6420	6470
ENGL_384	spring	1	2	43679	2100	2175	43679	4980	5055
ENGL_388	spring	1	3	46602	780	830	46602	3660	3710	46602	6540	6590
ENGL_389	fall	1	2	47580	2100	2175	47580	4980	5055
ENGL_406	fall	2	2	48318	2370	2445	48318	5250	5325
ENGL_406	fall	2	2	48319	2370	2445	48319	5250	5325
ENGL_409	fall	2	2	47585	2460	2535	47585	5340	5415
ENGL_409	fall	2	2	47586	2460	2535	47586	5340	5415
ENGL_411	fall	2	2	47539	2190	2265	47539	5070	5145
ENGL_411	fall	2	2	47540	2190	2265	47540	5070	5145
ENGL_411	spring	2	2	46992	990	1065	46992	3870	3945
ENGL_411	spring	2	2	46993	990	1065	46993	3870	3945
ENGL_413	fall	2	2	33328	2100	2175	33328	4980	5055
ENGL_413	fall	2	2	33330	2100	2175	33330	4980	5055
ENGL_414	fall	2	2	49957	2280	2355	49957	5160	5235
ENGL_414	fall	2	2	49958	2280	2355	49958	5160	5235
ENGL_422	fall	2	2	35516	2460	2535	35516	5340	5415
ENGL_422	fall	2	2	35517	2460	2535	35517	5340	5415
ENGL_422	spring	2	2	43656	900	975	43656	3780	3855
ENGL_422	spring	2	2	43657	900	975	43657	3780	3855
ENGL_424	fall	4	2	47581	2460	2535	47581	5340	5415
ENGL_424	fall	4	2	47582	2460	2535	47582	5340	5415
ENGL_424	fall	4	1	48076	3780	3930
ENGL_424	fall	4	1	48077	3780	3930
ENGL_425	fall	2	2	47583	2190	2265	47583	5070	5145
ENGL_425	fall	2	2	47584	2190	2265	47584	5070	5145
ENGL_430	fall	2	2	47546	2100	2175	47546	4980	5055
ENGL_430	fall	2	2	47547	2100	2175	47547	4980	5055
ENGL_430	spring	2	1	48037	3720	3890
ENGL_430	spring	2	1	48038	3720	3890
ENGL_435	fall	4	2	47556	2370	2445	47556	5250	5325
ENGL_435	fall	4	2	47557	2370	2445	47557	5250	5325
ENGL_435	fall	4	2	49514	2370	2445	49514	5250	5325
ENGL_435	fall	4	2	49515	2370	2445	49515	5250	5325
ENGL_435	spring	2	3	47130	840	890	47130	3720	3770	47130	6600	6650
ENGL_435	spring	2	3	47131	840	890	47131	3720	3770	47131	6600	6650
ENGL_441	fall	2	2	35523	2100	2175	35523	4980	5055
ENGL_441	fall	2	2	35524	2100	2175	35524	4980	5055
ENGL_443	fall	2	2	37552	2280	2355	37552	5160	5235
ENGL_443	fall	2	2	37554	2280	2355	37554	5160	5235
ENGL_444	fall	2	2	40728	2280	2355	40728	5160	5235
ENGL_444	fall	2	2	40729	2280	2355	40729	5160	5235
ENGL_446	fall	4	1	31743	930	1095
ENGL_446	fall	4	1	31744	930	1095
ENGL_446	fall	4	2	35759	2100	2175	35759	4980	5055
ENGL_446	fall	4	2	35760	2100	2175	35760	4980	5055
ENGL_452	fall	2	1	48620	2280	2450
ENGL_452	fall	2	1	48621	2280	2450
ENGL_453	fall	2	1	48373	2280	2450
ENGL_453	fall	2	1	48374	2280	2450
ENGL_453	spring	2	1	46589	5250	5415
ENGL_453	spring	2	1	46590	5250	5415
ENGL_466	fall	2	2	47554	900	975	47554	3780	3855
ENGL_466	fall	2	2	47555	900	975	47555	3780	3855
ENGL_467	fall	2	2	47548	2280	2355	47548	5160	5235
ENGL_467	fall	2	2	47549	2280	2355	47549	5160	5235
ENGL_473	fall	4	1	21672	5250	5400
ENGL_473	fall	4	1	21673	5250	5400
ENGL_473	fall	4	1	35771	5250	5400
ENGL_473	fall	4	1	35812	5250	5400
ENGL_486	fall	2	2	47023	2190	2265	47023	5070	5145
ENGL_486	fall	2	2	47024	2190	2265	47024	5070	5145
ENGL_486	spring	2	2	19256	2190	2265	19256	5070	5145
ENGL_486	spring	2	2	19257	2190	2265	19257	5070	5145
ENGL_488	fall	2	2	48771	2370	2445	48771	5250	5325
ENGL_488	fall	2	2	48772	2370	2445	48772	5250	5325
ENGL_488	spring	2	2	47113	2370	2445	47113	5250	5325
ENGL_488	spring	2	2	47114	2370	2445	47114	5250	5325
ENGL_490	fall	2	2	12504	2100	2175	12504	4980	5055
ENGL_490	fall	2	2	20335	2100	2175	20335	4980	5055
ENGL_490	spring	2	2	29430	570	645	29430	3450	3525
ENGL_490	spring	2	2	29431	570	645	29431	3450	3525
ENGL_491	fall	4	2	12509	2010	2085	12509	4890	4965
ENGL_491	fall	4	2	20342	2010	2085	20342	4890	4965
ENGL_491	fall	4	2	35763	2190	2265	35763	5070	5145
ENGL_491	fall	4	2	35764	2190	2265	35764	5070	5145
ENGL_491	spring	4	3	19260	720	770	19260	3600	3650	19260	6480	6530
ENGL_491	spring	4	3	19261	720	770	19261	3600	3650	19261	6480	6530
ENGL_491	spring	4	2	22828	2010	2085	22828	4890	4965
ENGL_491	spring	4	2	22829	2010	2085	22829	4890	4965
ENGL_492	fall	2	3	12510	840	890	12510	3720	3770	12510	6600	6650
ENGL_492	fall	2	3	20346	840	890	20346	3720	3770	20346	6600	6650
ENGL_492	spring	2	1	14549	5340	5510
ENGL_492	spring	2	1	19262	5340	5510
ENGL_493	fall	1	1	25243	0	0
ENGL_493	spring	1	1	26976	0	0
ENGL_496	fall	1	1	49959	2280	2355
ENGL_496	spring	1	1	41077	3450	3525
ENGL_497	fall	1	1	47760	0	0
ENGL_497	spring	1	1	46795	0	0
ENGL_498	fall	1	1	12518	0	0
ENGL_498	spring	1	1	14554	0	0
ENGL_499	fall	1	1	12530	0	0
ENGL_499	spring	1	1	14560	0	0
ENGL_500	fall	1	1	22397	3900	4070
ENGL_503	fall	1	1	21006	6480	6650
ENGL_507	fall	2	1	33616	1020	1190
ENGL_507	fall	2	1	35520	900	1070
ENGL_517	fall	1	1	35521	2460	2630
ENGL_520	fall	1	1	40725	3720	3890
ENGL_525	fall	1	1	34459	5160	5330
ENGL_527	fall	1	1	31746	3720	3890
ENGL_537	fall	1	1	33331	5340	5510
ENGL_540	fall	1	1	35522	2460	2630
ENGL_541	fall	1	1	48746	1020	1190
ENGL_545	fall	1	1	33332	840	1010
ENGL_547	fall	1	1	34988	5160	5325
ENGL_547	spring	1	1	33141	840	1010
ENGL_554	spring	1	1	34331	2460	2630
ENGL_555	fall	1	1	12546	840	1010
ENGL_555	spring	1	1	42659	3900	4070
ENGL_557	fall	1	1	23604	2460	2630
ENGL_570	fall	1	2	33612	2370	2445	33612	5250	5325
ENGL_570	spring	1	1	35448	5160	5330
ENGL_571	fall	1	1	33333	5340	5510
ENGL_571	spring	1	1	14577	2460	2630
ENGL_573	fall	1	1	44779	840	1010
ENGL_574	fall	1	1	33334	840	1010
ENGL_580	fall	1	1	38166	2460	2630
ENGL_580	spring	1	1	35414	3720	3890
ENGL_583	fall	1	1	36968	5340	5510
ENGL_585	fall	1	1	29630	1020	1190
ENGL_585	spring	1	1	47425	1020	1190
ENGL_588	fall	2	1	48386	1020	1190
ENGL_588	fall	2	1	48624	3720	3890
ENGL_590	fall	1	1	48690	1020	1190
ENGL_591	fall	1	1	25925	0	0
ENGL_591	spring	1	1	24174	0	0
ENGL_592	fall	1	1	32577	0	0
ENGL_592	spring	1	1	11357	0	0
ENGL_596	fall	1	1	17834	0	0
ENGL_596	spring	1	1	11372	0	0
ENGL_597	fall	1	1	36797	0	0
ENGL_597	spring	1	1	11391	0	0
ENGL_599	fall	1	1	17935	0	0
ENGL_599	spring	1	1	11439	0	0
