BPS__494	fall	1	1	48560	2250	2300
BPS__542	spring	1	1	29778	810	920
BPS__570	fall	1	1	33237	1980	2090
BPS__573	fall	1	1	42202	3420	3590
BPS__580	fall	1	1	15589	570	680
BPS__581	spring	1	1	46151	570	740
BPS__582	spring	1	1	14197	5160	5330
BPS__583	fall	1	1	15598	5160	5330
BPS__584	fall	1	1	48064	2190	2360
BPS__585	fall	1	1	30234	4920	5095
BPS__586	spring	1	1	14184	1950	2060
BPS__587	fall	1	1	30235	2070	2120
BPS__587	spring	1	1	30050	2070	2120
BPS__588	spring	1	1	14185	4890	5060
BPS__595	fall	1	1	15799	3570	3645
BPS__595	spring	1	1	14190	3570	3650
