LRSC___500	3	1	28809	2220	2390
LRSC___500	3	1	47501	2220	2390
LRSC___500	3	1	48577	3420	3590
LRSC___501	3	1	30252	3420	3590
LRSC___501	3	1	42051	780	950
LRSC___501	3	1	48578	4860	5030
LRSC___511	3	1	32130	5100	5270
LRSC___511	3	1	44959	4860	5040
LRSC___511	3	1	45484	1980	2150
LRSC___512	1	1	49380	5100	5280
LRSC___513	1	1	46397	5100	5270
LRSC___540	3	1	26957	6450	6630
LRSC___540	3	1	42059	6450	6630
LRSC___540	3	1	47687	6540	6630
LRSC___594	3	1	44993	3900	4080
LRSC___594	3	1	49591	1980	2160
LRSC___594	3	1	49594	5340	5520
