ME___118	fall	1	2	48600	2010	2085	48600	4890	4965
ME___205	fall	2	3	12405	840	890	12405	3720	3770	12405	6600	6650
ME___205	fall	2	3	35098	600	650	35098	3480	3530	35098	6360	6410
ME___205	spring	2	3	15795	840	890	15795	3720	3770	15795	6600	6650
ME___205	spring	2	3	38129	540	590	38129	3420	3470	38129	6300	6350
ME___210	fall	2	3	12407	600	650	12407	3480	3530	12407	6360	6410
ME___210	fall	2	3	43498	900	950	43498	3780	3830	43498	6660	6710
ME___210	spring	2	3	15796	600	650	15796	3480	3530	15796	6360	6410
ME___210	spring	2	3	38130	720	770	38130	3600	3650	38130	6480	6530
ME___211	fall	2	3	12429	780	830	12429	3660	3710	12429	6540	6590
ME___211	fall	2	3	35391	660	710	35391	3540	3590	35391	6420	6470
ME___211	spring	2	3	21434	780	830	21434	3660	3710	21434	6540	6590
ME___211	spring	2	3	38070	840	890	38070	3720	3770	38070	6600	6650
ME___250	fall	5	3	12457	600	650	12457	3480	3530	12457	6360	6410
ME___250	fall	5	3	35096	720	770	35096	3600	3650	35096	6480	6530
ME___250	fall	5	3	36752	840	890	36752	3720	3770	36752	6600	6650
ME___250	fall	5	3	38912	960	1010	38912	3840	3890	38912	6720	6770
ME___250	fall	5	2	43500	2190	2250	43500	5070	5130
ME___250	spring	3	3	15805	540	590	15805	3420	3470	15805	6300	6350
ME___250	spring	3	3	35050	900	950	35050	3780	3830	35050	6660	6710
ME___250	spring	3	3	36292	660	710	36292	3540	3590	36292	6420	6470
ME___261	fall	1	3	12472	840	890	12472	3720	3770	12472	6600	6650
ME___261	spring	1	3	24298	840	890	24298	3720	3770	24298	6600	6650
ME___293	fall	1	1	33537	0	0
ME___293	spring	1	1	31473	0	0
ME___308	fall	1	3	29574	720	770	29574	3600	3650	29574	6480	6530
ME___308	spring	2	3	15806	780	830	15806	3660	3710	15806	6540	6590
ME___308	spring	2	3	35710	540	590	35710	3420	3470	35710	6300	6350
ME___312	fall	2	2	22457	2280	2355	22457	5160	5235
ME___312	fall	2	3	43501	600	650	43501	3480	3530	43501	6360	6410
ME___312	spring	2	2	19567	2190	2265	19567	5070	5145
ME___312	spring	2	3	35719	960	1010	35719	3840	3890	35719	6720	6770
ME___320	fall	2	2	12477	2370	2445	12477	5250	5325
ME___320	fall	2	3	48430	900	950	48430	3780	3830	48430	6660	6710
ME___320	spring	1	2	15808	2280	2355	15808	5160	5235
ME___321	fall	2	3	12488	600	650	12488	3480	3530	12488	6360	6410
ME___321	fall	2	3	39449	660	710	39449	3540	3590	39449	6420	6470
ME___321	spring	2	3	15812	840	890	15812	3720	3770	15812	6600	6650
ME___321	spring	2	3	37327	660	710	37327	3540	3590	37327	6420	6470
ME___325	fall	2	3	12491	720	770	12491	3600	3650	12491	6480	6530
ME___325	fall	2	3	35400	840	890	35400	3720	3770	35400	6600	6650
ME___325	spring	2	3	15813	660	710	15813	3540	3590	15813	6420	6470
ME___325	spring	2	3	38817	540	590	38817	3420	3470	38817	6300	6350
ME___328	fall	2	3	49735	780	830	49735	3660	3710	49735	6540	6590
ME___328	fall	2	3	49930	720	770	49930	3600	3650	49930	6480	6530
ME___328	spring	2	3	48020	720	770	48020	3600	3650	48020	6480	6530
ME___328	spring	2	3	48025	660	710	48025	3540	3590	48025	6420	6470
ME___341	fall	1	2	12500	900	950	12500	3780	3830
ME___341	spring	1	2	36800	960	1010	36800	3840	3890
ME___347	fall	1	2	40150	540	590	40150	3420	3470
ME___347	spring	2	2	40126	720	770	40126	3600	3650
ME___347	spring	2	2	43177	600	650	43177	3480	3530
ME___370	fall	2	3	33053	660	710	33053	3540	3590	33053	6420	6470
ME___370	fall	2	3	35401	900	950	35401	3780	3830	35401	6660	6710
ME___370	spring	2	3	33178	840	890	33178	3720	3770	33178	6600	6650
ME___370	spring	2	3	42477	780	830	42477	3660	3710	42477	6540	6590
ME___380	fall	2	2	12554	2460	2535	12554	5340	5415
ME___380	fall	2	3	35402	540	590	35402	3420	3470	35402	6300	6350
ME___380	spring	2	3	15847	540	590	15847	3420	3470	15847	6300	6350
ME___380	spring	2	3	42668	600	650	42668	3480	3530	42668	6360	6410
ME___392	fall	1	1	33539	0	0
ME___392	spring	1	1	31474	0	0
ME___394	fall	1	1	37426	0	0
ME___396	fall	4	2	12555	2010	2060	12555	4890	4940
ME___396	fall	4	2	37914	840	890	37914	3720	3770
ME___396	fall	4	2	40060	960	1010	40060	3840	3890
ME___396	fall	4	2	40900	2190	2240	40900	5070	5120
ME___397	fall	1	1	38145	0	0
ME___397	spring	1	1	37339	0	0
ME___401	fall	2	2	32254	2280	2355	32254	5160	5235
ME___401	fall	2	2	32255	2280	2355	32255	5160	5235
ME___401	spring	2	3	47247	720	770	47247	3600	3650	47247	6480	6530
ME___401	spring	2	3	47248	720	770	47248	3600	3650	47248	6480	6530
ME___408	fall	1	1	30919	0	0
ME___410	fall	2	3	44818	600	650	44818	3480	3530	44818	6360	6410
ME___410	fall	2	3	44819	600	650	44819	3480	3530	44819	6360	6410
ME___411	fall	2	2	32259	600	650	32259	3480	3530
ME___411	fall	2	2	32260	600	650	32260	3480	3530
ME___412	fall	2	2	39453	1020	1095	39453	3900	3975
ME___412	fall	2	2	39454	1020	1095	39454	3900	3975
ME___413	fall	2	2	40947	2370	2445	40947	5250	5325
ME___413	fall	2	2	40948	2370	2445	40948	5250	5325
ME___415	spring	2	2	33271	2190	2265	33271	5070	5145
ME___415	spring	2	2	33389	2190	2265	33389	5070	5145
ME___416	fall	2	2	44820	2370	2445	44820	5250	5325
ME___416	fall	2	2	44821	2370	2445	44821	5250	5325
ME___419	fall	2	2	31434	2280	2355	31434	5160	5235
ME___419	fall	2	2	31443	2280	2355	31443	5160	5235
ME___421	fall	2	3	12506	720	770	12506	3600	3650	12506	6480	6530
ME___421	fall	2	3	20381	720	770	20381	3600	3650	20381	6480	6530
ME___422	fall	2	3	33075	660	710	33075	3540	3590	33075	6420	6470
ME___422	fall	2	3	33429	660	710	33429	3540	3590	33429	6420	6470
ME___423	fall	1	1	30973	0	0
ME___424	fall	2	2	32699	2460	2535	32699	5340	5415
ME___424	fall	2	2	32700	2460	2535	32700	5340	5415
ME___426	spring	2	2	31455	2280	2355	31455	5160	5235
ME___426	spring	2	2	31903	2280	2355	31903	5160	5235
ME___429	fall	2	2	29092	960	1035	29092	3840	3915
ME___429	fall	2	2	29093	960	1035	29093	3840	3915
ME___444	fall	2	1	39039	2220	2390
ME___444	fall	2	1	39040	2220	2390
ME___445	spring	1	1	31457	2370	2550
ME___449	spring	2	2	19209	2010	2085	19209	4890	4965
ME___449	spring	2	2	23636	2010	2085	23636	4890	4965
ME___450	fall	2	2	49933	960	1035	49933	3840	3915
ME___450	fall	2	2	49934	960	1035	49934	3840	3915
ME___453	fall	2	3	50407	540	590	50407	3420	3470	50407	6300	6350
ME___453	fall	2	3	50408	540	590	50408	3420	3470	50408	6300	6350
ME___464	fall	1	1	12557	0	0
ME___481	fall	2	2	49200	2370	2445	49200	5250	5325
ME___481	fall	2	2	49201	2370	2445	49201	5250	5325
ME___494	fall	2	2	39097	2370	2445	39097	5250	5325
ME___494	fall	2	2	48920	2370	2445	48920	5250	5325
ME___494	spring	4	2	32346	2370	2445	32346	5250	5325
ME___494	spring	4	2	32347	2370	2445	32347	5250	5325
ME___494	spring	4	2	33578	2370	2445	33578	5250	5325
ME___494	spring	4	2	33579	2370	2445	33579	5250	5325
ME___496	fall	1	1	41954	0	0
ME___497	fall	1	1	41908	0	0
ME___497	spring	1	1	40408	0	0
ME___499	fall	1	1	27805	3900	3950
ME___499	spring	1	1	38363	3900	3950
ME___501	fall	1	2	33077	2190	2265	33077	5070	5145
ME___502	fall	1	2	49199	2190	2265	49199	5070	5145
ME___504	fall	1	2	33078	2370	2445	33078	5250	5325
ME___504	spring	1	2	39400	2010	2085	39400	4890	4965
ME___505	fall	1	2	31436	2370	2445	31436	5250	5325
ME___508	fall	1	1	33079	0	0
ME___510	fall	1	2	47106	840	915	47106	3720	3795
ME___512	fall	1	2	35405	1050	1125	35405	3930	4005
ME___514	fall	1	2	44822	2010	2085	44822	4890	4965
ME___515	fall	1	2	40742	540	615	40742	3420	3495
ME___517	fall	1	2	48458	2010	2085	48458	4890	4965
ME___518	fall	1	2	39468	2280	2355	39468	5160	5235
ME___520	fall	1	2	49395	2280	2355	49395	5160	5235
ME___521	spring	1	2	33279	960	1035	33279	3840	3915
ME___524	fall	1	1	31439	0	0
ME___525	fall	1	2	49204	2370	2445	49204	5250	5325
ME___528	fall	2	2	32258	780	855	32258	3660	3735
ME___528	fall	2	2	40645	2190	2265	40645	5070	5145
ME___533	fall	1	1	28664	0	0
ME___536	fall	1	2	40743	2190	2265	40743	5070	5145
ME___541	fall	1	2	49494	990	1065	49494	3870	3945
ME___542	fall	1	2	45845	2280	2355	45845	5160	5235
ME___547	fall	2	3	39521	840	890	39521	3720	3770	39521	6600	6650
ME___547	fall	2	1	40683	3840	3990
ME___547	spring	1	2	24396	840	915	24396	3720	3795
ME___562	fall	1	1	42663	900	1050
ME___574	fall	1	2	49611	2370	2445	49611	5250	5325
ME___594	fall	2	2	38559	2370	2445	38559	5250	5325
ME___594	fall	2	2	40660	2010	2085	40660	4890	4965
ME___594	spring	1	2	39828	570	645	39828	3450	3525
ME___595	fall	1	1	29579	0	0
ME___595	spring	1	1	24438	0	0
ME___596	fall	1	1	33541	0	0
ME___596	spring	1	1	31478	0	0
ME___598	fall	1	1	22294	0	0
ME___598	spring	1	1	31480	0	0
ME___599	fall	1	1	33545	0	0
ME___599	spring	1	1	31481	0	0
