POL___101	3	3	13161	720	770	13161	3600	3650	13161	6480	6530
POL___101	3	4	13162	540	590	13162	1980	2030	13162	3420	3470	13162	4860	4910
POL___101	3	3	35418	600	650	35418	3480	3530	35418	6360	6410
POL___102	1	3	18059	660	710	18059	3540	3590	18059	6420	6470
POL___103	3	3	13163	480	530	13163	3360	3410	13163	6240	6290
POL___103	3	4	22878	720	770	22878	2160	2210	22878	3600	3650	22878	5040	5090
POL___103	3	3	35419	660	710	35419	3540	3590	35419	6420	6470
POL___104	3	3	34332	840	890	34332	3720	3770	34332	6600	6650
POL___104	3	3	35481	660	710	35481	3540	3590	35481	6420	6470
POL___104	3	3	41533	600	650	41533	3480	3530	41533	6360	6410
POL___115	1	2	37146	2190	2265	37146	5070	5145
POL___120	1	3	32280	600	650	32280	3480	3530	32280	6360	6410
POL___130	1	2	24966	2190	2265	24966	5070	5145
POL___140	1	2	34368	2190	2265	34368	5070	5145
POL___150	2	2	35426	2280	2355	35426	5160	5235
POL___150	2	2	35482	2190	2265	35482	5070	5145
POL___201	1	3	34735	600	650	34735	3480	3530	34735	6360	6410
POL___202	1	3	34333	780	830	34333	3660	3710	34333	6540	6590
POL___203	1	3	48497	780	830	48497	3660	3710	48497	6540	6590
POL___204	1	3	49506	780	830	49506	3660	3710	49506	6540	6590
POL___220	1	2	37534	2280	2355	37534	5160	5235
POL___234	2	2	30602	2100	2175	30602	4980	5055
POL___234	2	2	40950	2190	2265	40950	5070	5145
POL___242	1	1	48103	2370	2445
POL___321	1	2	26955	2370	2445	26955	5250	5325
POL___460	4	1	31360	5340	5490
POL___460	4	1	31788	5340	5490
POL___460	4	1	40803	2370	2520
POL___460	4	1	40804	2370	2520
POL___535	1	1	35424	3780	3945
POL___570	1	1	48366	2370	2520
