GER___101	7	3	11648	720	770	11648	3600	3650	11648	6480	6530
GER___101	7	3	11650	660	710	11650	3540	3590	11650	6420	6470
GER___101	7	3	11655	660	710	11655	3540	3590	11655	6420	6470
GER___101	7	3	15902	720	770	15902	3600	3650	15902	6480	6530
GER___101	7	3	22160	600	650	22160	3480	3530	22160	6360	6410
GER___101	7	3	23514	780	830	23514	3660	3710	23514	6540	6590
GER___101	7	3	30195	780	830	30195	3660	3710	30195	6540	6590
GER___102	5	3	11660	660	710	11660	3540	3590	11660	6420	6470
GER___102	5	3	11661	660	710	11661	3540	3590	11661	6420	6470
GER___102	5	3	15906	720	770	15906	3600	3650	15906	6480	6530
GER___102	5	3	31389	660	710	31389	3540	3590	31389	6420	6470
GER___102	5	3	31598	600	650	31598	3480	3530	31598	6360	6410
GER___103	4	3	11671	660	710	11671	3540	3590	11671	6420	6470
GER___103	4	3	15911	780	830	15911	3660	3710	15911	6540	6590
GER___103	4	3	30197	600	650	30197	3480	3530	30197	6360	6410
GER___103	4	3	39765	780	830	39765	3660	3710	39765	6540	6590
GER___104	3	3	11672	840	890	11672	3720	3770	11672	6600	6650
GER___104	3	3	11673	780	830	11673	3660	3710	11673	6540	6590
GER___104	3	3	15914	600	650	15914	3480	3530	15914	6360	6410
GER___120	1	3	34366	540	590	34366	3420	3470	34366	6300	6350
GER___123	1	3	31599	720	770	31599	3600	3650	31599	6480	6530
GER___125	1	3	33311	840	890	33311	3720	3770	33311	6600	6650
GER___207	1	2	39448	2370	2445	39448	5250	5325
GER___211	1	2	11679	2280	2355	11679	5160	5235
GER___212	1	2	42090	2280	2355	42090	5160	5235
GER___217	2	2	26521	2010	2085	26521	4890	4965
GER___217	2	2	29710	2190	2265	29710	5070	5145
GER___219	1	2	23225	2010	2085	23225	4890	4965
GER___240	1	2	37083	2370	2445	37083	5250	5325
GER___302	1	2	41056	2280	2355	41056	5160	5235
GER___310	2	2	32265	2190	2265	32265	5070	5145
GER___310	2	3	37417	540	590	37417	3420	3470	37417	6300	6350
GER___311	1	2	41146	2190	2265	41146	5070	5145
GER___318	1	2	31601	2100	2175	31601	4980	5055
GER___333	1	2	37078	2190	2265	37078	5070	5145
GER___401	2	3	40806	840	890	40806	3720	3770	40806	6600	6650
GER___401	2	3	41572	840	890	41572	3720	3770	41572	6600	6650
GER___408	2	2	37617	2280	2355	37617	5160	5235
GER___408	2	2	37618	2280	2355	37618	5160	5235
GER___411	1	1	38268	3780	3945
GER___437	2	1	31606	3780	3945
GER___437	2	1	32269	3780	3945
GER___439	2	1	37079	2370	2535
GER___439	2	1	37080	2370	2535
GER___448	2	1	11708	5250	5400
GER___448	2	1	20312	5250	5400
GER___487	2	2	48637	570	645	48637	3450	3525
GER___487	2	2	48638	570	645	48638	3450	3525
GER___494	1	1	30207	3840	3950
GER___500	1	2	47573	2010	2085	47573	4890	4965
GER___513	1	2	38609	2010	2085	38609	4890	4965
GER___514	2	1	30435	5250	5400
GER___514	2	1	33119	2460	2610
GER___515	1	1	43603	900	1050
GER___531	2	1	38269	5250	5400
GER___531	2	1	42257	2460	2610
GER___540	2	1	34246	2370	2535
GER___540	2	1	37418	2460	2610
GER___550	2	1	31394	3780	3930
GER___550	2	1	49581	2370	2520
