GER___101	4
GER___102	4
GER___103	4
GER___104	4
GER___120	3
GER___123	3
GER___125	3
GER___207	3
GER___211	3
GER___212	3
GER___214	3
GER___217	4
GER___219	3
GER___240	3
GER___299	0,1,2,3,4,5,6,7,8,9,10,11,12,13,14,15,16,17,18
GER___300	1
GER___302	3
GER___310	3
GER___311	3
GER___318	3
GER___333	3
GER___398	3
GER___399	1,2,3,4
GER___401	4
GER___408	4
GER___411	4
GER___437	4
GER___439	4
GER___448	4
GER___461	0,1,2,3,4,5,6,7,8,9,10,11,12,13,14,15,16,17,18
GER___487	4
GER___492	0,1,2,3,4,5,6,7,8,9,10,11,12,13
GER___493	1,2,3,4,5
GER___494	6
GER___495	6
GER___500	4
GER___513	4
GER___514	4
GER___515	4
GER___531	4
GER___540	4
GER___550	4
GER___593	4
GER___596	1,2,3,4,5
GER___598	0,1,2,3,4,5,6,7,8,9,10,11,12,13,14,15,16,17
GER___599	0,1,2,3,4,5,6,7,8,9,10,11,12,13,14,15,16,17
