FR___101	fall	6	3	12394	660	710	12394	3540	3590	12394	6420	6470
FR___101	fall	6	2	12396	1920	1995	12396	4800	4875
FR___101	fall	6	3	12402	720	770	12402	3600	3650	12402	6480	6530
FR___101	fall	6	3	12403	780	830	12403	3660	3710	12403	6540	6590
FR___101	fall	6	3	12404	540	590	12404	3420	3470	12404	6300	6350
FR___101	fall	6	3	48903	600	650	48903	3480	3530	48903	6360	6410
FR___101	spring	4	3	15609	540	590	15609	3420	3470	15609	6300	6350
FR___101	spring	4	3	15611	660	710	15611	3540	3590	15611	6420	6470
FR___101	spring	4	3	15613	840	890	15613	3720	3770	15613	6600	6650
FR___101	spring	4	3	28369	720	770	28369	3600	3650	28369	6480	6530
FR___102	fall	4	3	12406	540	590	12406	3420	3470	12406	6300	6350
FR___102	fall	4	3	12408	780	830	12408	3660	3710	12408	6540	6590
FR___102	fall	4	3	12410	600	650	12410	3480	3530	12410	6360	6410
FR___102	fall	4	2	12411	1920	1995	12411	4800	4875
FR___102	spring	3	3	15615	600	650	15615	3480	3530	15615	6360	6410
FR___102	spring	3	3	15616	780	830	15616	3660	3710	15616	6540	6590
FR___102	spring	3	3	15618	660	710	15618	3540	3590	15618	6420	6470
FR___103	fall	7	3	12412	840	890	12412	3720	3770	12412	6600	6650
FR___103	fall	7	3	12413	600	650	12413	3480	3530	12413	6360	6410
FR___103	fall	7	3	12419	780	830	12419	3660	3710	12419	6540	6590
FR___103	fall	7	3	20768	660	710	20768	3540	3590	20768	6420	6470
FR___103	fall	7	3	25832	540	590	25832	3420	3470	25832	6300	6350
FR___103	fall	7	3	38923	900	950	38923	3780	3830	38923	6660	6710
FR___103	fall	7	3	39293	780	830	39293	3660	3710	39293	6540	6590
FR___103	spring	4	3	15620	600	650	15620	3480	3530	15620	6360	6410
FR___103	spring	4	3	15621	540	590	15621	3420	3470	15621	6300	6350
FR___103	spring	4	3	15622	660	710	15622	3540	3590	15622	6420	6470
FR___103	spring	4	3	45981	780	830	45981	3660	3710	45981	6540	6590
FR___104	fall	5	3	12421	720	770	12421	3600	3650	12421	6480	6530
FR___104	fall	5	3	12423	480	530	12423	3360	3410	12423	6240	6290
FR___104	fall	5	3	12425	660	710	12425	3540	3590	12425	6420	6470
FR___104	fall	5	3	12427	840	890	12427	3720	3770	12427	6600	6650
FR___104	fall	5	3	40495	660	710	40495	3540	3590	40495	6420	6470
FR___104	spring	4	3	15625	600	650	15625	3480	3530	15625	6360	6410
FR___104	spring	4	3	15626	780	830	15626	3660	3710	15626	6540	6590
FR___104	spring	4	3	15627	840	890	15627	3720	3770	15627	6600	6650
FR___104	spring	4	3	15629	720	770	15629	3600	3650	15629	6480	6530
FR___191	fall	1	2	39284	570	645	39284	3450	3525
FR___196	fall	1	2	44079	2280	2355	44079	5160	5235
FR___196	spring	1	2	43144	2280	2355	43144	5160	5235
FR___210	spring	1	2	48332	2190	2265	48332	5070	5145
FR___211	fall	1	2	43294	2370	2445	43294	5250	5325
FR___212	fall	1	2	43295	2280	2355	43295	5160	5235
FR___212	spring	1	2	42700	2280	2355	42700	5160	5235
FR___213	fall	1	2	49114	2100	2175	49114	4980	5055
FR___213	spring	1	2	42701	2190	2265	42701	5070	5145
FR___214	fall	1	2	43297	2190	2265	43297	5070	5145
FR___214	spring	1	2	42702	2010	2085	42702	4890	4965
FR___215	spring	1	2	48333	900	975	48333	3780	3855
FR___295	spring	1	2	47522	2370	2445	47522	5250	5325
FR___297	fall	1	2	33696	900	975	33696	3780	3855
FR___298	fall	1	1	39285	3780	3945
FR___298	spring	1	2	33003	2100	2175	33003	4980	5055
FR___300	spring	1	2	42703	2280	2355	42703	5160	5235
FR___301	fall	1	2	12439	2280	2355	12439	5160	5235
FR___302	spring	1	2	24955	2100	2175	24955	4980	5055
FR___400	fall	2	1	43296	2370	2520
FR___400	fall	2	1	44017	2370	2520
FR___417	fall	2	1	35483	2370	2520
FR___417	fall	2	1	35484	2370	2520
FR___418	spring	2	1	34101	1020	1170
FR___418	spring	2	1	34102	1020	1170
FR___420	fall	2	1	42087	3900	4050
FR___420	fall	2	1	45101	3900	4050
FR___420	spring	2	1	39268	1020	1170
FR___420	spring	2	1	39854	1020	1170
FR___422	fall	4	1	38242	2370	2535
FR___422	fall	4	1	38741	2370	2535
FR___422	fall	4	1	42624	3780	3930
FR___422	fall	4	1	42625	3780	3930
FR___422	spring	2	1	31747	2370	2520
FR___422	spring	2	1	31748	2370	2520
FR___440	fall	2	1	40807	2370	2520
FR___440	fall	2	1	41145	2370	2520
FR___448	fall	2	1	12449	5250	5400
FR___448	fall	2	1	20311	5250	5400
FR___449	spring	2	1	37226	5250	5400
FR___449	spring	2	1	37227	5250	5400
FR___464	fall	2	1	31236	900	1050
FR___464	fall	2	1	32075	900	1050
FR___470	fall	1	1	12459	3840	3950
FR___470	spring	1	1	15642	3840	3950
FR___494	fall	2	1	34743	5340	5505
FR___494	fall	2	1	34744	5355	5505
FR___510	fall	1	1	12470	5340	5490
FR___510	spring	1	1	24991	3900	4050
FR___570	fall	1	1	47031	2460	2610
FR___570	spring	1	1	32100	3780	3930
