MLS__115	fall	1	1	14977	3960	4035
MLS__115	spring	1	1	14917	0	0
MLS__131	fall	3	2	14979	600	675	14979	3480	3555
MLS__131	fall	3	2	15209	2040	2115	15209	4920	4995
MLS__131	fall	3	1	15556	0	0
MLS__131	spring	2	2	14918	600	675	14918	3480	3555
MLS__131	spring	2	1	15096	0	0
MLS__132	fall	2	1	14980	5040	5220
MLS__132	fall	2	1	14981	0	0
MLS__132	spring	1	1	14919	720	890
MLS__225	fall	2	1	15172	1080	1200
MLS__225	fall	2	1	15173	0	0
MLS__225	spring	1	1	14921	0	0
MLS__415	fall	1	1	15574	540	660
MLS__425	fall	1	1	15575	720	900
MLS__432	fall	1	1	15576	3600	3780
MLS__433	fall	1	2	15582	1920	2040	15582	3360	3480
MLS__434	spring	1	1	15606	3600	3770
MLS__442	spring	1	1	15074	2160	2330
MLS__443	spring	1	2	15608	1920	2040	15608	3360	3480
MLS__448	fall	1	1	15000	0	0
MLS__449	fall	1	1	15001	2160	2340
MLS__468	spring	1	1	15075	5040	5270
MLS__477	fall	1	1	15254	0	0
MLS__487	fall	1	1	15162	0	0
MLS__488	spring	1	1	15077	0	0
MLS__496	spring	1	1	15078	0	0
MLS__497	fall	1	1	15255	600	780
MLS__498	spring	1	1	15079	600	780
