ARAB_101	fall	5	4		540	590		600	650		660	710		720	770
ARAB_101	fall	5	3	10001	2100	2150	10001	3540	3590	10001	4980	5030
ARAB_101	fall	5	3	10002	2160	2210	10002	3600	3650	10002	5040	5090
ARAB_101	fall	5	3	34306	2040	2090	34306	3480	3530	34306	4920	4970
ARAB_101	fall	5	3	38233	1980	2030	38233	3420	3470	38233	4860	4910
ARAB_102	spring	5	1		840	890
ARAB_102	spring	5	3	17745	2160	2210	17745	3600	3650	17745	5040	5090
ARAB_102	spring	5	3	17746	2040	2090	17746	3480	3530	17746	4920	4970
ARAB_102	spring	5	3	34126	1980	2030	34126	3420	3470	34126	4860	4910
ARAB_102	spring	5	3	48522	2280	2330	48522	3720	3770	48522	5160	5210
ARAB_103	fall	4	2	10007	2190	2265	10007	5070	5145
ARAB_103	fall	4	2	21577	2010	2085	21577	4890	4965
ARAB_103	fall	4	2	34920	2100	2175	34920	4980	5055
ARAB_103	fall	4	2	50396	2010	2085	50396	4890	4965
ARAB_103	spring	1	3	48049	2220	2270	48049	3660	3710	48049	5100	5150
ARAB_104	fall	1	2	49104	2190	2265	49104	5070	5145
ARAB_104	spring	4	2	17747	2010	2085	17747	4890	4965
ARAB_104	spring	4	2	20546	2100	2175	20546	4980	5055
ARAB_104	spring	4	2	34127	2100	2175	34127	4980	5055
ARAB_104	spring	4	2	38678	2010	2085	38678	4890	4965
ARAB_105	fall	1	1	49911	0	0
ARAB_105	spring	1	2	47523	2010	2085	47523	4890	4965
ARAB_201	fall	1	2	33619	2100	2175	33619	4980	5055
ARAB_202	fall	1	2	49976	2100	2175	49976	4980	5055
ARAB_202	spring	1	2	41565	2190	2265	41565	5070	5145
ARAB_203	spring	1	2	47485	2190	2265	47485	5070	5145
ARAB_222	spring	1	2	46733	990	1065	46733	3870	3945
ARAB_230	fall	1	2	33620	2190	2265	33620	5070	5145
ARAB_230	spring	1	2	48048	2280	2355	48048	5160	5235
ARAB_270	fall	1	2	49221	2280	2355	49221	5160	5235
ARAB_270	spring	1	2	35423	2280	2355	35423	5160	5235
ARAB_299	fall	1	1	26758	0	0
ARAB_299	spring	1	1	36406	0	0
