UPP___403	4
UPP___405	0,1,2,3,4,5
UPP___452	4
UPP___453	4
UPP___458	2
UPP___459	2
UPP___461	4
UPP___462	4
UPP___465	0,1,2,3,4,5,6
UPP___493	1,2,3,4,5
UPP___500	4
UPP___501	4
UPP___502	4
UPP___505	4
UPP___506	4
UPP___508	4
UPP___530	4
UPP___531	4
UPP___533	4
UPP___540	4
UPP___541	4
UPP___542	4
UPP___550	4
UPP___553	4
UPP___556	4,5,6,7,8,9
UPP___557	4
UPP___558	4
UPP___560	4
UPP___562	4
UPP___565	1,2,3,4,5
UPP___566	4
UPP___567	4
UPP___570	4
UPP___571	4
UPP___572	4
UPP___575	4
UPP___583	4
UPP___588	4
UPP___590	0,1,2,3,4,5
UPP___592	1,2,3,4,5,6,7,8,9,10,11,12,13,14,15,16,17,18,19
UPP___593	1,2,3,4,5,6,7,8,9
UPP___594	1,2,3,4,5
UPP___595	2
UPP___596	1,2,3,4,5
UPP___597	0,1,2,3,4,5
UPP___598	0,1,2,3,4,5,6,7,8,9,10,11,12,13,14,15,16,17
UPP___599	0,1,2,3,4,5,6,7,8,9,10,11,12,13,14,15,16,17
