BME__101	fall	1	2	46480	2010	2085	46480	4890	4965
BME__101	spring	1	2	45207	2010	2085	45207	4890	4965
BME__102	fall	1	1	46481	6360	6410
BME__102	spring	1	1	45209	6360	6410
BME__205	fall	1	2	46482	2100	2175	46482	4980	5055
BME__205	spring	1	2	45210	2100	2175	45210	4980	5055
BME__240	fall	1	2	46528	990	1065	46528	3870	3945
BME__240	spring	1	2	45413	2370	2445	45413	5250	5325
BME__250	fall	1	3	46483	840	890	46483	3720	3770	46483	6600	6650
BME__250	spring	1	3	45371	780	830	45371	3660	3710	45371	6540	6590
BME__310	fall	1	2	46484	2100	2175	46484	4980	5055
BME__310	spring	1	2	45372	2100	2175	45372	4980	5055
BME__325	fall	1	2	46529	2190	2265	46529	5070	5145
BME__325	spring	1	2	45373	900	975	45373	3780	3855
BME__332	fall	1	2	47732	2010	2085	47732	4890	4965
BME__332	spring	1	2	46405	2010	2085	46405	4890	4965
BME__339	fall	1	2	46485	570	645	46485	3450	3525
BME__339	spring	1	2	45431	990	1065	45431	3870	3945
BME__394	fall	1	2	47735	660	735	47735	3540	3615
BME__394	spring	1	1	47310	3720	3770
BME__396	fall	1	2	46530	1920	1995	46530	4800	4875
BME__397	spring	1	2	45476	1920	1995	45476	4800	4875
BME__398	fall	1	1	47318	0	0
BME__398	spring	1	1	46069	0	0
BME__399	spring	2	1	45516	3660	3710
BME__399	spring	2	1	47111	3600	3650
BME__402	spring	2	1	46528	2160	2260
BME__402	spring	2	1	46529	2160	2260
BME__403	fall	2	2	47463	480	530	47463	3360	3410
BME__403	fall	2	2	47464	480	530	47464	3360	3410
BME__407	spring	2	3	45935	840	890	45935	3720	3770	45935	6600	6650
BME__407	spring	2	3	45936	840	890	45936	3720	3770	45936	6600	6650
BME__408	fall	2	1	47472	660	750
BME__408	fall	2	1	47473	660	750
BME__408	spring	2	1	47255	720	830
BME__408	spring	2	1	47256	720	830
BME__410	fall	2	2	48463	660	735	48463	3540	3615
BME__410	fall	2	2	48464	660	735	48464	3540	3615
BME__410	spring	2	2	45477	2280	2355	45477	5160	5235
BME__410	spring	2	2	45478	2280	2355	45478	5160	5235
BME__415	fall	2	1	46501	750	890
BME__415	fall	2	1	46502	750	890
BME__421	fall	2	2	46531	2370	2445	46531	5250	5325
BME__421	fall	2	2	46532	2370	2445	46532	5250	5325
BME__422	spring	2	2	45482	825	900	45482	3705	3780
BME__422	spring	2	2	45483	825	900	45483	3705	3780
BME__423	spring	1	1	45510	0	0
BME__439	fall	1	2	49383	570	645	49383	3450	3525
BME__450	spring	2	1		840	890
BME__450	spring	2	2	46899	2280	2355	46899	5160	5235
BME__452	spring	2	2	45485	2280	2355	45485	5160	5235
BME__452	spring	2	2	45487	2280	2355	45487	5160	5235
BME__455	spring	2	2	45494	570	645	45494	3450	3525
BME__455	spring	2	2	45496	570	645	45496	3450	3525
BME__456	spring	1	1	45503	0	0
BME__460	fall	2	2	47116	2280	2355	47116	5160	5235
BME__460	fall	2	2	47117	2280	2355	47117	5160	5235
BME__460	spring	2	2	45517	2460	2535	45517	5340	5415
BME__460	spring	2	2	45518	2460	2535	45518	5340	5415
BME__462	spring	2	2	45965	2190	2265	45965	5070	5145
BME__462	spring	2	2	45966	2190	2265	45966	5070	5145
BME__471	fall	2	2	46503	750	825	46503	3630	3705
BME__471	fall	2	2	46504	750	825	46504	3630	3705
BME__472	fall	2	2	46505	2460	2535	46505	5340	5415
BME__472	fall	2	2	46506	2460	2535	46506	5340	5415
BME__475	spring	2	2	45521	2370	2445	45521	5250	5325
BME__475	spring	2	2	45522	2370	2445	45522	5250	5325
BME__479	fall	1	1	47189	0	0
BME__479	spring	1	1	45524	0	0
BME__480	fall	2	2	46533	990	1065	46533	3870	3945
BME__480	fall	2	2	46534	990	1065	46534	3870	3945
BME__481	fall	1	1	46538	0	0
BME__483	spring	2	2	45528	900	975	45528	3780	3855
BME__483	spring	2	2	45529	900	975	45529	3780	3855
BME__494	fall	4	2	46507	2010	2085	46507	4890	4965
BME__494	fall	4	2	46508	2010	2085	46508	4890	4965
BME__494	fall	4	2	46509	900	975	46509	3780	3855
BME__494	fall	4	2	46510	900	975	46510	3780	3855
BME__494	spring	3	2	45780	2010	2085	45780	4890	4965
BME__494	spring	3	2	45781	2010	2085	45781	4890	4965
BME__494	spring	3	1	47311	2190	2265
BME__504	fall	1	1	48477	660	750
BME__520	fall	1	2	49394	2280	2355	49394	5160	5235
BME__525	fall	1	1	46535	3480	3630
BME__530	fall	1	2	46516	2010	2085	46516	4890	4965
BME__530	spring	1	2	47939	2010	2085	47939	4890	4965
BME__534	fall	1	2	49615	2100	2175	49615	4980	5055
BME__538	spring	1	2	45544	2100	2175	45544	4980	5055
BME__540	fall	1	2	46536	480	555	46536	3360	3435
BME__542	fall	1	2	48445	900	975	48445	3780	3855
BME__548	fall	1	2	49218	2100	2175	49218	4980	5055
BME__562	fall	1	1	46523	900	1050
BME__564	spring	1	2	47261	2190	2265	47261	5070	5145
BME__571	fall	2	1		660	710
BME__571	fall	2	2	50356	2100	2175	50356	4980	5055
BME__574	fall	1	2	49610	2370	2445	49610	5250	5325
BME__575	fall	1	2	46537	2280	2355	46537	5160	5235
BME__576	fall	1	2	47733	2280	2355	47733	5160	5235
BME__580	fall	1	2	49280	900	975	49280	3780	3855
BME__586	fall	1	2	48152	900	975	48152	3780	3855
BME__594	fall	1	1	46521	3540	3615
BME__594	spring	2	1	45441	3540	3615
BME__594	spring	2	1	47418	870	920
BME__595	fall	1	1	46517	3660	3710
BME__595	spring	1	1	45346	3720	3770
BME__596	fall	1	1	47670	0	0
BME__596	spring	1	1	45717	0	0
BME__598	fall	1	1	47886	0	0
BME__598	spring	1	1	45847	0	0
BME__599	fall	1	1	47997	0	0
BME__599	spring	1	1	45916	0	0
