MPH__222	fall	1	1	13560	0	0
MPH__408	fall	1	1	13550	0	0
MPH__408	spring	1	1	13249	0	0
MPH__449	fall	2	1	14067	0	0
MPH__449	fall	2	1	15131	0	0
MPH__449	spring	2	1	14505	0	0
MPH__449	spring	2	1	14778	0	0
MPH__478	fall	1	1	13551	0	0
MPH__478	spring	1	1	13656	0	0
MPH__501	fall	2	1	15086	0	0
MPH__501	fall	2	1	15108	5400	5610
MPH__501	spring	1	1	14988	0	0
MPH__503	fall	2	1	13558	0	0
MPH__503	fall	2	1	13901	1080	1290
MPH__503	spring	1	1	13254	0	0
MPH__506	fall	1	1	13545	5400	5610
MPH__506	spring	1	1	14109	1080	1290
MPH__511	fall	1	1	13546	2520	2730
MPH__511	spring	1	1	13257	0	0
MPH__514	spring	1	1	13966	0	0
MPH__521	fall	2	1	13555	0	0
MPH__521	fall	2	1	14347	3960	4170
MPH__521	spring	2	1	13259	2520	2730
MPH__521	spring	2	1	13969	0	0
MPH__526	fall	1	1	13784	3960	4170
MPH__526	spring	1	1	13576	0	0
MPH__527	fall	1	1	13623	0	0
MPH__527	spring	1	1	13574	5400	5610
MPH__531	spring	3	1	13262	3960	4170
MPH__531	spring	3	1	14041	0	0
MPH__531	spring	3	1	15498	3960	4170
MPH__541	spring	1	1	14983	0	0
MPH__561	fall	3	1	13557	0	0
MPH__561	fall	3	1	14601	1080	1290
MPH__561	fall	3	1	15599	1080	1290
MPH__575	fall	1	1	13898	0	0
MPH__579	fall	1	1	15639	0	0
MPH__579	spring	1	1	15627	0	0
MPH__581	fall	2	1	10549	0	0
MPH__581	fall	2	1	12245	0	0
MPH__581	spring	2	1	13651	0	0
MPH__581	spring	2	1	13716	0	0
MPH__583	spring	1	1	10502	0	0
MPH__587	fall	1	1	15130	6840	7050
MPH__588	spring	1	1	15161	6840	7020
