PUBH_100	fall	1	1	39682	3780	3945
PUBH_100	spring	2	1	35509	3780	3945
PUBH_100	spring	2	2	45805	2280	2355	45805	5160	5235
PUBH_105	fall	1	1	45676	6420	6530
PUBH_110	fall	1	1	33756	2280	2355
PUBH_110	spring	1	1	40878	2370	2445
PUBH_120	fall	1	2	34969	2190	2265	34969	5070	5145
PUBH_120	spring	1	2	33423	2280	2355	33423	5160	5235
PUBH_300	fall	2	2	34655	540	650	34655	3420	3530
PUBH_300	fall	2	2	37232	540	650	37232	3420	3530
PUBH_301	spring	1	1	38165	4890	5000
PUBH_310	fall	1	1	50216	2370	2535
PUBH_310	spring	1	1	34410	2370	2535
PUBH_320	fall	1	1	34654	900	1010
PUBH_320	spring	1	1	40869	5250	5325
PUBH_330	fall	1	2	34653	2010	2085	34653	4890	4965
PUBH_340	spring	2	1	34412	900	950
PUBH_340	spring	2	1	39647	900	950
PUBH_350	fall	1	1	41075	900	1010
PUBH_360	spring	1	1	34414	3780	3945
PUBH_370	fall	1	1	35541	3780	3945
PUBH_390	fall	1	1	50394	2370	2535
PUBH_390	spring	1	2	39946	2280	2355	39946	5160	5235
PUBH_394	fall	1	2	41080	900	975	41080	3780	3855
PUBH_395	fall	1	1	41617	3600	3650
PUBH_395	spring	1	1	40877	5040	5090
PUBH_396	fall	1	1	40675	0	0
PUBH_396	spring	1	1	41471	0	0
PUBH_397	spring	1	1	35510	0	0
PUBH_399	fall	1	1	41971	0	0
PUBH_399	spring	1	1	40188	0	0
PUBH_410	fall	1	1	35545	900	1010
PUBH_411	spring	1	1	35512	900	1010
PUBH_420	fall	1	1	43942	5250	5415
