CME__111	1	3	48658	960	1010	48658	3840	3890	48658	6720	6770
CME__112	1	2	43810	2010	2085	43810	4890	4965
CME__119	1	2	46313	2010	2085	46313	4890	4965
CME__197	1	1	44419	6480	6530
CME__201	2	3	22577	780	830	22577	3660	3710	22577	6540	6590
CME__201	2	2	22654	2100	2175	22654	4980	5055
CME__203	2	3	22578	900	950	22578	3780	3830	22578	6660	6710
CME__203	2	3	22655	540	590	22655	3420	3470	22655	6300	6350
CME__205	2	2	22579	2370	2445	22579	5250	5325
CME__205	2	3	22656	780	830	22656	3660	3710	22656	6540	6590
CME__207	2	3	47164	840	890	47164	3720	3770	47164	6600	6650
CME__207	2	2	49522	2370	2445	49522	5250	5325
CME__211	1	2	27445	2100	2175	27445	4980	5055
CME__260	2	3	22584	600	650	22584	3480	3530	22584	6360	6410
CME__260	2	3	22661	900	950	22661	3780	3830	22661	6660	6710
CME__261	1	3	22635	840	890	22635	3720	3770	22635	6600	6650
CME__290	1	1	49191	6360	6530
CME__297	2	2	43876	2370	2445	43876	5250	5325
CME__297	2	2	45021	2280	2355	45021	5160	5235
CME__301	2	2	22662	840	915	22662	3720	3795
CME__301	2	2	28906	2280	2355	28906	5160	5235
CME__302	1	1	22664	5070	5145
CME__310	1	2	35783	2100	2175	35783	4980	5055
CME__311	1	3	28605	540	590	28605	3420	3470	28605	6300	6350
CME__315	1	2	23323	930	1005	23323	3810	3885
CME__322	1	2	39681	2010	2085	39681	4890	4965
CME__359	4	3	22591	780	830	22591	3660	3710	22591	6540	6590
CME__359	4	3	29734	720	770	29734	3600	3650	29734	6480	6530
CME__359	4	3	35716	540	590	35716	3420	3470	35716	6300	6350
CME__359	4	2	40741	2280	2355	40741	5160	5235
CME__396	1	2	23333	2370	2445	23333	5250	5325
CME__400	1	1	30436	3900	4050
CME__401	2	1	30445	5340	5490
CME__401	2	1	42503	2460	2610
CME__402	1	2	35666	2100	2175	35666	4980	5055
CME__403	1	1	29406	5340	5490
CME__404	1	1	44085	5340	5490
CME__405	2	2	22655	2190	2265	22655	5070	5145
CME__405	2	2	38520	2280	2355	38520	5160	5235
CME__406	1	1	42504	5340	5490
CME__407	1	1	48456	5340	5490
CME__408	1	1	40607	1020	1170
CME__409	2	1	41161	3900	4050
CME__409	2	2	41935	2280	2355	41935	5160	5235
CME__410	3	1	40605	3900	4050
CME__410	3	1	43809	5340	5490
CME__410	3	1	43818	6780	6930
CME__411	2	1	23669	5340	5490
CME__411	2	1	48043	3900	4050
CME__413	1	1	46662	6780	6930
CME__414	1	1	41162	5340	5490
CME__415	1	1	45017	1020	1170
CME__419	1	1	45020	1020	1170
CME__421	1	2	22657	2370	2445	22657	5250	5325
CME__422	1	1	42505	3900	4050
CME__425	1	1	41082	1020	1170
CME__427	1	1	22712	2460	2610
CME__430	1	1	41163	1020	1170
CME__433	3	1	34799	1020	1170
CME__433	3	2	37210	2370	2445	37210	5250	5325
CME__433	3	3	48273	900	950	48273	3780	3830	48273	6660	6710
CME__434	1	3	22721	780	830	22721	3660	3710	22721	6540	6590
CME__440	1	1	39687	1020	1095
CME__441	1	2	49192	2190	2265	49192	5070	5145
CME__450	1	1	47128	6780	6930
CME__454	1	1	45203	1020	1170
CME__470	2	1	22598	3900	3950
CME__470	2	1	39688	1020	1170
CME__471	1	1	47075	1020	1170
CME__480	1	2	42774	2340	2415	42774	5220	5295
CME__481	1	2	48906	2010	2085	48906	4890	4965
CME__485	1	1	43820	6780	6930
CME__486	1	1	43041	6780	6930
CME__491	1	1	43127	2460	2610
CME__493	1	1	38552	6420	6470
CME__494	9	2	38521	2280	2355	38521	5160	5235
CME__494	9	1	38527	5340	5490
CME__494	9	1	41204	600	710
CME__494	9	1	41609	6780	6930
CME__494	9	1	44874	2460	2610
CME__494	9	2	44875	2370	2445	44875	5250	5325
CME__494	9	1	45042	1020	1170
CME__494	9	1	48040	3900	4050
CME__494	9	2	48457	2100	2175	48457	4980	5055
CME__500	1	1	48460	5340	5490
CME__502	1	1	43986	5340	5490
CME__503	1	1	38022	5340	5490
CME__507	1	2	34996	2370	2445	34996	5250	5325
CME__508	1	1	41164	2460	2610
CME__509	1	1	47178	2460	2610
CME__510	1	1	46039	3900	4050
CME__514	1	1	44157	1020	1170
CME__516	1	1	42506	1020	1170
CME__518	1	1	32470	5340	5490
CME__519	2	1	41205	3900	4050
CME__519	2	1	45046	6780	6930
CME__520	1	1	45022	2460	2610
CME__521	1	1	48461	1020	1170
CME__525	1	1	41166	3900	4050
CME__533	1	1	41083	3480	3630
CME__536	1	1	47076	1020	1170
CME__538	1	1	48659	5340	5490
CME__539	1	1	42563	3900	4050
CME__544	1	1	41937	1020	1170
CME__555	2	1	43824	3900	4050
CME__555	2	1	47129	1020	1170
CME__562	1	1	46524	900	1050
CME__567	1	1	33645	3660	3810
CME__568	2	2	37523	2100	2175	37523	4980	5055
CME__568	2	1	46210	2460	2610
CME__570	1	1	43825	1020	1170
CME__573	1	1	49500	2460	2610
CME__575	1	1	43826	5340	5490
CME__580	1	1	42507	1020	1170
CME__582	1	1	49227	2460	2610
CME__584	1	1	45023	5340	5490
CME__585	1	1	44872	2460	2610
CME__586	1	1	43043	3900	4050
CME__587	1	1	43827	3900	4050
CME__594	6	3	41168	840	890	41168	3720	3770	41168	6600	6650
CME__594	6	1	41608	5340	5490
CME__594	6	1	42502	3900	4050
CME__594	6	1	44879	1020	1170
CME__594	6	1	48462	6780	6930
CME__594	6	1	49195	2460	2610
CME__597	1	1	47917	2370	2445
