POL__101	fall	1	3	13161	720	770	13161	3600	3650	13161	6480	6530
POL__102	spring	1	3	18059	660	710	18059	3540	3590	18059	6420	6470
POL__103	fall	1	3	35419	660	710	35419	3540	3590	35419	6420	6470
POL__104	fall	1	3	41533	600	650	41533	3480	3530	41533	6360	6410
POL__104	spring	2	3	34332	840	890	34332	3720	3770	34332	6600	6650
POL__104	spring	2	3	35481	660	710	35481	3540	3590	35481	6420	6470
POL__115	fall	1	2	37146	2190	2265	37146	5070	5145
POL__115	spring	1	3	26901	900	950	26901	3780	3830	26901	6660	6710
POL__120	spring	1	3	32280	600	650	32280	3480	3530	32280	6360	6410
POL__130	fall	1	2	24966	2190	2265	24966	5070	5145
POL__130	spring	1	2	31373	2190	2265	31373	5070	5145
POL__140	fall	1	2	34368	2190	2265	34368	5070	5145
POL__150	fall	1	3	35426	840	890	35426	3720	3770	35426	6600	6650
POL__150	spring	1	2	35482	2190	2265	35482	5070	5145
POL__201	fall	1	3	34735	600	650	34735	3480	3530	34735	6360	6410
POL__201	spring	1	3	47141	720	770	47141	3600	3650	47141	6480	6530
POL__202	spring	1	3	34333	780	830	34333	3660	3710	34333	6540	6590
POL__203	fall	1	2	48497	570	645	48497	3450	3525
POL__204	fall	1	3	49506	780	830	49506	3660	3710	49506	6540	6590
POL__220	fall	1	2	37534	2280	2355	37534	5160	5235
POL__234	fall	1	2	40950	2190	2265	40950	5070	5145
POL__234	spring	1	2	30602	2100	2175	30602	4980	5055
POL__242	spring	1	1	48103	2370	2445
POL__321	fall	1	2	26955	2370	2445	26955	5250	5325
POL__321	spring	1	2	36779	2370	2445	36779	5250	5325
POL__460	fall	2	1	40803	2370	2520
POL__460	fall	2	1	40804	2370	2520
POL__460	spring	2	1	31360	5340	5490
POL__460	spring	2	1	31788	5340	5490
POL__535	fall	1	1	35424	3780	3945
POL__570	fall	1	1	48366	2370	2520
