HIST_100	fall	3	1	11812	2100	2175
HIST_100	fall	3	2	11820	840	890	11820	3720	3770
HIST_100	fall	3	2	35603	540	590	35603	3420	3470
HIST_100	spring	1	2	32900	540	590	32900	3420	3470
HIST_101	fall	2	2	11770	600	650	11770	3480	3530
HIST_101	fall	2	2	29554	600	650	29554	3480	3530
HIST_101	spring	1	2	15358	720	770	15358	3600	3650
HIST_103	fall	1	2	11651	780	830	11651	3660	3710
HIST_103	spring	1	2	31115	600	650	31115	3480	3530
HIST_104	fall	2	2	11635	720	770	11635	3600	3650
HIST_104	fall	2	2	32937	720	770	32937	3600	3650
HIST_104	spring	1	2	35169	780	830	35169	3660	3710
HIST_105	fall	1	2	35635	660	710	35635	3540	3590
HIST_105	spring	1	2	35176	660	710	35176	3540	3590
HIST_106	fall	1	2	27659	660	710	27659	3540	3590
HIST_106	spring	1	2	27594	780	830	27594	3660	3710
HIST_109	fall	1	2	36215	540	590	36215	3420	3470
HIST_114	fall	3	1	32938	2010	2085
HIST_114	fall	3	2	38499	600	650	38499	3480	3530
HIST_114	fall	3	1	41007	2010	2085
HIST_114	spring	1	1	29128	2100	2175
HIST_117	fall	1	2	11584	2280	2355	11584	5160	5235
HIST_117	spring	1	3	44331	600	650	44331	3480	3530	44331	6360	6410
HIST_137	spring	1	2	46111	660	710	46111	3540	3590
HIST_150	fall	1	3	30193	840	890	30193	3720	3770	30193	6600	6650
HIST_170	fall	1	1	40758	6600	6650
HIST_170	spring	1	1	39001	570	645
HIST_199	fall	15	3	40821	660	710	40821	3540	3590	40821	6420	6470
HIST_199	fall	15	2	41750	2370	2445	41750	5250	5325
HIST_199	fall	15	2	41751	2370	2445	41751	5250	5325
HIST_199	fall	15	2	41752	2370	2445	41752	5250	5325
HIST_199	fall	15	2	41753	2280	2355	41753	5160	5235
HIST_199	fall	15	2	41761	2280	2355	41761	5160	5235
HIST_199	fall	15	3	42486	720	770	42486	3600	3650	42486	6480	6530
HIST_199	fall	15	3	42487	960	1010	42487	3840	3890	42487	6720	6770
HIST_199	fall	15	2	42488	900	975	42488	3780	3855
HIST_199	fall	15	3	42489	600	650	42489	3480	3530	42489	6360	6410
HIST_199	fall	15	3	42490	900	950	42490	3780	3830	42490	6660	6710
HIST_199	fall	15	3	42491	540	590	42491	3420	3470	42491	6300	6350
HIST_199	fall	15	3	42492	900	950	42492	3780	3830	42492	6660	6710
HIST_199	fall	15	2	42493	930	1005	42493	3810	3885
HIST_199	fall	15	3	48966	660	710	48966	3540	3590	48966	6420	6470
HIST_199	spring	2	3	40784	780	830	40784	3660	3710	40784	6540	6590
HIST_199	spring	2	3	42100	720	770	42100	3600	3650	42100	6480	6530
HIST_200	fall	2	2	44618	2280	2355	44618	5160	5235
HIST_200	fall	2	2	44871	2280	2355	44871	5160	5235
HIST_202	fall	2	2	34768	2280	2355	34768	5160	5235
HIST_202	fall	2	2	37593	2280	2355	37593	5160	5235
HIST_203	fall	1	2	37583	2190	2265	37583	5070	5145
HIST_203	spring	1	2	35177	2280	2355	35177	5160	5235
HIST_204	fall	2	3	11531	840	890	11531	3720	3770	11531	6600	6650
HIST_204	fall	2	2	11555	2190	2265	11555	5070	5145
HIST_205	spring	1	3	15445	720	770	15445	3600	3650	15445	6480	6530
HIST_208	fall	2	3	49116	780	830	49116	3660	3710	49116	6540	6590
HIST_208	fall	2	2	49215	990	1065	49215	3870	3945
HIST_209	fall	2	2	35540	2280	2355	35540	5160	5235
HIST_209	fall	2	2	45087	2190	2265	45087	5070	5145
HIST_210	fall	1	2	43799	900	975	43799	3780	3855
HIST_210	spring	1	2	41221	2010	2085	41221	4890	4965
HIST_211	fall	2	1	34251	2100	2175
HIST_211	fall	2	2	49270	540	590	49270	3420	3470
HIST_213	fall	3	3	33496	660	710	33496	3540	3590	33496	6420	6470
HIST_213	fall	3	1	46046	6540	6590
HIST_213	fall	3	1	46048	6600	6650
HIST_214	spring	1	3	32928	780	830	32928	3660	3710	32928	6540	6590
HIST_215	fall	1	2	49096	570	645	49096	3450	3525
HIST_217	fall	1	1	29050	3960	4140
HIST_218	spring	1	3	35881	780	830	35881	3660	3710	35881	6540	6590
HIST_219	fall	1	2	37581	2100	2175	37581	4980	5055
HIST_219	spring	1	2	35966	2370	2445	35966	5250	5325
HIST_220	fall	1	2	11504	2100	2175	11504	4980	5055
HIST_222	fall	1	2	42589	2280	2355	42589	5160	5235
HIST_223	fall	1	2	36937	2280	2355	36937	5160	5235
HIST_223	spring	1	2	32929	2010	2085	32929	4890	4965
HIST_224	fall	1	2	40823	2370	2445	40823	5250	5325
HIST_224	spring	1	2	37907	2010	2085	37907	4890	4965
HIST_225	fall	1	3	38151	660	710	38151	3540	3590	38151	6420	6470
HIST_225	spring	1	3	31121	780	830	31121	3660	3710	31121	6540	6590
HIST_232	spring	1	2	47502	2370	2445	47502	5250	5325
HIST_233	fall	1	2	34253	2010	2085	34253	4890	4965
HIST_233	spring	1	2	41062	2100	2175	41062	4980	5055
HIST_234	fall	1	2	40949	2190	2265	40949	5070	5145
HIST_234	spring	1	2	30599	2100	2175	30599	4980	5055
HIST_235	fall	1	2	39252	570	645	39252	3450	3525
HIST_236	fall	1	2	36938	2370	2445	36938	5250	5325
HIST_237	fall	1	2	31204	570	645	31204	3450	3525
HIST_239	fall	1	1	39874	2280	2355
HIST_239	spring	1	1	46221	2280	2355
HIST_240	fall	1	1	48346	2100	2175
HIST_241	fall	1	2	32959	720	770	32959	3600	3650
HIST_242	fall	1	2	36951	720	770	36951	3600	3650
HIST_243	fall	1	2	42088	2370	2445	42088	5250	5325
HIST_244	spring	1	1	44338	990	1065
HIST_245	fall	1	1	43316	2100	2175
HIST_246	fall	1	1	42013	2100	2175
HIST_247	fall	1	2	21119	570	645	21119	3450	3525
HIST_248	fall	1	2	43305	2100	2175	43305	4980	5055
HIST_248	spring	1	2	35123	900	975	35123	3780	3855
HIST_249	fall	1	1	45261	900	975
HIST_249	spring	1	1	42070	2190	2265
HIST_253	fall	1	2	31205	540	590	31205	3420	3470
HIST_255	fall	1	2	32949	660	710	32949	3540	3590
HIST_255	spring	1	2	26081	720	770	26081	3600	3650
HIST_257	fall	1	2	48796	2010	2085	48796	4890	4965
HIST_257	spring	1	2	47143	2010	2085	47143	4890	4965
HIST_258	fall	1	2	32960	2100	2175	32960	4980	5055
HIST_259	fall	1	2	32967	600	650	32967	3480	3530
HIST_261	fall	1	1	29669	2010	2085
HIST_262	fall	1	1	35486	2280	2355
HIST_264	fall	1	3	42268	600	650	42268	3480	3530	42268	6360	6410
HIST_264	spring	1	2	41189	900	975	41189	3780	3855
HIST_266	fall	1	2	45089	780	830	45089	3660	3710
HIST_267	fall	1	1	40854	2100	2175
HIST_267	spring	2	1	44935	2190	2265
HIST_267	spring	2	1	48327	5070	5145
HIST_268	fall	1	3	42274	600	650	42274	3480	3530	42274	6360	6410
HIST_271	fall	1	2	41206	600	650	41206	3480	3530
HIST_272	fall	2	1	35555	570	645
HIST_272	fall	2	1	40860	570	645
HIST_275	fall	1	1	26359	2100	2175
HIST_277	fall	1	1	43319	990	1065
HIST_277	spring	1	1	41950	1080	1155
HIST_278	fall	2	2	38168	900	950	38168	3780	3830
HIST_278	fall	2	1	41219	2370	2445
HIST_281	fall	4	2	32969	2190	2265	32969	5070	5145
HIST_281	fall	4	1	33847	2370	2520
HIST_281	fall	4	2	38505	2190	2265	38505	5070	5145
HIST_281	fall	4	2	38506	900	975	38506	3780	3855
HIST_281	spring	1	2	44443	2100	2175	44443	4980	5055
HIST_282	fall	1	3	44873	660	710	44873	3540	3590	44873	6420	6470
HIST_282	spring	1	2	41191	2370	2445	41191	5250	5325
HIST_283	spring	1	3	47206	660	710	47206	3540	3590	47206	6420	6470
HIST_285	fall	1	2	26762	2460	2535	26762	5340	5415
HIST_288	fall	1	2	39187	2190	2265	39187	5070	5145
HIST_289	fall	1	1	43321	2190	2265
HIST_289	spring	1	1	40474	2190	2265
HIST_290	fall	1	2	36350	2100	2175	36350	4980	5055
HIST_290	spring	1	2	33344	2280	2355	33344	5160	5235
HIST_292	fall	1	2	28162	2370	2445	28162	5250	5325
HIST_292	spring	1	2	24686	570	645	24686	3450	3525
HIST_294	spring	1	2	30207	2370	2445	30207	5250	5325
HIST_296	fall	1	2	48353	2010	2085	48353	4890	4965
HIST_300	fall	4	2	11346	2010	2085	11346	4890	4965
HIST_300	fall	4	3	11347	660	710	11347	3540	3590	11347	6420	6470
HIST_300	fall	4	2	11348	2010	2085	11348	4890	4965
HIST_300	fall	4	3	33090	780	830	33090	3660	3710	33090	6540	6590
HIST_300	spring	2	2	15412	570	645	15412	3450	3525
HIST_300	spring	2	2	15413	2100	2175	15413	4980	5055
HIST_400	fall	2	1	42015	3780	3930
HIST_400	fall	2	1	42016	3780	3930
HIST_403	fall	2	1	36367	5250	5400
HIST_403	fall	2	1	36368	5250	5400
HIST_405	fall	4	3	33630	840	890	33630	3720	3770	33630	6600	6650
HIST_405	fall	4	3	33631	840	890	33631	3720	3770	33631	6600	6650
HIST_405	fall	4	1	44694	2370	2520
HIST_405	fall	4	1	44695	2370	2520
HIST_407	fall	2	3	36561	720	770	36561	3600	3650	36561	6480	6530
HIST_407	fall	2	3	36562	720	770	36562	3600	3650	36562	6480	6530
HIST_408	fall	2	1	36565	2370	2520
HIST_408	fall	2	1	36566	2370	2520
HIST_408	spring	2	1	37103	900	1050
HIST_408	spring	2	1	47046	900	1050
HIST_409	fall	2	2	35488	2010	2085	35488	4890	4965
HIST_409	fall	2	2	35491	2010	2085	35491	4890	4965
HIST_410	fall	4	1	29682	900	1050
HIST_410	fall	4	1	29683	900	1050
HIST_410	fall	4	1	41214	900	1050
HIST_410	fall	4	1	41215	900	1050
HIST_418	fall	2	2	33397	2370	2445	33397	5250	5325
HIST_418	fall	2	2	33398	2370	2445	33398	5250	5325
HIST_419	spring	2	1	41745	5250	5400
HIST_419	spring	2	1	44581	5250	5400
HIST_421	fall	2	2	11315	2010	2085	11315	4890	4965
HIST_421	fall	2	2	20338	2010	2085	20338	4890	4965
HIST_424	fall	2	1	33180	900	1050
HIST_424	fall	2	1	33181	900	1050
HIST_433	fall	2	1	29684	2370	2535
HIST_433	fall	2	1	29685	2370	2535
HIST_433	spring	2	1	32935	2370	2520
HIST_433	spring	2	1	32936	2370	2520
HIST_435	fall	2	1	33500	3960	4110
HIST_435	fall	2	1	33501	3960	4110
HIST_435	spring	2	1	35831	900	1050
HIST_435	spring	2	1	35847	900	1050
HIST_437	fall	2	2	40886	2010	2085	40886	4890	4965
HIST_437	fall	2	2	40892	2010	2085	40892	4890	4965
HIST_438	fall	2	2	35567	2370	2445	35567	5250	5325
HIST_438	fall	2	2	35568	2370	2445	35568	5250	5325
HIST_440	fall	3	1	37484	2370	2520
HIST_440	fall	3	1	37485	900	1050
HIST_440	fall	3	1	49006	900	1050
HIST_440	spring	2	2	36659	2100	2175	36659	4980	5055
HIST_440	spring	2	1	36660	900	1050
HIST_441	fall	2	1	34395	900	1070
HIST_441	fall	2	1	34396	900	1070
HIST_453	fall	2	2	31214	2190	2265	31214	5070	5145
HIST_453	fall	2	2	31215	2190	2265	31215	5070	5145
HIST_453	spring	2	2	31125	570	645	31125	3450	3525
HIST_453	spring	2	2	31126	570	645	31126	3450	3525
HIST_454	fall	4	1	31216	3900	4070
HIST_454	fall	4	1	31217	3900	4070
HIST_454	fall	4	1	34256	2370	2520
HIST_454	fall	4	1	34257	2370	2520
HIST_454	spring	2	1	40505	2370	2520
HIST_454	spring	2	1	40506	2370	2520
HIST_461	fall	4	2	32657	2100	2175	32657	4980	5055
HIST_461	fall	4	2	32658	2100	2175	32658	4980	5055
HIST_461	fall	4	2	33086	990	1065	33086	3870	3945
HIST_461	fall	4	2	33087	990	1065	33087	3870	3945
HIST_461	spring	2	2	32965	2370	2445	32965	5250	5325
HIST_461	spring	2	2	32966	2370	2445	32966	5250	5325
HIST_462	fall	2	2	39254	2010	2085	39254	4890	4965
HIST_462	fall	2	2	39257	2010	2085	39257	4890	4965
HIST_465	fall	2	2	47039	990	1065	47039	3870	3945
HIST_465	fall	2	2	47040	990	1065	47040	3870	3945
HIST_465	spring	2	2	44404	900	975	44404	3780	3855
HIST_465	spring	2	2	44405	900	975	44405	3780	3855
HIST_473	fall	4	1	36225	2340	2505
HIST_473	fall	4	1	36371	2340	2505
HIST_473	fall	4	2	40933	2370	2445	40933	5250	5325
HIST_473	fall	4	2	40936	2370	2445	40936	5250	5325
HIST_475	fall	1	1	11262	3840	3950
HIST_475	spring	1	1	15422	3840	3950
HIST_477	fall	2	1	32556	3960	4110
HIST_477	fall	2	1	32557	3960	4110
HIST_477	spring	2	2	36577	2280	2355	36577	5160	5235
HIST_477	spring	2	2	36578	2280	2355	36578	5160	5235
HIST_481	fall	10	2	20360	900	975	20360	3780	3855
HIST_481	fall	10	2	20361	900	975	20361	3780	3855
HIST_481	fall	10	1	29706	2370	2535
HIST_481	fall	10	1	29707	2370	2535
HIST_481	fall	10	2	33091	2370	2445	33091	5250	5325
HIST_481	fall	10	2	33092	2370	2445	33092	5250	5325
HIST_481	fall	10	2	40193	2280	2355	40193	5160	5235
HIST_481	fall	10	2	40194	2280	2355	40194	5160	5235
HIST_481	fall	10	2	42266	2370	2445	42266	5250	5325
HIST_481	fall	10	2	42267	2370	2445	42267	5250	5325
HIST_482	fall	2	1	39260	2370	2505
HIST_482	fall	2	1	39261	2370	2505
HIST_482	spring	2	1	44090	5250	5400
HIST_482	spring	2	1	44419	5250	5400
HIST_484	fall	2	2	32974	2460	2535	32974	5340	5415
HIST_484	fall	2	2	32975	2460	2535	32975	5340	5415
HIST_484	spring	2	2	33095	2100	2175	33095	4980	5055
HIST_484	spring	2	2	33096	2100	2175	33096	4980	5055
HIST_485	fall	2	2	24495	2280	2355	24495	5160	5235
HIST_485	fall	2	2	24497	2280	2355	24497	5160	5235
HIST_489	fall	2	1	39479	900	1050
HIST_489	fall	2	1	39480	900	1050
HIST_492	fall	2	2	49278	2010	2085	49278	4890	4965
HIST_492	fall	2	2	49279	2010	2085	49279	4890	4965
HIST_492	spring	2	2	32971	2370	2445	32971	5250	5325
HIST_492	spring	2	2	32972	2370	2445	32972	5250	5325
HIST_494	fall	2	1	49133	900	1050
HIST_494	fall	2	1	49134	900	1050
HIST_495	fall	2	2	32976	2100	2175	32976	4980	5055
HIST_495	fall	2	2	32977	2100	2175	32977	4980	5055
HIST_496	fall	6	2	39262	2280	2355	39262	5160	5235
HIST_496	fall	6	2	39263	2280	2355	39263	5160	5235
HIST_496	fall	6	2	39435	2280	2355	39435	5160	5235
HIST_496	fall	6	2	39436	2280	2355	39436	5160	5235
HIST_496	fall	6	1	39471	900	1065
HIST_496	fall	6	1	39472	900	1065
HIST_496	spring	2	1	31127	2370	2535
HIST_496	spring	2	1	31128	2370	2535
HIST_497	fall	4	2	29711	2280	2355	29711	5160	5235
HIST_497	fall	4	2	29712	2280	2355	29712	5160	5235
HIST_497	fall	4	1	34258	5250	5400
HIST_497	fall	4	1	34259	5250	5400
HIST_499	spring	1	1	41125	2340	2490
