THE__108	spring	1	2	14016	2040	2140	14016	4920	5020
THE__109	fall	1	1	14652	0	0
THE__109	spring	1	1	14707	0	0
THE__121	fall	1	3	15634	720	770	15634	3600	3650	15634	6480	6530
THE__201	spring	1	2	14968	2160	2235	14968	5040	5115
THE__209	fall	1	1	14658	0	0
THE__273	spring	1	2	12957	840	940	12957	3720	3820
THE__274	fall	1	2	12954	2160	2235	12954	5040	5115
THE__274	spring	1	2	12959	720	795	12959	3600	3675
THE__325	spring	1	2	14017	2400	2475	14017	5280	5355
THE__334	fall	1	2	15268	2280	2355	15268	5160	5235
THE__475	fall	3	1	14061	0	0
THE__475	fall	3	1	14062	0	0
THE__475	fall	3	1	15223	0	0
THE__475	spring	3	1	13946	0	0
THE__475	spring	3	1	13947	0	0
THE__475	spring	3	1	14281	0	0
THE__489	spring	1	1	14706	0	0
