PHI__101	spring	1	2	13753	840	915	13753	3720	3795
PHI__242	fall	1	2	13965	840	915	13965	3720	3795
PHI__252	spring	1	1	14050	0	0
PHI__301	spring	1	1	10552	0	0
PHI__315	fall	1	1	12675	0	0
PHI__336	fall	1	1	15061	0	0
PHI__341	fall	1	1	14598	0	0
PHI__341	spring	1	1	14621	0	0
PHI__353	spring	1	1	14588	0	0
PHI__401	fall	1	1	12572	0	0
PHI__411	spring	1	2	10553	720	820	10553	3600	3700
PHI__421	fall	1	1	12237	0	0
PHI__425	spring	1	1	12014	0	0
PHI__437	fall	2	1	13615	5160	5370
PHI__437	fall	2	1	15614	0	0
PHI__438	spring	1	1	14012	5160	5370
PHI__447	spring	1	1	12201	0	0
PHI__460	fall	1	1	14869	0	0
PHI__470	fall	1	1	14568	0	0
PHI__481	spring	1	1	12229	0	0
PHI__495	fall	1	1	12278	0	0
