MOVI_105	3	2		2190	2355		900	1065
MOVI_105	3	1	42468	3780	3855
MOVI_105	3	1	47084	5070	5145
MOVI_130	1	2	44696	2100	2175	44696	4980	5055
MOVI_131	3	2		900	1065		2370	2445
MOVI_131	3	1	46465	5250	5415
MOVI_131	3	1	47487	3780	3855
MOVI_132	2	1		2370	2445
MOVI_132	2	1	47455	5250	5415
MOVI_208	1	2	44703	2100	2175	44703	4980	5055
MOVI_225	2	1	43746	2010	2085
MOVI_225	2	1	44736	5070	5145
MOVI_229	2	2	43802	2190	2265	43802	5070	5145
MOVI_229	2	2	47086	2280	2355	47086	5160	5235
MOVI_230	5	4		900	975		2370	2445		900	975		2370	2445
MOVI_230	5	1	46708	3780	3945
MOVI_230	5	1	46710	5250	5415
MOVI_230	5	1	47483	3780	3945
MOVI_230	5	1	47485	5250	5415
MOVI_232	1	1	24425	3660	3770
MOVI_233	1	1	22832	900	1010
MOVI_234	1	2	29022	570	645	29022	3450	3525
MOVI_250	1	2	48308	2370	2445	48308	5250	5325
MOVI_270	1	2	49222	2280	2355	49222	5160	5235
MOVI_278	1	1	39188	2460	2535
MOVI_280	1	2	35644	900	975	35644	3780	3855
MOVI_331	2	2	46724	2280	2355	46724	5160	5235
MOVI_331	2	2	48074	2190	2265	48074	5070	5145
