GLAS_100	2	2	40132	780	830	40132	3660	3710
GLAS_100	2	2	46223	780	830	46223	3660	3710
GLAS_105	5	1	39125	6420	6470
GLAS_105	5	1	40127	6420	6470
GLAS_105	5	1	40128	5070	5120
GLAS_105	5	1	40130	6360	6410
GLAS_105	5	1	40131	6480	6530
GLAS_109	1	2	42275	540	590	42275	3420	3470
GLAS_120	3	2	39128	840	890	39128	3720	3770
GLAS_120	3	2	40123	840	890	40123	3720	3770
GLAS_120	3	1	46847	2280	2355
GLAS_123	1	1	40025	2010	2085
GLAS_125	1	2	41026	2280	2355	41026	5160	5235
GLAS_200	2	2	44619	2280	2355	44619	5160	5235
GLAS_200	2	2	45177	2280	2355	45177	5160	5235
GLAS_209	1	3	40023	660	710	40023	3540	3590	40023	6420	6470
GLAS_210	2	2	39124	2010	2085	39124	4890	4965
GLAS_210	2	2	40905	900	975	40905	3780	3855
GLAS_215	1	2	49095	570	645	49095	3450	3525
GLAS_217	2	1	44735	2370	2520
GLAS_217	2	3	44748	780	830	44748	3660	3710	44748	6540	6590
GLAS_219	2	2	42522	2190	2265	42522	5070	5145
GLAS_219	2	2	42523	2190	2265	42523	5070	5145
GLAS_223	1	2	42361	2280	2355	42361	5160	5235
GLAS_224	1	2	41510	570	645	41510	3450	3525
GLAS_229	2	2	42048	2190	2265	42048	5070	5145
GLAS_229	2	2	47084	2280	2355	47084	5160	5235
GLAS_230	1	1	40125	2370	2520
GLAS_231	1	2	40034	2100	2175	40034	4980	5055
GLAS_232	1	2	43548	2280	2355	43548	5160	5235
GLAS_242	1	2	48375	480	555	48375	3360	3435
GLAS_244	1	2	47032	480	555	47032	3360	3435
GLAS_248	1	2	46497	990	1065	46497	3870	3945
GLAS_250	1	2	40906	2010	2085	40906	4890	4965
GLAS_252	1	2	48694	990	1065	48694	3870	3945
GLAS_255	1	2	46219	480	555	46219	3360	3435
GLAS_263	1	2	48378	2370	2445	48378	5250	5325
GLAS_271	1	2	40081	600	650	40081	3480	3530
GLAS_272	1	1	49129	570	645
GLAS_275	1	1	40032	2100	2175
GLAS_279	1	1	40022	930	1095
GLAS_290	10	2	39133	2100	2175	39133	4980	5055
GLAS_290	10	2	39134	2190	2265	39134	5070	5145
GLAS_290	10	2	40126	900	975	40126	3780	3855
GLAS_290	10	2	40135	990	1065	40135	3870	3945
GLAS_290	10	2	42054	990	1065	42054	3870	3945
GLAS_290	10	2	42572	2190	2265	42572	5070	5145
GLAS_290	10	2	42781	570	645	42781	3450	3525
GLAS_290	10	2	43966	990	1065	43966	3870	3945
GLAS_290	10	2	43969	2010	2085	43969	4890	4965
GLAS_290	10	2	46373	2100	2175	46373	4980	5055
GLAS_300	2	1	39136	5250	5400
GLAS_300	2	1	49097	5250	5400
GLAS_328	1	3	40027	600	650	40027	3480	3530	40027	6360	6410
GLAS_390	1	2	47034	2190	2265	47034	5070	5145
GLAS_394	1	2	45424	2100	2175	45424	4980	5055
GLAS_428	2	1	41143	960	1125
GLAS_428	2	1	41144	960	1125
GLAS_437	3	2	40895	2010	2085	40895	4890	4965
GLAS_437	3	2	40896	2280	2355	40896	5160	5235
GLAS_437	3	2	46642	2010	2085	46642	4890	4965
GLAS_438	2	2	47183	2370	2445	47183	5250	5325
GLAS_438	2	2	47185	2370	2445	47185	5250	5325
GLAS_458	4	2	44941	2280	2355	44941	5160	5235
GLAS_458	4	2	44942	2280	2355	44942	5160	5235
GLAS_458	4	2	48140	900	975	48140	3780	3855
GLAS_458	4	2	48141	900	975	48141	3780	3855
GLAS_463	2	1	43310	2370	2520
GLAS_463	2	1	43311	2370	2520
GLAS_465	2	2	47037	990	1065	47037	3870	3945
GLAS_465	2	2	47038	990	1065	47038	3870	3945
GLAS_471	4	1	40019	2550	2700
GLAS_471	4	1	40020	2550	2700
GLAS_471	4	1	44569	5250	5400
GLAS_471	4	1	44570	5250	5400
GLAS_473	4	1	40035	2340	2505
GLAS_473	4	1	40036	2340	2505
GLAS_473	4	2	40937	2370	2445	40937	5250	5325
GLAS_473	4	2	40939	2370	2445	40939	5250	5325
GLAS_490	8	2	40133	2280	2355	40133	5160	5235
GLAS_490	8	2	40134	900	975	40134	3780	3855
GLAS_490	8	1	40186	5250	5400
GLAS_490	8	2	40187	2280	2355	40187	5160	5235
GLAS_490	8	2	40542	900	975	40542	3780	3855
GLAS_490	8	2	40543	2370	2445	40543	5250	5325
GLAS_490	8	2	45134	2370	2445	45134	5250	5325
GLAS_490	8	1	48380	5250	5400
GLAS_494	2	2	49012	2460	2535	49012	5340	5415
GLAS_494	2	2	49014	2460	2535	49014	5340	5415
