ED___100	10	2	33201	2190	2265	33201	5070	5145
ED___100	10	2	36762	2190	2265	36762	5070	5145
ED___100	10	2	37980	2100	2175	37980	4980	5055
ED___100	10	2	38691	2100	2175	38691	4980	5055
ED___100	10	2	40563	2190	2265	40563	5070	5145
ED___100	10	2	44097	2280	2355	44097	5160	5235
ED___100	10	2	44098	2280	2355	44098	5160	5235
ED___100	10	2	46040	2280	2355	46040	5160	5235
ED___100	10	2	46041	2280	2355	46041	5160	5235
ED___100	10	2	46042	2280	2355	46042	5160	5235
ED___101	1	2	45004	780	855	45004	3660	3735
ED___131	1	2	48226	660	710	48226	3540	3590
ED___135	3	2	32277	2100	2175	32277	4980	5055
ED___135	3	2	44067	2100	2175	44067	4980	5055
ED___135	3	2	44068	2100	2175	44068	4980	5055
ED___151	4	1	32545	3540	3590
ED___151	4	1	32546	3600	3650
ED___151	4	1	32547	660	710
ED___151	4	1	48977	720	770
ED___152	5	1	32255	600	650
ED___152	5	1	32256	720	770
ED___152	5	1	32257	3600	3650
ED___152	5	1	38860	3540	3590
ED___152	5	1	47403	3480	3530
ED___160	2	2	43953	2280	2355	43953	5160	5235
ED___160	2	2	46705	2280	2355	46705	5160	5235
ED___194	5	2	36145	1980	2090	36145	4860	4970
ED___194	5	1	43683	3600	3650
ED___194	5	1	46136	2460	2510
ED___194	5	1	48128	2460	2510
ED___194	5	1	48129	2460	2510
ED___200	5	2	13983	2010	2085	13983	4890	4965
ED___200	5	2	28632	2280	2355	28632	5160	5235
ED___200	5	2	28633	2280	2355	28633	5160	5235
ED___200	5	2	41455	900	975	41455	3780	3855
ED___200	5	2	42137	2280	2355	42137	5160	5235
ED___201	2	2	43974	720	795	43974	3600	3675
ED___201	2	2	48973	570	645	48973	3450	3525
ED___202	1	2	49609	2190	2265	49609	5070	5145
ED___205	5	2	32615	2370	2445	32615	5250	5325
ED___205	5	2	36605	2280	2355	36605	5160	5235
ED___205	5	2	37981	2190	2265	37981	5070	5145
ED___205	5	2	38692	2280	2355	38692	5160	5235
ED___205	5	2	43444	900	975	43444	3780	3855
ED___210	2	2	21506	2010	2085	21506	4890	4965
ED___210	2	2	48381	2190	2265	48381	5070	5145
ED___217	2	2	43955	2100	2175	43955	4980	5055
ED___217	2	1	43959	2370	2520
ED___222	3	2	37392	2190	2265	37392	5070	5145
ED___222	3	2	39873	2190	2265	39873	5070	5145
ED___222	3	2	41375	2190	2265	41375	5070	5145
ED___252	1	2	49021	2190	2265	49021	5070	5145
ED___258	1	2	39325	2010	2085	39325	4890	4965
ED___264	2	2	47597	2100	2175	47597	4980	5055
ED___264	2	2	49512	2100	2175	49512	4980	5055
ED___294	4	2	42138	2280	2355	42138	5160	5235
ED___294	4	1	42960	2310	2450
ED___294	4	2	46701	2100	2175	46701	4980	5055
ED___294	4	1	49599	2370	2520
ED___307	6	1	37078	3720	3830
ED___307	6	1	37092	3480	3590
ED___307	6	1	37315	3480	3590
ED___307	6	1	38622	840	950
ED___307	6	1	39766	3720	3830
ED___307	6	1	39767	780	890
ED___350	4	1	20732	540	710
ED___350	4	1	22589	780	950
ED___350	4	1	42965	1980	2150
ED___350	4	1	46622	2220	2390
ED___351	4	1	20087	1980	2150
ED___351	4	1	38655	2220	2390
ED___351	4	1	41810	780	950
ED___351	4	1	45196	540	710
ED___374	1	1	46147	2010	2085
ED___394	3	2	43987	660	735	43987	3540	3615
ED___394	3	2	47452	2190	2265	47452	5070	5145
ED___394	3	1	49677	5370	5430
ED___402	2	1	14003	5340	5520
ED___402	2	1	28955	2520	2700
ED___403	2	1	28956	5340	5520
ED___403	2	1	43919	2460	2640
ED___416	4	1	38637	2220	2390
ED___416	4	1	38638	2220	2390
ED___416	4	1	38639	1980	2150
ED___416	4	1	47136	1980	2150
ED___417	4	1	37982	3660	3830
ED___417	4	1	37983	3660	3830
ED___417	4	1	46436	3660	3830
ED___417	4	1	46439	5100	5270
ED___421	1	1	23056	5340	5520
ED___422	1	1	11869	5340	5520
ED___424	2	1	36645	990	1170
ED___424	2	1	36646	990	1170
ED___425	4	1	41438	1020	1200
ED___425	4	1	41440	2460	2640
ED___425	4	1	45146	2460	2640
ED___425	4	1	49604	1020	1200
ED___432	4	1	28639	1020	1200
ED___432	4	1	28641	2460	2640
ED___432	4	1	49468	2460	2640
ED___432	4	1	49606	1020	1200
ED___445	1	1	20966	3900	4080
ED___461	2	1	11901	1020	1200
ED___461	2	1	44101	5340	5520
ED___470	1	1	30461	960	1010
ED___472	2	1	12073	5340	5520
ED___472	2	1	14024	3900	4080
ED___502	2	1	12091	1020	1200
ED___502	2	1	36212	2460	2640
ED___503	1	1	12093	2460	2640
ED___504	3	1	35493	2460	2640
ED___504	3	1	36444	5340	5520
ED___504	3	1	49689	5340	5520
ED___505	2	1	35439	3900	4080
ED___505	2	1	49721	3900	4080
ED___506	2	1	35468	5340	5520
ED___506	2	1	39326	2460	2640
ED___594	5	1	38763	1020	1200
ED___594	5	1	47642	2460	2640
ED___594	5	1	48260	5340	5520
ED___594	5	1	48867	5340	5520
ED___594	5	1	49016	1020	1200
