MTHT_400	fall	3	2		720	830		720	830
MTHT_400	fall	3	1	26589	3600	3650
MTHT_400	fall	3	1	26590	3600	3650
MTHT_401	spring	2	1	17592	780	950
MTHT_401	spring	2	1	19329	780	950
MTHT_411	spring	2	1	17594	5340	5510
MTHT_411	spring	2	1	19331	5340	5510
MTHT_430	fall	2	3	12615	780	830	12615	3660	3710	12615	6540	6590
MTHT_430	fall	2	3	28543	780	830	28543	3660	3710	28543	6540	6590
MTHT_435	fall	2	1	43440	2460	2640
MTHT_435	fall	2	1	43441	2460	2640
MTHT_438	fall	1	1	12619	3840	3890
MTHT_438	spring	1	1	17596	960	1010
MTHT_439	fall	1	1	12625	0	0
MTHT_439	spring	1	1	17598	0	0
MTHT_450	fall	3	2		6480	6530		6480	6530
MTHT_450	fall	3	1	12627	540	650
MTHT_450	fall	3	1	20499	540	650
MTHT_465	fall	3	1	48086	2460	2640
MTHT_465	fall	3	1	48089	2460	2640
MTHT_465	fall	3	1	49600	1020	1200
MTHT_467	fall	1	1	38320	3900	4070
MTHT_467	spring	1	1	17600	3660	3830
MTHT_468	fall	1	1	49538	5220	5390
MTHT_490	fall	2	1	38733	5100	5270
MTHT_490	fall	2	1	40005	5100	5270
MTHT_491	fall	2	1	41538	2280	2330
MTHT_491	fall	2	1	42485	5220	5270
MTHT_496	fall	1	1	12632	0	0
MTHT_510	fall	1	1	28044	2460	2640
MTHT_589	fall	1	1	38321	2460	2640
MTHT_590	fall	1	1	26936	2460	2640
MTHT_591	fall	1	1	50470	2460	2640
MTHT_591	spring	1	1	43278	1020	1200
MTHT_596	fall	1	1	17013	0	0
MTHT_596	spring	1	1	17609	0	0
