COM__102	fall	1	3	15629	540	590	15629	3420	3470	15629	6300	6350
COM__112	fall	9	2	12461	600	675	12461	3480	3555
COM__112	fall	9	2	12462	2040	2115	12462	4920	4995
COM__112	fall	9	2	12464	2160	2235	12464	5040	5115
COM__112	fall	9	2	12680	840	915	12680	3720	3795
COM__112	fall	9	2	12825	960	1035	12825	3840	3915
COM__112	fall	9	2	13072	2400	2475	13072	5280	5355
COM__112	fall	9	1	13388	0	0
COM__112	fall	9	1	14346	0	0
COM__112	fall	9	1	15535	0	0
COM__112	spring	6	2	12357	600	675	12357	3480	3555
COM__112	spring	6	2	12356	2040	2115	12356	4920	4995
COM__112	spring	6	2	12962	840	915	12962	3720	3795
COM__112	spring	6	2	12350	2280	2355	12350	5160	5235
COM__112	spring	6	1	14113	0	0
COM__112	spring	6	1	15267	0	0
COM__205	fall	2	1	15239	0	0
COM__205	fall	2	1	15661	0	0
COM__215	fall	1	2	14373	600	675	14373	3480	3555
COM__215	spring	1	2	14388	600	675	14388	3480	3555
COM__236	fall	1	1	13028	0	0
COM__236	spring	1	1	12988	0	0
COM__302	fall	1	1	12096	0	0
COM__302	spring	1	2	10192	600	700	10192	3480	3580
COM__303	fall	1	2	10400	2040	2140	10400	4920	5020
COM__303	spring	1	1	10194	0	0
COM__309	fall	1	1	14726	2160	2310
COM__331	fall	4	1	15445	2280	2430
COM__331	fall	4	1	15446	2520	2670
COM__331	fall	4	1	15447	0	0
COM__331	fall	4	1	15600	0	0
COM__331	spring	3	1	15321	2280	2430
COM__331	spring	3	1	15322	2520	2670
COM__331	spring	3	1	15323	0	0
COM__334	fall	1	1	15176	0	0
COM__334	spring	1	1	15112	0	0
COM__337	spring	1	2	13639	2040	2140	13639	4920	5020
COM__339	fall	1	2	13030	840	940	13030	3720	3820
COM__341	spring	1	1	15620	0	0
COM__352	spring	1	2	10198	2160	2260	10198	5040	5140
COM__407	fall	1	1	15115	0	0
COM__411	fall	1	1	12394	0	0
COM__421	spring	1	1	12955	0	0
COM__424	fall	1	1	11125	0	0
COM__425	fall	1	1	15652	0	0
COM__428	spring	1	2	12235	720	820	12235	3600	3700
COM__447	fall	1	1	12395	0	0
COM__448	spring	1	1	10210	0	0
COM__451	spring	2	1	15528	0	0
COM__451	spring	2	1	15626	0	0
COM__461	fall	1	1	15126	0	0
COM__463	spring	1	2	11846	2040	2140	11846	4920	5020
COM__472	spring	1	1	10222	0	0
COM__477	spring	1	1	14347	0	0
COM__480	fall	2	1	14562	0	0
COM__480	fall	2	1	14437	0	0
COM__495	fall	1	1	14727	0	0
COM__495	spring	1	1	14631	0	0
COM__504	fall	1	1	10434	3960	4170
COM__506	spring	1	1	10227	1080	1290
COM__516	fall	1	1	14052	2520	2730
COM__532	spring	1	1	10228	3960	4170
