IE___118	fall	1	2	48593	2010	2085	48593	4890	4965
IE___201	fall	3	3	12747	780	830	12747	3660	3710	12747	6540	6590
IE___201	fall	3	3	44771	900	950	44771	3780	3830	44771	6660	6710
IE___201	fall	3	2	50498	2460	2535	50498	5340	5415
IE___201	spring	2	3	16559	600	650	16559	3480	3530	16559	6360	6410
IE___201	spring	2	3	24345	900	950	24345	3780	3830	24345	6660	6710
IE___312	fall	2	2	22491	2280	2355	22491	5160	5235
IE___312	fall	2	3	43502	600	650	43502	3480	3530	43502	6360	6410
IE___312	spring	2	2	21976	2190	2265	21976	5070	5145
IE___312	spring	2	3	35720	960	1010	35720	3840	3890	35720	6720	6770
IE___342	fall	4	3	12762	720	770	12762	3600	3650	12762	6480	6530
IE___342	fall	4	3	43531	840	890	43531	3720	3770	43531	6600	6650
IE___342	fall	4	3	48428	600	650	48428	3480	3530	48428	6360	6410
IE___342	fall	4	3	49804	660	710	49804	3540	3590	49804	6420	6470
IE___342	spring	4	2	29781	2010	2085	29781	4890	4965
IE___342	spring	4	3	42133	600	650	42133	3480	3530	42133	6360	6410
IE___342	spring	4	3	46455	720	770	46455	3600	3650	46455	6480	6530
IE___342	spring	4	3	48024	840	890	48024	3720	3770	48024	6600	6650
IE___345	fall	1	2	42035	2280	2355	42035	5160	5235
IE___348	fall	1	2	49937	2190	2265	49937	5070	5145
IE___365	fall	1	3	12769	780	830	12769	3660	3710	12769	6540	6590
IE___380	fall	2	2	12770	2460	2535	12770	5340	5415
IE___380	fall	2	3	35406	540	590	35406	3420	3470	35406	6300	6350
IE___380	spring	2	3	16571	540	590	16571	3420	3470	16571	6300	6350
IE___380	spring	2	3	42670	600	650	42670	3480	3530	42670	6360	6410
IE___392	fall	1	1	26450	0	0
IE___392	spring	1	1	29786	0	0
IE___394	fall	1	1	37427	0	0
IE___396	fall	4	2	12774	2010	2060	12774	4890	4940
IE___396	fall	4	2	37915	840	890	37915	3720	3770
IE___396	fall	4	2	40061	960	1010	40061	3840	3890
IE___396	fall	4	2	41221	2190	2240	41221	5070	5120
IE___397	fall	1	1	38148	0	0
IE___397	spring	1	1	37340	0	0
IE___411	fall	2	2	32261	600	650	32261	3480	3530
IE___411	fall	2	2	32262	600	650	32262	3480	3530
IE___412	fall	2	2	39455	1020	1095	39455	3900	3975
IE___412	fall	2	2	39456	1020	1095	39456	3900	3975
IE___412	spring	2	3	31906	960	1010	31906	3840	3890	31906	6720	6770
IE___412	spring	2	3	31907	960	1010	31907	3840	3890	31907	6720	6770
IE___441	fall	2	3	29570	960	1010	29570	3840	3890	29570	6720	6770
IE___441	fall	2	3	29571	960	1010	29571	3840	3890	29571	6720	6770
IE___442	fall	3	2	34405	2010	2085	34405	4890	4965
IE___442	fall	3	3	39120	780	830	39120	3660	3710	39120	6540	6590
IE___442	fall	3	2	40274	2010	2085	40274	4890	4965
IE___442	spring	2	2	39404	2280	2355	39404	5160	5235
IE___442	spring	2	2	41284	2280	2355	41284	5160	5235
IE___444	fall	2	1	39048	2160	2390
IE___444	fall	2	1	39049	2160	2390
IE___445	spring	1	1	31905	2370	2550
IE___446	spring	2	2	16566	2190	2265	16566	5070	5145
IE___446	spring	2	2	19267	2190	2265	19267	5070	5145
IE___461	fall	2	2	12782	570	645	12782	3450	3525
IE___461	fall	2	2	20377	570	645	20377	3450	3525
IE___463	spring	2	3	16568	660	710	16568	3540	3590	16568	6420	6470
IE___463	spring	2	3	19269	660	710	19269	3540	3590	19269	6420	6470
IE___464	fall	1	1	12784	0	0
IE___465	fall	2	2	44772	2010	2085	44772	4890	4965
IE___465	fall	2	2	44773	2010	2085	44773	4890	4965
IE___466	spring	2	3	37765	780	830	37765	3660	3710	37765	6540	6590
IE___466	spring	2	3	37766	780	830	37766	3660	3710	37766	6540	6590
IE___467	fall	2	3	12785	660	710	12785	3540	3590	12785	6420	6470
IE___467	fall	2	3	20378	660	710	20378	3540	3590	20378	6420	6470
IE___471	fall	2	3	12787	900	950	12787	3780	3830	12787	6660	6710
IE___471	fall	2	3	20379	900	950	20379	3780	3830	20379	6660	6710
IE___472	spring	2	3	16570	840	890	16570	3720	3770	16570	6600	6650
IE___472	spring	2	3	19538	840	890	19538	3720	3770	19538	6600	6650
IE___473	fall	2	3	35388	840	890	35388	3720	3770	35388	6600	6650
IE___473	fall	2	3	35475	840	890	35475	3720	3770	35475	6600	6650
IE___481	fall	2	2	49202	2370	2445	49202	5250	5325
IE___481	fall	2	2	49203	2370	2445	49203	5250	5325
IE___481	spring	2	2	44618	2370	2445	44618	5250	5325
IE___481	spring	2	2	44619	2370	2445	44619	5250	5325
IE___494	fall	1	1	39098	0	0
IE___494	spring	2	2	32349	900	975	32349	3780	3855
IE___494	spring	2	2	32350	900	975	32350	3780	3855
IE___496	fall	1	1	41955	0	0
IE___497	fall	1	1	41909	0	0
IE___497	spring	1	1	40409	0	0
IE___499	fall	1	1	43938	3900	3950
IE___499	spring	1	1	38366	3900	3950
IE___511	spring	1	2	21798	2370	2420	21798	5250	5300
IE___542	fall	1	2	44828	2280	2355	44828	5160	5235
IE___567	fall	1	2	32062	2010	2085	32062	4890	4965
IE___567	spring	1	2	33583	3630	3705	33583	6510	6585
IE___571	fall	1	2	33552	2190	2265	33552	5070	5145
IE___571	spring	1	1	37284	5430	5580
IE___576	fall	1	1	33084	0	0
IE___594	fall	1	2	38914	2370	2445	38914	5250	5325
IE___594	spring	2	2	39728	2370	2445	39728	5250	5325
IE___594	spring	2	3	42198	720	770	42198	3600	3650	42198	6480	6530
IE___595	fall	1	1	29573	0	0
IE___595	spring	1	1	24441	0	0
IE___596	fall	1	1	17393	0	0
IE___596	spring	1	1	29787	0	0
IE___598	fall	1	1	44227	0	0
IE___598	spring	1	1	38610	0	0
IE___599	fall	1	1	20601	0	0
IE___599	spring	1	1	38611	0	0
