AH___100	fall	3	2	10038	1920	1995	10038	4800	4875
AH___100	fall	3	3	31613	600	650	31613	3480	3530	31613	6360	6410
AH___100	fall	3	3	42789	840	890	42789	3720	3770	42789	6600	6650
AH___100	spring	4	2	22801	2370	2445	22801	5250	5325
AH___100	spring	4	3	26464	900	950	26464	3780	3830	26464	6660	6710
AH___100	spring	4	2	36950	900	975	36950	3780	3855
AH___100	spring	4	2	42496	570	645	42496	3450	3525
AH___101	spring	1	2	37790	840	890	37790	3720	3770
AH___122	fall	1	2	32181	2100	2175	32181	4980	5055
AH___122	spring	1	2	28592	2370	2445	28592	5250	5325
AH___125	fall	1	2	41012	2280	2355	41012	5160	5235
AH___130	fall	1	3	38193	840	890	38193	3720	3770	38193	6600	6650
AH___130	spring	1	2	39221	2010	2085	39221	4890	4965
AH___140	spring	1	2	47002	2100	2175	47002	4980	5055
AH___150	spring	1	1	46495	2280	2355
AH___160	fall	1	2	23943	900	975	23943	3780	3855
AH___160	spring	1	2	19744	900	975	19744	3780	3855
AH___172	fall	1	3	47113	780	830	47113	3660	3710	47113	6540	6590
AH___172	spring	1	2	48072	570	645	48072	3450	3525
AH___180	fall	2	1	38682	2280	2355
AH___180	fall	2	2	39384	2010	2085	39384	4890	4965
AH___180	spring	1	1	39631	5160	5235
AH___201	fall	1	3	37263	660	710	37263	3540	3590	37263	6420	6470
AH___201	spring	1	2	31002	990	1065	31002	3870	3945
AH___204	fall	2	2	10122	2190	2265	10122	5070	5145
AH___204	fall	2	3	10124	840	890	10124	3720	3770	10124	6600	6650
AH___205	spring	1	3	13870	720	770	13870	3600	3650	13870	6480	6530
AH___206	fall	2	1	45350	5250	5400
AH___206	fall	2	1	45351	5250	5400
AH___206	spring	1	2	37914	2460	2535	37914	5340	5415
AH___207	fall	5	2	28929	570	645	28929	3450	3525
AH___207	fall	5	2	29959	2280	2355	29959	5160	5235
AH___207	fall	5	2	31615	2040	2115	31615	4920	4995
AH___207	fall	5	3	31616	540	590	31616	3420	3470	31616	6300	6350
AH___207	fall	5	3	31617	540	590	31617	3420	3470	31617	6300	6350
AH___208	fall	2	2	33161	2520	2595	33161	5400	5475
AH___208	fall	2	2	34428	2280	2355	34428	5160	5235
AH___209	fall	2	2	32131	2190	2265	32131	5070	5145
AH___209	fall	2	2	32132	2190	2265	32132	5070	5145
AH___210	fall	2	2	33625	1920	1995	33625	4800	4875
AH___210	fall	2	2	33626	1920	1995	33626	4800	4875
AH___211	fall	2	2	29920	570	645	29920	3450	3525
AH___211	fall	2	2	29921	570	645	29921	3450	3525
AH___218	spring	1	3	35880	780	830	35880	3660	3710	35880	6540	6590
AH___219	fall	2	2	32182	570	645	32182	3450	3525
AH___219	fall	2	2	32183	570	645	32183	3450	3525
AH___219	spring	1	2	42820	1920	1995	42820	4800	4875
AH___221	fall	4	2	29926	2010	2085	29926	4890	4965
AH___221	fall	4	2	29927	2010	2085	29927	4890	4965
AH___221	fall	4	3	35374	600	650	35374	3480	3530	35374	6360	6410
AH___221	fall	4	3	35375	600	650	35375	3480	3530	35375	6360	6410
AH___222	fall	2	3	27778	600	650	27778	3480	3530	27778	6360	6410
AH___222	fall	2	3	27781	600	650	27781	3480	3530	27781	6360	6410
AH___225	fall	2	3	31618	780	830	31618	3660	3710	31618	6540	6590
AH___225	fall	2	3	31619	780	830	31619	3660	3710	31619	6540	6590
AH___230	fall	2	2	10121	2280	2355	10121	5160	5235
AH___230	fall	2	2	10126	2280	2355	10126	5160	5235
AH___232	fall	1	1	10130	3660	3770
AH___233	spring	1	1	13881	900	1010
AH___234	fall	1	2	34429	2520	2625	34429	5400	5505
AH___235	fall	1	2	10143	720	770	10143	3600	3650
AH___236	spring	1	2	47035	720	770	47035	3600	3650
AH___243	fall	2	2	31620	2010	2085	31620	4890	4965
AH___243	fall	2	2	31621	2010	2085	31621	4890	4965
AH___244	fall	2	2	33162	2010	2085	33162	4890	4965
AH___244	fall	2	2	33164	2010	2085	33164	4890	4965
AH___246	fall	1	3	44022	660	710	44022	3540	3590	44022	6420	6470
AH___248	fall	1	2	41668	2100	2175	41668	4980	5055
AH___248	spring	1	2	35938	2100	2175	35938	4980	5055
AH___250	fall	2	2	34430	2190	2265	34430	5070	5145
AH___250	fall	2	2	34431	2100	2175	34431	4980	5055
AH___251	fall	1	2	29553	2010	2085	29553	4890	4965
AH___252	fall	2	2	35366	2190	2265	35366	5070	5145
AH___252	fall	2	2	35367	2100	2175	35367	4980	5055
AH___252	spring	1	2	30057	2190	2265	30057	5070	5145
AH___253	spring	1	2	34168	2280	2355	34168	5160	5235
AH___259	fall	1	2	48524	2100	2175	48524	4980	5055
AH___260	fall	2	2	10154	2100	2175	10154	4980	5055
AH___260	fall	2	2	10155	2100	2175	10155	4980	5055
AH___260	spring	1	2	33013	2100	2175	33013	4980	5055
AH___261	fall	2	2	34432	2280	2355	34432	5160	5235
AH___261	fall	2	3	34434	720	770	34434	3600	3650	34434	6480	6530
AH___261	spring	1	2	31010	2100	2175	31010	4980	5055
AH___262	fall	2	2	34433	570	645	34433	3450	3525
AH___262	fall	2	2	34435	570	645	34435	3450	3525
AH___263	fall	1	3	41505	780	830	41505	3660	3710	41505	6540	6590
AH___263	spring	1	2	28600	2010	2085	28600	4890	4965
AH___264	fall	2	2	38194	2280	2355	38194	5160	5235
AH___264	fall	2	2	38195	2280	2355	38195	5160	5235
AH___264	spring	1	2	33016	2370	2445	33016	5250	5325
AH___265	fall	2	2	42297	990	1065	42297	3870	3945
AH___265	fall	2	2	42298	990	1065	42298	3870	3945
AH___265	spring	1	2	46475	2010	2085	46475	4890	4965
AH___270	fall	1	2	49231	900	975	49231	3780	3855
AH___271	fall	3	2	35369	2280	2355	35369	5160	5235
AH___271	fall	3	3	35370	540	590	35370	3420	3470	35370	6300	6350
AH___271	fall	3	3	42790	780	830	42790	3660	3710	42790	6540	6590
AH___273	fall	2	2	31622	2010	2085	31622	4890	4965
AH___273	fall	2	3	31623	600	650	31623	3480	3530	31623	6360	6410
AH___274	fall	3	3	10157	660	710	10157	3540	3590	10157	6420	6470
AH___274	fall	3	3	10158	660	710	10158	3540	3590	10158	6420	6470
AH___274	fall	3	3	40266	660	710	40266	3540	3590	40266	6420	6470
AH___274	spring	1	1	36771	6420	6470
AH___275	fall	2	2	29924	2280	2355	29924	5160	5235
AH___275	fall	2	2	29925	2190	2265	29925	5070	5145
AH___275	spring	1	2	40711	2190	2265	40711	5070	5145
AH___278	fall	2	2	33165	2370	2445	33165	5250	5325
AH___278	fall	2	2	33166	2370	2445	33166	5250	5325
AH___300	fall	1	1	42265	5250	5415
AH___301	fall	1	2	35368	570	645	35368	3450	3525
AH___302	fall	1	1	39395	3780	3830
AH___302	spring	1	1	39227	2370	2420
AH___304	fall	1	1	33747	840	990
AH___404	fall	2	2	25108	990	1065	25108	3870	3945
AH___404	fall	2	2	25110	990	1065	25110	3870	3945
AH___404	spring	2	1	28606	3780	3930
AH___404	spring	2	1	28734	3780	3930
AH___407	fall	2	3	36559	720	770	36559	3600	3650	36559	6480	6530
AH___407	fall	2	3	36560	720	770	36560	3600	3650	36560	6480	6530
AH___422	fall	2	1	33167	2280	2450
AH___422	fall	2	1	33427	2280	2450
AH___423	fall	1	1	29971	2520	2700
AH___430	fall	2	1	31625	2490	2670
AH___430	fall	2	1	32126	2490	2670
AH___431	fall	1	1	42264	2370	2520
AH___450	fall	1	1	48214	2370	2520
AH___450	spring	2	1	28610	900	1050
AH___450	spring	2	1	28736	900	1050
AH___455	spring	2	1	48360	900	1050
AH___455	spring	2	1	48361	900	1050
AH___460	fall	4	1	34436	5250	5400
AH___460	fall	4	1	34606	3960	4110
AH___460	fall	4	1	35784	3960	4110
AH___460	fall	4	1	36236	5250	5400
AH___460	spring	2	1	39439	1020	1170
AH___460	spring	2	1	39440	1020	1170
AH___463	fall	2	1	34450	5400	5580
AH___463	fall	2	1	34607	5400	5580
AH___465	fall	2	1	37961	2100	2280
AH___465	fall	2	1	37962	2100	2280
AH___465	spring	2	1	44152	2370	2520
AH___465	spring	2	1	44165	2370	2520
AH___466	fall	2	1	44910	900	1050
AH___466	fall	2	1	44913	900	1050
AH___470	fall	2	1	33168	900	1050
AH___470	fall	2	1	33428	900	1050
AH___470	spring	2	1	30064	900	1050
AH___470	spring	2	1	30211	900	1050
AH___471	fall	2	1	27747	2550	2700
AH___471	fall	2	1	27841	2550	2700
AH___471	spring	2	1	30066	5250	5400
AH___471	spring	2	1	30212	5250	5400
AH___480	fall	1	1	42270	3780	3930
AH___481	fall	2	1	29928	5040	5220
AH___481	fall	2	1	30219	5040	5220
AH___510	fall	1	1	10246	900	1050
AH___511	fall	1	1	40042	2370	2520
AH___512	fall	2	1	10248	6540	6660
AH___512	fall	2	1	44175	6660	6780
AH___512	spring	1	1	13897	6540	6660
AH___513	fall	1	1	49232	3780	3930
AH___522	fall	1	1	33170	2370	2520
AH___522	spring	1	1	30068	3780	3930
AH___531	fall	1	1	43870	2550	2700
AH___531	spring	1	1	42841	2370	2520
AH___540	fall	1	1	29955	5400	5580
AH___550	fall	1	1	47114	5250	5400
AH___560	fall	2	1	31629	3960	4125
AH___560	fall	2	1	35755	4860	5040
AH___561	fall	2	1	31633	2370	2535
AH___561	fall	2	1	33951	6360	6510
AH___562	fall	3	1	32350	5160	5340
AH___562	fall	3	1	37955	2370	2535
AH___562	fall	3	1	42290	3960	4110
AH___562	spring	1	1	33019	3990	4140
AH___570	fall	1	1	34438	2370	2535
