ISA__100	fall	17	1	23945	5100	5150
ISA__100	fall	17	1	34784	2040	2090
ISA__100	fall	17	1	34785	720	770
ISA__100	fall	17	1	34786	3540	3590
ISA__100	fall	17	1	34787	2340	2390
ISA__100	fall	17	1	34788	6480	6530
ISA__100	fall	17	1	34789	6300	6350
ISA__100	fall	17	1	34790	2400	2450
ISA__100	fall	17	1	34791	2100	2150
ISA__100	fall	17	1	34792	3480	3530
ISA__100	fall	17	1	34793	3600	3650
ISA__100	fall	17	1	38604	4920	4970
ISA__100	fall	17	1	40390	5040	5090
ISA__100	fall	17	1	40391	3660	3710
ISA__100	fall	17	1	40392	4980	5030
ISA__100	fall	17	1	42869	3780	3830
ISA__100	fall	17	1	42870	5160	5210
ISA__300	fall	1	1	39467	5160	5325
