NUPR___405	4
NUPR___415	4
NUPR___416	3
NUPR___506	3
NUPR___514	1,2,3,4
NUPR___520	3
NUPR___522	5
NUPR___523	5
NUPR___531	3,4,5,6,7,8
NUPR___532	3,4,5,6,7,8,9
NUPR___533	2,3,4,5,6
NUPR___539	5
NUPR___540	5
NUPR___541	5
NUPR___551	1,2,3,4,5,6,7,8,9
NUPR___552	1,2,3,4,5,6,7,8,9
NUPR___556	4
NUPR___557	2,3,4,5
NUPR___572	1,2,3,4,5,6,7,8,9
NUPR___573	1,2,3,4,5,6,7,8,9
NUPR___574	1,2,3,4,5,6,7,8,9
NUPR___575	1,2,3,4
NUPR___580	1,2,3,4,5,6,7,8,9
NUPR___591	4
NUPR___593	1,2,3,4,5
NUPR___594	3
NUPR___595	1,2,3,4,5,6
NUPR___597	4
