UNI__101	fall	2	3	12300	2280	2330	12300	5160	5210	12300	6600	6650
UNI__101	fall	2	3	13371	6600	6650	13371	2280	2330	13371	5160	5210
UNI__101	spring	1	3	12253	1980	2030	12253	4860	4910	12253	6300	6350
UNI__301	fall	10	1	12818	3960	4050
UNI__301	fall	10	1	12819	3960	4050
UNI__301	fall	10	1	12820	3960	4050
UNI__301	fall	10	1	13280	0	0
UNI__301	fall	10	1	13281	0	0
UNI__301	fall	10	1	13785	0	0
UNI__301	fall	10	1	13786	0	0
UNI__301	fall	10	1	14130	0	0
UNI__301	fall	10	1	14131	0	0
UNI__301	fall	10	1	14132	0	0
UNI__301	spring	11	1	12782	3960	4050
UNI__301	spring	11	1	12783	3960	4050
UNI__301	spring	11	1	12784	3960	4050
UNI__301	spring	11	1	12786	0	0
UNI__301	spring	11	1	12787	0	0
UNI__301	spring	11	1	14114	0	0
UNI__301	spring	11	1	14116	0	0
UNI__301	spring	11	1	14118	0	0
UNI__301	spring	11	1	14119	0	0
UNI__301	spring	11	1	14123	0	0
UNI__301	spring	11	1	14213	0	0
UNI__460	spring	1	1	13421	0	0
UNI__470	fall	1	1	12550	0	0
UNI__470	spring	1	1	12468	0	0
UNI__480	fall	1	1	12111	0	0
UNI__480	spring	1	1	10710	0	0
UNI__490	fall	1	1	14482	0	0
