EOHS_401	fall	1	1	42990	780	885
EOHS_402	spring	1	2	42102	780	870	42102	3660	3750
EOHS_405	fall	1	1	14531	3660	3765
EOHS_408	spring	1	2	45409	2475	2550	45409	5355	5430
EOHS_421	fall	1	1	44095	3660	3765
EOHS_424	fall	1	1	49400	6270	6330
EOHS_425	spring	1	1	34501	5220	5340
EOHS_426	spring	1	1	34502	1950	2130
EOHS_427	fall	1	1	46685	6360	6480
EOHS_440	fall	1	1	21584	5340	5490
EOHS_441	fall	2	3	30316	960	1010	30316	3840	3890	30316	6720	6770
EOHS_441	fall	2	3	30317	960	1010	30317	3840	3890	30317	6720	6770
EOHS_460	fall	2	2	28479	570	645	28479	3450	3525
EOHS_460	fall	2	2	28480	570	645	28480	3450	3525
EOHS_480	fall	1	1	33759	3960	4050
EOHS_494	fall	1	1	48882	6540	6600
EOHS_495	fall	1	1	33760	3600	3650
EOHS_495	spring	1	1	41627	3600	3650
EOHS_501	fall	1	2	43306	2220	2310	43306	5100	5190
EOHS_502	spring	1	2	42103	900	1005	42103	3780	3885
EOHS_503	fall	1	1	42991	3780	3900
EOHS_511	fall	1	1	43016	2040	2160
EOHS_530	fall	1	2	33949	3480	3590	33949	6360	6470
EOHS_536	spring	1	1	37195	780	885
EOHS_551	fall	1	2	33473	900	990	33473	3780	3870
EOHS_553	spring	1	1	26746	2040	2160
EOHS_556	spring	1	1	14152	2340	2490
EOHS_563	spring	1	1	34500	540	720
EOHS_571	spring	1	1	26747	4860	5010
EOHS_594	fall	2	1	38051	4860	4910
EOHS_594	fall	2	1	48918	3420	3570
EOHS_594	spring	1	1	21878	1980	2130
EOHS_595	fall	1	1	36520	3660	3710
