CL___100	1	2	37053	2370	2445	37053	5250	5325
CL___101	2	3	34214	900	950	34214	3780	3830	34214	6660	6710
CL___101	2	3	34215	660	710	34215	3540	3590	34215	6420	6470
CL___102	3	2	21102	2010	2085	21102	4890	4965
CL___102	3	2	33141	2280	2355	33141	5160	5235
CL___102	3	3	33142	780	830	33142	3660	3710	33142	6540	6590
CL___103	2	3	30213	660	710	30213	3540	3590	30213	6420	6470
CL___103	2	3	37104	840	890	37104	3720	3770	37104	6600	6650
CL___124	1	2	41148	2100	2175	41148	4980	5055
CL___128	1	2	48679	2370	2445	48679	5250	5325
CL___201	2	2	32296	1920	1995	32296	4800	4875
CL___201	2	3	37271	900	950	37271	3780	3830	37271	6660	6710
CL___202	1	2	34769	2280	2355	34769	5160	5235
CL___203	2	2	35178	2280	2355	35178	5160	5235
CL___203	2	2	37584	2190	2265	37584	5070	5145
CL___204	2	2	10749	2190	2265	10749	5070	5145
CL___204	2	3	10754	840	890	10754	3720	3770	10754	6600	6650
CL___205	1	3	14308	720	770	14308	3600	3650	14308	6480	6530
CL___208	2	2	34218	2010	2085	34218	4890	4965
CL___208	2	3	34219	840	890	34219	3720	3770	34219	6600	6650
CL___211	2	2	31593	1920	1995	31593	4800	4875
CL___211	2	2	43715	900	975	43715	3780	3855
CL___218	1	3	35425	780	830	35425	3660	3710	35425	6540	6590
CL___219	2	2	35427	2370	2445	35427	5250	5325
CL___219	2	2	37582	2100	2175	37582	4980	5055
CL___220	2	1	30778	2280	2355
CL___220	2	1	41686	2010	2085
CL___225	1	2	25707	2010	2085	25707	4890	4965
CL___232	1	2	47501	2370	2445	47501	5250	5325
CL___242	1	3	26576	720	770	26576	3600	3650	26576	6480	6530
CL___250	1	2	33143	2010	2085	33143	4890	4965
CL___251	1	2	34216	2280	2355	34216	5160	5235
CL___252	1	2	42082	2280	2355	42082	5160	5235
CL___291	1	1	33148	2100	2175
CL___297	1	2	42255	2280	2355	42255	5160	5235
CL___298	1	2	41762	2010	2085	41762	4890	4965
CL___340	1	2	39374	2280	2355	39374	5160	5235
CL___391	1	1	37059	2010	2085
CL___405	1	1	44692	2370	2520
CL___408	1	1	36563	2370	2520
CL___466	1	1	45440	900	1050
