IDS___200	43	2	24418	2370	2445	24418	5250	5325
IDS___200	43	1	24423	2040	2090
IDS___200	43	1	24424	900	950
IDS___200	43	1	24429	6540	6590
IDS___200	43	3	26140	720	770	26140	3600	3650	26140	6480	6530
IDS___200	43	1	26141	6420	6470
IDS___200	43	1	26221	6360	6410
IDS___200	43	1	26222	3540	3590
IDS___200	43	1	26225	4980	5030
IDS___200	43	1	26226	3720	3770
IDS___200	43	1	26227	600	650
IDS___200	43	1	26228	2100	2150
IDS___200	43	1	30260	3540	3590
IDS___200	43	1	30261	4980	5030
IDS___200	43	1	30291	4860	4910
IDS___200	43	1	30293	2040	2090
IDS___200	43	3	31932	600	650	31932	3480	3530	31932	6360	6410
IDS___200	43	2	32947	2190	2265	32947	5070	5145
IDS___200	43	1	36262	6300	6350
IDS___200	43	2	40945	2010	2085	40945	4890	4965
IDS___200	43	1	41006	6240	6290
IDS___200	43	1	42049	3360	3410
IDS___200	43	2	42062	2010	2085	42062	4890	4965
IDS___200	43	2	42511	2010	2085	42511	4890	4965
IDS___200	43	3	42697	900	950	42697	3780	3830	42697	6660	6710
IDS___200	43	1	42711	3780	3830
IDS___200	43	1	44107	3480	3530
IDS___200	43	1	44109	5160	5210
IDS___200	43	3	44267	840	890	44267	3720	3770	44267	6600	6650
IDS___200	43	1	44269	6360	6410
IDS___200	43	1	44270	6660	6710
IDS___200	43	1	44271	6240	6290
IDS___200	43	1	44273	720	770
IDS___200	43	1	44274	3600	3650
IDS___200	43	1	44275	540	590
IDS___200	43	1	44276	2400	2450
IDS___200	43	3	45557	1020	1070	45557	3900	3950	45557	6780	6830
IDS___200	43	1	45558	2400	2450
IDS___200	43	1	45559	540	590
IDS___200	43	1	45560	660	710
IDS___200	43	1	45562	3840	3890
IDS___200	43	1	45564	6480	6530
IDS___200	43	1	46573	2160	2210
IDS___201	2	2	26964	2370	2445	26964	5250	5325
IDS___201	2	2	36934	2010	2085	36934	4890	4965
IDS___270	9	3	31167	840	890	31167	3720	3770	31167	6600	6650
IDS___270	9	2	43843	2370	2445	43843	5250	5325
IDS___270	9	2	45428	2370	2445	45428	5250	5325
IDS___270	9	3	45429	780	830	45429	3660	3710	45429	6540	6590
IDS___270	9	2	45430	2100	2175	45430	4980	5055
IDS___270	9	3	45704	780	830	45704	3660	3710	45704	6540	6590
IDS___270	9	2	46197	2100	2175	46197	4980	5055
IDS___270	9	3	46490	720	770	46490	3600	3650	46490	6480	6530
IDS___270	9	2	46491	1920	1995	46491	4800	4875
IDS___312	3	1	25546	3960	4110
IDS___312	3	1	31936	3960	4110
IDS___312	3	1	49697	6720	6870
IDS___313	1	2	32086	2280	2355	32086	5160	5235
IDS___331	4	2	21806	2280	2355	21806	5160	5235
IDS___331	4	3	31937	480	530	31937	3360	3410	31937	6240	6290
IDS___331	4	2	32087	1920	1995	32087	4800	4875
IDS___331	4	2	43506	2010	2085	43506	4890	4965
IDS___355	11	2	16721	2370	2445	16721	5250	5325
IDS___355	11	2	19426	2190	2265	19426	5070	5145
IDS___355	11	3	38411	660	710	38411	3540	3590	38411	6420	6470
IDS___355	11	2	43507	2190	2265	43507	5070	5145
IDS___355	11	2	45390	2370	2445	45390	5250	5325
IDS___355	11	2	45391	2100	2175	45391	4980	5055
IDS___355	11	3	46115	720	770	46115	3600	3650	46115	6480	6530
IDS___355	11	3	46116	900	950	46116	3780	3830	46116	6660	6710
IDS___355	11	3	46117	540	590	46117	3420	3470	46117	6300	6350
IDS___355	11	2	47299	2010	2085	47299	4890	4965
IDS___355	11	2	47812	2010	2085	47812	4890	4965
IDS___371	4	3	31935	600	650	31935	3480	3530	31935	6360	6410
IDS___371	4	2	37408	2280	2355	37408	5160	5235
IDS___371	4	3	41711	720	770	41711	3600	3650	41711	6480	6530
IDS___371	4	3	46182	900	950	46182	3780	3830	46182	6660	6710
IDS___400	4	1	41716	5430	5580
IDS___400	4	1	42611	5430	5580
IDS___400	4	1	42612	5430	5580
IDS___400	4	1	47670	5430	5580
IDS___401	4	2	16733	2010	2085	16733	4890	4965
IDS___401	4	2	20266	2010	2085	20266	4890	4965
IDS___401	4	2	26967	2100	2175	26967	4980	5055
IDS___401	4	2	26978	2100	2175	26978	4980	5055
IDS___403	2	1	38064	3960	4110
IDS___403	2	1	38065	3960	4110
IDS___405	2	2	14025	2280	2355	14025	5160	5235
IDS___405	2	2	20387	2280	2355	20387	5160	5235
IDS___406	4	1	33417	3780	3945
IDS___406	4	1	33418	3780	3945
IDS___406	4	1	39956	2370	2520
IDS___406	4	1	39957	2370	2520
IDS___410	7	2	14066	2190	2265	14066	5070	5145
IDS___410	7	2	16737	2190	2265	16737	5070	5145
IDS___410	7	2	19284	2190	2265	19284	5070	5145
IDS___410	7	2	20388	2190	2265	20388	5070	5145
IDS___410	7	1	39046	2550	2700
IDS___410	7	1	39047	2550	2700
IDS___410	7	1	39935	2550	2700
IDS___413	1	3	33735	660	710	33735	3540	3590	33735	6420	6470
IDS___420	2	2	25395	2190	2265	25395	5070	5145
IDS___420	2	2	33589	2190	2265	33589	5070	5145
IDS___422	2	2	29559	570	645	29559	3450	3525
IDS___422	2	2	29569	570	645	29569	3450	3525
IDS___435	4	2	45938	2370	2445	45938	5250	5325
IDS___435	4	2	45939	2370	2445	45939	5250	5325
IDS___435	4	2	48878	2370	2445	48878	5250	5325
IDS___435	4	2	48879	2370	2445	48879	5250	5325
IDS___450	2	1	43510	2550	2700
IDS___450	2	1	43511	2550	2700
IDS___451	2	2	38537	660	710	38537	3540	3590
IDS___451	2	2	38541	660	710	38541	3540	3590
IDS___453	2	1	46471	1110	1260
IDS___453	2	1	47598	1110	1260
IDS___454	2	1	34801	5250	5400
IDS___454	2	1	34803	5250	5400
IDS___460	2	2	48330	2100	2175	48330	4980	5055
IDS___460	2	2	49460	2100	2175	49460	4980	5055
IDS___462	2	2	37610	990	1065	37610	3870	3945
IDS___462	2	2	37611	990	1065	37611	3870	3945
IDS___470	2	2	34795	2190	2265	34795	5070	5145
IDS___470	2	2	34796	2190	2265	34796	5070	5145
IDS___472	4	2	27469	2100	2175	27469	4980	5055
IDS___472	4	2	27470	2100	2175	27470	4980	5055
IDS___472	4	2	38849	1920	1995	38849	4800	4875
IDS___472	4	2	38850	1920	1995	38850	4800	4875
IDS___473	1	3	23273	780	830	23273	3660	3710	23273	6540	6590
IDS___475	2	2	43436	2280	2355	43436	5160	5235
IDS___475	2	2	47810	2280	2355	47810	5160	5235
IDS___476	2	2	41129	2280	2355	41129	5160	5235
IDS___476	2	2	41151	2280	2355	41151	5160	5235
IDS___494	7	2	37589	990	1065	37589	3870	3945
IDS___494	7	1	48305	1080	1230
IDS___494	7	1	48306	1080	1230
IDS___494	7	1	48496	3960	4110
IDS___494	7	1	49033	3960	4110
IDS___494	7	2	49539	2370	2445	49539	5250	5325
IDS___494	7	2	49540	2370	2445	49540	5250	5325
IDS___495	4	1	16749	2550	2700
IDS___495	4	1	20874	3780	3930
IDS___495	4	1	41721	2370	2520
IDS___495	4	1	43514	5250	5400
IDS___506	1	1	27476	5250	5400
IDS___507	2	1	38610	5430	5580
IDS___507	2	1	47240	3960	4170
IDS___509	2	1	43677	1080	1230
IDS___509	2	1	48248	900	1050
IDS___511	1	2	14086	2280	2355	14086	5160	5235
IDS___515	1	1	25422	1080	1230
IDS___517	2	1	21007	2370	2520
IDS___517	2	1	21170	2370	2535
IDS___518	1	1	29073	1080	1230
IDS___520	2	1	14090	5430	5580
IDS___520	2	1	24828	5430	5580
IDS___521	3	1	14091	2550	2700
IDS___521	3	1	16760	2550	2700
IDS___521	3	1	46899	900	1050
IDS___532	5	1	28716	3960	4110
IDS___532	5	1	31008	6360	6525
IDS___532	5	1	39797	2550	2700
IDS___532	5	1	40437	5430	5580
IDS___532	5	2	45393	2460	2535	45393	5340	5415
IDS___534	2	1	41724	3780	3930
IDS___534	2	1	45303	3960	4110
IDS___535	2	1	42243	3780	3945
IDS___535	2	1	45304	3960	4110
IDS___540	1	1	41005	3960	4110
IDS___542	1	1	40573	2550	2700
IDS___552	3	2	27838	2460	2535	27838	5340	5415
IDS___552	3	1	36936	2370	2520
IDS___552	3	1	48176	6270	6420
IDS___555	2	1	45279	5430	5580
IDS___555	2	1	47242	3960	4170
IDS___558	1	1	42667	2370	2520
IDS___560	2	1	38379	5430	5580
IDS___560	2	1	39444	1080	1230
IDS___561	1	1	38536	2370	2535
IDS___564	1	1	38060	2550	2700
IDS___566	1	1	41102	6840	6990
IDS___567	3	1	38251	3780	3930
IDS___567	3	1	39716	6840	6990
IDS___567	3	1	46826	3780	3930
IDS___568	1	1	49499	5430	5580
IDS___570	2	1	34924	3960	4110
IDS___570	2	1	46831	1080	1230
IDS___571	1	1	37283	5430	5580
IDS___572	3	1	24370	2550	2700
IDS___572	3	1	37151	3960	4110
IDS___572	3	1	38886	3960	4110
IDS___575	2	1	38069	1080	1230
IDS___575	2	1	42707	5430	5580
IDS___576	2	1	38063	3960	4110
IDS___576	2	1	41099	5250	5415
IDS___584	1	1	49740	6840	6990
IDS___594	5	1	39447	6840	6990
IDS___594	5	1	41095	6840	6990
IDS___594	5	1	44420	3780	3930
IDS___594	5	1	45280	5430	5580
IDS___594	5	2	49071	2370	2445	49071	5250	5325
IDS___595	3	1	27398	900	1050
IDS___595	3	1	29382	3420	3530
IDS___595	3	1	40668	6420	6570
