PHAR_200	fall	1	1	47272	4890	4970
PHAR_200	spring	1	1	48195	4890	5000
PHAR_201	fall	1	2	49344	2370	2445	49344	5250	5325
PHAR_201	spring	1	2	40544	2190	2270	40544	5070	5150
PHAR_410	fall	2	1	39318	630	680
PHAR_410	fall	2	1	39319	630	680
PHAR_411	fall	3	2		570	620		570	620
PHAR_411	fall	3	1	39341	3450	3560
PHAR_411	fall	3	1	39345	3450	3560
PHAR_414	spring	2	1	40394	1950	2000
PHAR_414	spring	2	1	40397	1950	2000
PHAR_422	fall	2	3	39354	510	560	39354	3390	3440	39354	6270	6320
PHAR_422	fall	2	3	39356	510	560	39356	3390	3440	39356	6270	6320
PHAR_423	spring	2	3	38919	510	560	38919	4830	4880	38919	6270	6320
PHAR_423	spring	2	3	38921	510	560	38921	4830	4880	38921	6270	6320
PHAR_431	fall	3	2		3690	3740		3690	3740
PHAR_431	fall	3	1	39358	690	740
PHAR_431	fall	3	1	39363	690	740
PHAR_432	spring	2	1	38923	6570	6620
PHAR_432	spring	2	1	38925	6570	6620
PHAR_433	fall	2	1	41110	4950	5000
PHAR_433	fall	2	1	41119	4950	5000
PHAR_434	spring	5	1	40422	3510	3560
PHAR_434	spring	5	1	40423	5130	5360
PHAR_434	spring	5	1	40424	6270	6500
PHAR_434	spring	5	1	40427	3510	3560
PHAR_434	spring	5	1	40428	6270	6500
PHAR_435	fall	2	2	39366	3570	3620	39366	6450	6500
PHAR_435	fall	2	2	39371	3570	3620	39371	6450	6500
PHAR_438	spring	2	2	39198	2250	2300	39198	5130	5180
PHAR_438	spring	2	2	39201	2250	2300	39201	5130	5180
PHAR_440	spring	5	2	40432	510	560	40432	3390	3440
PHAR_440	spring	5	1	40433	5130	5240
PHAR_440	spring	5	1	40434	6570	6680
PHAR_440	spring	5	2	40435	510	560	40435	3390	3440
PHAR_440	spring	5	1	40436	5130	5240
PHAR_461	spring	3	4		2250	2300		5130	5180		2250	2300		5130	5180
PHAR_461	spring	3	1	39202	570	620
PHAR_461	spring	3	1	39203	570	620
PHAR_462	fall	2	1	40909	2010	2120
PHAR_462	fall	2	1	40921	2010	2120
PHAR_463	fall	2	1	40910	570	620
PHAR_463	fall	2	1	40922	570	620
PHAR_464	fall	3	2		2010	2120		2010	2120
PHAR_464	fall	3	1	40914	4890	4940
PHAR_464	fall	3	1	40924	4890	4940
PHAR_501	spring	2	1	39172	630	740
PHAR_501	spring	2	1	39175	630	740
PHAR_502	spring	2	2	39177	5010	5060	39177	6450	6500
PHAR_502	spring	2	2	39180	5010	5060	39180	6450	6500
PHAR_503	fall	2	2	40915	690	740	40915	2130	2180
PHAR_503	fall	2	2	40925	690	740	40925	2130	2180
PHAR_504	fall	2	3	40918	510	560	40918	1950	2000	40918	4830	4880
PHAR_504	fall	2	3	40927	510	560	40927	1950	2000	40927	4830	4880
PHAR_505	spring	3	4		810	860		2250	2300		810	860		2250	2300
PHAR_505	spring	3	1	40437	3570	3620
PHAR_505	spring	3	1	40440	3570	3620
PHAR_506	spring	2	3	40442	570	620	40442	3450	3500	40442	4890	4940
PHAR_506	spring	2	3	40445	570	620	40445	3450	3500	40445	4890	4940
PHAR_507	fall	2	3	42170	2130	2180	42170	3570	3620	42170	5010	5060
PHAR_507	fall	2	3	42173	2130	2180	42173	3570	3620	42173	5010	5060
PHAR_508	fall	3	2		3510	3560		3510	3560
PHAR_508	fall	3	1	42175	1950	2000
PHAR_508	fall	3	1	42178	1950	2000
PHAR_509	spring	3	2		810	860		810	860
PHAR_509	spring	3	1	41628	6450	6500
PHAR_509	spring	3	1	41631	6450	6500
PHAR_510	spring	2	2	41633	510	560	41633	6270	6320
PHAR_510	spring	2	2	41635	510	560	41635	6270	6320
PHAR_520	fall	2	1	42180	3390	3500
PHAR_520	fall	2	1	42182	3390	3500
PHAR_565	fall	2	1	42184	2010	2120
PHAR_565	fall	2	1	42185	2010	2120
PHAR_566	spring	2	1	41642	6330	6440
PHAR_566	spring	2	1	41643	6330	6440
PHAR_567	spring	2	1	41645	570	740
PHAR_567	spring	2	1	41646	570	740
