ENGR_100	fall	30	1	49289	480	530
ENGR_100	fall	30	1	49290	3360	3410
ENGR_100	fall	30	1	49291	6240	6290
ENGR_100	fall	30	1	49292	1920	1995
ENGR_100	fall	30	1	49293	4800	4875
ENGR_100	fall	30	1	49294	540	590
ENGR_100	fall	30	1	49295	3420	3470
ENGR_100	fall	30	1	49296	6300	6350
ENGR_100	fall	30	1	49300	2010	2085
ENGR_100	fall	30	1	49301	4890	4965
ENGR_100	fall	30	1	49310	660	710
ENGR_100	fall	30	1	49311	3540	3590
ENGR_100	fall	30	1	49312	6420	6470
ENGR_100	fall	30	1	49318	720	770
ENGR_100	fall	30	1	49319	3600	3650
ENGR_100	fall	30	1	49320	6480	6530
ENGR_100	fall	30	1	49328	780	830
ENGR_100	fall	30	1	49329	3660	3710
ENGR_100	fall	30	1	49330	6540	6590
ENGR_100	fall	30	1	49334	840	890
ENGR_100	fall	30	1	49335	3720	3770
ENGR_100	fall	30	1	49336	6600	6650
ENGR_100	fall	30	1	49337	2370	2445
ENGR_100	fall	30	1	49338	5250	5325
ENGR_100	fall	30	1	49341	900	950
ENGR_100	fall	30	1	49342	3780	3830
ENGR_100	fall	30	1	49343	6660	6710
ENGR_100	fall	30	1	49348	960	1010
ENGR_100	fall	30	1	49349	3840	3890
ENGR_100	fall	30	1	49350	6720	6770
ENGR_100	spring	24	1	47754	600	650
ENGR_100	spring	24	1	47756	3480	3530
ENGR_100	spring	24	1	47757	6360	6410
ENGR_100	spring	24	1	47758	720	770
ENGR_100	spring	24	1	47759	3600	3650
ENGR_100	spring	24	1	47760	6600	6650
ENGR_100	spring	24	1	47761	840	890
ENGR_100	spring	24	1	47762	3720	3770
ENGR_100	spring	24	1	47763	6300	6350
ENGR_100	spring	24	1	47764	900	950
ENGR_100	spring	24	1	47765	6660	6710
ENGR_100	spring	24	1	47766	960	1010
ENGR_100	spring	24	1	47767	3840	3890
ENGR_100	spring	24	1	47768	3780	3830
ENGR_100	spring	24	1	47769	6720	6770
ENGR_100	spring	24	1	47770	540	590
ENGR_100	spring	24	1	47771	3420	3470
ENGR_100	spring	24	1	47772	660	710
ENGR_100	spring	24	1	47773	3540	3590
ENGR_100	spring	24	1	47774	6420	6470
ENGR_100	spring	24	1	47775	780	830
ENGR_100	spring	24	1	47776	3660	3710
ENGR_100	spring	24	1	47777	6540	6590
ENGR_100	spring	24	1	47778	6600	6650
ENGR_101	fall	31	1	50119	840	890
ENGR_101	fall	31	1	50120	480	530
ENGR_101	fall	31	1	50121	540	590
ENGR_101	fall	31	1	50122	660	710
ENGR_101	fall	31	1	50123	720	770
ENGR_101	fall	31	1	50124	780	830
ENGR_101	fall	31	1	50125	900	950
ENGR_101	fall	31	1	50126	960	1010
ENGR_101	fall	31	1	50127	3960	4010
ENGR_101	fall	31	1	50128	2010	2085
ENGR_101	fall	31	1	50129	1920	1970
ENGR_101	fall	31	1	50130	2370	2420
ENGR_101	fall	31	1	50131	3420	3470
ENGR_101	fall	31	1	50132	3360	3410
ENGR_101	fall	31	1	50133	3540	3590
ENGR_101	fall	31	1	50134	3600	3650
ENGR_101	fall	31	1	50135	3660	3710
ENGR_101	fall	31	1	50136	3780	3830
ENGR_101	fall	31	1	50137	3840	3890
ENGR_101	fall	31	1	50138	4890	4965
ENGR_101	fall	31	1	50139	4800	4850
ENGR_101	fall	31	1	50140	5250	5300
ENGR_101	fall	31	1	50141	6240	6290
ENGR_101	fall	31	1	50142	6300	6350
ENGR_101	fall	31	1	50143	6420	6470
ENGR_101	fall	31	1	50144	6480	6530
ENGR_101	fall	31	1	50145	6540	6590
ENGR_101	fall	31	1	50146	6660	6710
ENGR_101	fall	31	1	50147	6720	6770
ENGR_101	fall	31	1	50459	6600	6650
ENGR_101	fall	31	1	50461	3720	3770
ENGR_294	fall	1	1	46845	2370	2445
ENGR_294	spring	1	1	47352	2370	2445
ENGR_394	fall	1	1	50513	2370	2420
ENGR_394	spring	1	1	44663	2370	2445
ENGR_494	fall	1	1	47439	2370	2445
ENGR_494	spring	1	1	47353	2370	2445
