SWK__322	fall	1	1	13125	3960	4110
SWK__322	spring	1	1	13191	3720	3930
SWK__323	fall	1	1	13126	0	0
SWK__323	spring	1	1	13192	0	0
SWK__333	fall	1	1	11750	2520	2730
SWK__333	spring	1	1	11896	2280	2490
SWK__344	fall	1	1	11751	2280	2490
SWK__344	spring	1	1	11897	2520	2730
SWK__355	fall	1	1	11752	3720	3870
SWK__355	spring	1	1	11898	3960	4170
SWK__366	fall	1	1	11753	1080	1290
SWK__366	spring	1	1	11647	840	1050
SWK__377	fall	1	1	11754	3960	4170
SWK__377	spring	1	1	11899	3720	3930
SWK__382	fall	1	1	13750	0	0
SWK__382	spring	1	1	11911	0	0
SWK__425	fall	1	1	10241	0	0
SWK__430	fall	1	1	11755	2280	2490
SWK__430	spring	1	1	11900	2520	2730
SWK__433	fall	1	1	10243	2520	2730
SWK__433	spring	1	1	10735	2280	2490
SWK__434	fall	1	1	10244	3720	3930
SWK__434	spring	1	1	10736	3960	4170
SWK__441	spring	1	1	13602	0	0
SWK__450	fall	1	1	10245	2040	2190
SWK__450	spring	1	1	10739	2040	2250
SWK__462	fall	1	1	11310	0	0
SWK__481	fall	2	1	14711	840	990
SWK__481	fall	2	1	14799	0	0
SWK__481	spring	2	1	14659	0	0
SWK__481	spring	2	1	14909	0	0
