EPSY_100	3	1	38588	2520	2700
EPSY_100	3	2	46130	2100	2175	46130	4980	5055
EPSY_100	3	2	46319	2100	2175	46319	4980	5055
EPSY_150	4	2	42587	2010	2085	42587	4890	4965
EPSY_150	4	1	43932	3960	4080
EPSY_150	4	1	44091	3960	4110
EPSY_150	4	2	44092	2010	2085	44092	4890	4965
EPSY_160	2	2	43954	2280	2355	43954	5160	5235
EPSY_160	2	2	44573	2280	2355	44573	5160	5235
EPSY_210	2	2	36510	2010	2085	36510	4890	4965
EPSY_210	2	2	48382	2190	2265	48382	5070	5145
EPSY_242	1	2	42158	2190	2265	42158	5070	5145
EPSY_255	3	2	38589	2280	2355	38589	5160	5235
EPSY_255	3	2	44691	2100	2175	44691	4980	5055
EPSY_255	3	2	46139	2010	2085	46139	4890	4965
EPSY_256	2	2	39327	2370	2445	39327	5250	5325
EPSY_256	2	2	46539	2100	2175	46539	4980	5055
EPSY_257	1	1	43692	3540	3710
EPSY_320	1	2	42177	2280	2355	42177	5160	5235
EPSY_326	2	2	45476	2370	2445	45476	5250	5325
EPSY_326	2	1	47454	5340	5520
EPSY_340	2	1	39578	3720	3890
EPSY_340	2	2	42556	2190	2265	42556	5070	5145
EPSY_363	3	1	37988	1020	1200
EPSY_363	3	2	39234	2280	2355	39234	5160	5235
EPSY_363	3	1	39328	1020	1200
EPSY_370	1	1	48335	5340	5520
EPSY_371	1	2	49501	2190	2265	49501	5070	5145
EPSY_373	1	2	43921	2280	2355	43921	5160	5235
EPSY_374	1	1	44652	1020	1200
EPSY_382	3	2	43699	2370	2445	43699	5250	5325
EPSY_382	3	1	44302	3900	4080
EPSY_382	3	1	48829	3900	4080
EPSY_383	1	2	48266	2100	2175	48266	4980	5055
EPSY_405	1	1	43025	1020	1200
EPSY_414	3	1	33675	1020	1200
EPSY_414	3	1	37989	2460	2640
EPSY_414	3	1	43702	2460	2640
EPSY_415	1	1	28451	3900	4080
EPSY_416	1	1	45006	5340	5520
EPSY_420	2	1	37177	5340	5520
EPSY_420	2	1	37208	5340	5520
EPSY_424	1	1	43704	2280	2450
EPSY_426	1	1	40116	3900	4080
EPSY_429	1	1	37087	1020	1200
EPSY_446	3	1	21798	5340	5520
EPSY_446	3	1	34725	1020	1200
EPSY_446	3	1	46142	5340	5520
EPSY_461	1	1	44303	3900	4080
EPSY_464	1	1	48267	1020	1200
EPSY_465	1	1	40088	2460	2640
EPSY_466	2	1	14212	2460	2640
EPSY_466	2	1	34574	2460	2640
EPSY_471	2	1	46143	2460	2640
EPSY_471	2	1	46321	2460	2640
EPSY_482	1	1	37576	1020	1200
EPSY_500	1	1	37179	3780	3890
EPSY_501	1	1	26898	3900	4080
EPSY_502	1	1	45007	2460	2640
EPSY_503	1	1	10841	2460	2640
EPSY_507	1	1	37180	5340	5520
EPSY_508	4	1	41212	3900	4080
EPSY_508	4	1	41213	3900	4080
EPSY_508	4	1	46615	3780	3890
EPSY_508	4	1	46616	3780	3890
EPSY_516	2	1	45404	5340	5520
EPSY_516	2	1	46384	3900	4080
EPSY_517	1	1	35451	2460	2640
EPSY_518	1	1	41495	3900	4080
EPSY_519	1	1	10845	5340	5520
EPSY_520	2	1	41392	5340	5520
EPSY_520	2	1	48063	3930	4110
EPSY_522	8	1	25821	2520	2640
EPSY_522	8	1	48100	3960	4080
EPSY_522	8	1	48102	2520	2640
EPSY_522	8	1	48428	3960	4080
EPSY_522	8	1	49641	3960	4080
EPSY_522	8	1	49643	5400	5520
EPSY_522	8	1	49645	2520	2640
EPSY_522	8	1	49647	3960	4080
EPSY_523	1	1	42351	5340	5520
EPSY_528	2	1	40339	3900	4080
EPSY_528	2	1	43705	3900	4080
EPSY_530	1	1	48782	5340	5520
EPSY_542	1	1	44306	2460	2640
EPSY_546	1	1	10855	5340	5520
EPSY_564	1	1	49470	2460	2640
EPSY_584	3	1	42787	2280	2460
EPSY_584	3	1	43445	2460	2640
EPSY_584	3	1	43707	2460	2640
EPSY_585	1	1	42807	3900	4080
