PPOL___105	1	2	46376	2190	2265	46376	5070	5145
PPOL___196	2	2	46377	2370	2445	46377	5250	5325
PPOL___196	2	2	46393	2370	2445	46393	5250	5325
PPOL___205	1	2	45545	2100	2175	45545	4980	5055
PPOL___210	3	2	42349	630	705	42349	3510	3585
PPOL___210	3	2	44323	2370	2445	44323	5250	5325
PPOL___210	3	2	45129	2100	2175	45129	4980	5055
PPOL___212	1	2	42620	2280	2355	42620	5160	5235
PPOL___220	2	2		960	1010		3840	3890
PPOL___220	2	1	45235	6720	6770
PPOL___230	2	2	44644	2190	2265	44644	5070	5145
PPOL___230	2	2	44645	990	1065	44645	3870	3945
PPOL___231	1	2	45130	900	975	45130	3780	3855
PPOL___232	1	2	46093	990	1065	46093	3870	3945
PPOL___240	3	2		780	830		3660	3710
PPOL___240	3	1	41960	6540	6590
PPOL___240	3	2	42352	2370	2445	42352	5250	5325
PPOL___296	2	2	45131	2100	2175	45131	4980	5055
PPOL___296	2	1	46213	5280	5510
PPOL___300	1	2	42353	2370	2445	42353	5250	5325
PPOL___303	2	2	42354	990	1065	42354	3870	3945
PPOL___303	2	2	48781	990	1065	48781	3870	3945
PPOL___305	3	2	41100	2370	2445	41100	5250	5325
PPOL___305	3	2	43758	2460	2535	43758	5340	5415
PPOL___305	3	2	48526	810	885	48526	3690	3765
PPOL___307	1	2	43759	2280	2355	43759	5160	5235
PPOL___309	2	2	41120	2010	2085	41120	4890	4965
PPOL___309	2	2	42355	2100	2175	42355	4980	5055
PPOL___330	2	2	46558	900	975	46558	3780	3855
PPOL___330	2	2	47157	660	735	47157	3540	3615
PPOL___396	1	2	45132	2370	2445	45132	5250	5325
PPOL___405	3	2	42694	2280	2355	42694	5160	5235
PPOL___405	3	2	42695	2280	2355	42695	5160	5235
PPOL___405	3	2	47346	2280	2355	47346	5160	5235
PPOL___430	1	2	47347	2190	2265	47347	5070	5145
PPOL___467	1	1	42226	2550	2715
PPOL___496	1	1	47957	1020	1170
