MGMT_340	15	2	13296	2460	2535	13296	5340	5415
MGMT_340	15	2	14029	2100	2175	14029	4980	5055
MGMT_340	15	2	19289	2100	2175	19289	4980	5055
MGMT_340	15	2	46453	2280	2355	46453	5160	5235
MGMT_340	15	2	46477	900	975	46477	3780	3855
MGMT_340	15	3	46478	840	890	46478	3720	3770	46478	6600	6650
MGMT_340	15	2	48345	570	645	48345	3450	3525
MGMT_340	15	2	48346	660	735	48346	3540	3615
MGMT_340	15	2	48347	840	915	48347	3720	3795
MGMT_340	15	2	48348	2010	2085	48348	4890	4965
MGMT_340	15	2	48349	2100	2175	48349	4980	5055
MGMT_340	15	2	48350	2100	2175	48350	4980	5055
MGMT_340	15	2	48351	2190	2265	48351	5070	5145
MGMT_340	15	2	48353	2280	2355	48353	5160	5235
MGMT_340	15	2	48354	750	825	48354	3630	3705
MGMT_350	13	2	13313	2370	2445	13313	5250	5325
MGMT_350	13	2	14031	2370	2445	14031	5250	5325
MGMT_350	13	2	22930	990	1065	22930	3870	3945
MGMT_350	13	2	31923	900	975	31923	3780	3855
MGMT_350	13	2	33335	2100	2175	33335	4980	5055
MGMT_350	13	2	35530	480	555	35530	3360	3435
MGMT_350	13	2	38876	2010	2085	38876	4890	4965
MGMT_350	13	2	41941	570	645	41941	3450	3525
MGMT_350	13	1	43167	1020	1170
MGMT_350	13	2	45337	2370	2445	45337	5250	5325
MGMT_350	13	2	47180	480	555	47180	3360	3435
MGMT_350	13	2	47182	2280	2355	47182	5160	5235
MGMT_350	13	2	48105	2190	2265	48105	5070	5145
MGMT_355	2	2	46323	2100	2175	46323	4980	5055
MGMT_355	2	2	48413	2190	2265	48413	5070	5145
MGMT_360	3	2	46368	570	645	46368	3450	3525
MGMT_360	3	3	46369	960	1010	46369	3840	3890	46369	6720	6770
MGMT_360	3	2	47930	2280	2355	47930	5160	5235
MGMT_445	5	1	13317	3960	4125
MGMT_445	5	2	13318	2190	2265	13318	5070	5145
MGMT_445	5	2	19505	990	1065	19505	3870	3945
MGMT_445	5	2	41797	900	975	41797	3780	3855
MGMT_445	5	2	41944	900	975	41944	3780	3855
MGMT_447	2	3	32082	570	645	32082	3450	3525	32082	6330	6405
MGMT_447	2	3	32083	570	645	32083	3450	3525	32083	6330	6405
MGMT_452	5	2	13320	480	555	13320	3360	3435
MGMT_452	5	2	14035	990	1065	14035	3870	3945
MGMT_452	5	1	14036	3960	4110
MGMT_452	5	1	23258	3900	4050
MGMT_452	5	2	45076	900	975	45076	3780	3855
MGMT_453	6	2	13321	570	645	13321	3450	3525
MGMT_453	6	2	13322	2010	2085	13322	4890	4965
MGMT_453	6	2	14037	2280	2355	14037	5160	5235
MGMT_453	6	1	14038	1080	1230
MGMT_453	6	1	21575	2520	2670
MGMT_453	6	2	43884	1920	1995	43884	4800	4875
MGMT_454	2	2	20997	900	975	20997	3780	3855
MGMT_454	2	2	30093	2190	2265	30093	5070	5145
MGMT_455	2	1	43238	3960	4110
MGMT_455	2	3	45289	900	950	45289	3780	3830	45289	6660	6710
MGMT_460	7	1	14039	2550	2700
MGMT_460	7	2	32712	570	645	32712	3450	3525
MGMT_460	7	2	33757	2370	2445	33757	5250	5325
MGMT_460	7	2	41942	2280	2355	41942	5160	5235
MGMT_460	7	1	46366	5250	5400
MGMT_460	7	2	48369	2280	2355	48369	5160	5235
MGMT_460	7	1	48371	2550	2700
MGMT_463	3	1	14040	1080	1230
MGMT_463	3	1	19292	3780	3930
MGMT_463	3	2	36653	570	645	36653	3450	3525
MGMT_464	2	2	43239	2010	2085	43239	4890	4965
MGMT_464	2	1	45290	1080	1230
MGMT_465	1	2	40448	570	645	40448	3450	3525
MGMT_466	3	2	14041	2010	2085	14041	4890	4965
MGMT_466	3	2	38353	2010	2085	38353	4890	4965
MGMT_466	3	2	48373	2010	2085	48373	4890	4965
MGMT_470	2	3	38354	660	710	38354	3540	3590	38354	6420	6470
MGMT_470	2	2	40563	2370	2445	40563	5250	5325
MGMT_475	3	1	38357	900	1050
MGMT_475	3	2	46557	2280	2355	46557	5160	5235
MGMT_475	3	2	49457	2190	2265	49457	5070	5145
MGMT_480	2	2	29839	2190	2265	29839	5070	5145
MGMT_480	2	2	36886	2190	2265	36886	5070	5145
MGMT_481	1	2	31552	2190	2265	31552	5070	5145
MGMT_485	1	2	38356	2370	2445	38356	5250	5325
MGMT_486	2	2	43894	900	975	43894	3780	3855
MGMT_486	2	2	46556	2370	2445	46556	5250	5325
MGMT_494	3	3	26297	780	830	26297	3660	3710	26297	6540	6590
MGMT_494	3	2	35550	2370	2445	35550	5250	5325
MGMT_494	3	1	48414	3960	4110
MGMT_495	19	2	13357	2100	2210	13357	4980	5090
MGMT_495	19	2	13359	840	950	13359	3720	3830
MGMT_495	19	2	13360	930	1040	13360	3810	3920
MGMT_495	19	1	13362	3900	4080
MGMT_495	19	1	13363	2520	2700
MGMT_495	19	1	14043	2520	2700
MGMT_495	19	2	14044	2340	2450	14044	5220	5330
MGMT_495	19	2	14045	1980	2090	14045	4860	4970
MGMT_495	19	2	14047	660	770	14047	3540	3650
MGMT_495	19	2	14048	2460	2570	14048	5340	5450
MGMT_495	19	2	14049	900	1010	14049	3780	3890
MGMT_495	19	1	20998	5430	5610
MGMT_495	19	2	29123	2100	2210	29123	4980	5090
MGMT_495	19	1	32573	3900	4080
MGMT_495	19	2	32695	480	590	32695	3360	3470
MGMT_495	19	1	39602	5400	5580
MGMT_495	19	2	45585	480	590	45585	3360	3470
MGMT_495	19	2	48106	2460	2570	48106	5340	5450
MGMT_495	19	1	49475	1020	1200
MGMT_550	1	1	37928	1080	1230
MGMT_564	1	1	23146	1080	1230
MGMT_582	1	1	33924	2550	2700
MGMT_594	3	2	31293	2280	2355	31293	5160	5235
MGMT_594	3	1	37169	3960	4110
MGMT_594	3	1	48804	2550	2700
