BUS__312	fall	3	1	10019	2280	2430
BUS__312	fall	3	1	13003	0	0
BUS__312	fall	3	1	10029	1080	1230
BUS__312	spring	3	1	10112	0	0
BUS__312	spring	3	1	10113	1080	1230
BUS__312	spring	3	1	11653	0	0
BUS__322	fall	3	1	10033	840	990
BUS__322	fall	3	1	11770	0	0
BUS__322	fall	3	1	10035	5400	5550
BUS__322	spring	3	1	10115	3720	3870
BUS__322	spring	3	1	11978	0	0
BUS__322	spring	3	1	12137	5400	5550
BUS__331	fall	3	2	10036	2100	2175	10036	4980	5055
BUS__331	fall	3	1	13111	1080	1230
BUS__331	fall	3	1	11787	0	0
BUS__331	spring	3	1	10116	0	0
BUS__331	spring	3	2	12994	2100	2190	12994	4980	5070
BUS__331	spring	3	1	13179	5160	5310
BUS__332	fall	1	1	12612	0	0
BUS__332	spring	1	1	12310	0	0
BUS__334	fall	1	2	15269	2280	2355	15269	5160	5235
BUS__354	spring	1	1	12875	5400	5550
BUS__411	fall	1	1	14120	5160	5310
BUS__411	spring	1	1	14152	0	0
BUS__432	fall	1	1	15129	0	0
BUS__432	spring	1	1	15150	2280	2430
BUS__435	fall	1	1	14126	0	0
BUS__452	spring	1	1	13181	0	0
BUS__471	spring	1	1	15118	0	0
BUS__472	spring	1	1	15229	0	0
BUS__473	fall	1	1	15127	0	0
BUS__501	fall	3	1	12494	1080	1230
BUS__501	fall	3	1	15243	0	0
BUS__501	fall	3	1	15272	0	0
BUS__501	spring	3	1	12430	1080	1230
BUS__501	spring	3	1	15211	0	0
BUS__501	spring	3	1	15345	0	0
BUS__512	fall	1	1	10064	5400	5550
BUS__512	spring	3	1	10125	1080	1230
BUS__512	spring	3	1	15212	0	0
BUS__512	spring	3	1	13462	0	0
BUS__513	fall	1	1	15606	0	0
BUS__520	spring	1	1	12215	0	0
BUS__521	fall	2	1	10065	0	0
BUS__521	fall	2	1	15443	0	0
BUS__521	spring	4	1	10126	0	0
BUS__521	spring	4	1	15352	0	0
BUS__521	spring	4	1	15586	0	0
BUS__521	spring	4	1	15587	0	0
BUS__522	fall	4	1	10066	2520	2670
BUS__522	fall	4	1	15246	0	0
BUS__522	fall	4	1	15429	0	0
BUS__522	fall	4	1	15561	0	0
BUS__522	spring	4	1	10127	2520	2670
BUS__522	spring	4	1	15200	0	0
BUS__522	spring	4	1	15419	0	0
BUS__522	spring	4	1	15537	0	0
BUS__528	fall	1	1	15350	0	0
BUS__528	spring	2	1	14730	0	0
BUS__528	spring	2	1	15440	1080	1230
BUS__529	fall	1	1	15247	0	0
BUS__529	spring	1	1	15317	0	0
BUS__537	fall	1	1	15345	0	0
BUS__537	spring	1	1	15233	0	0
BUS__538	fall	1	1	15346	0	0
BUS__538	spring	1	1	15309	0	0
BUS__539	fall	1	1	15560	0	0
BUS__541	fall	4	1	10068	3960	4110
BUS__541	fall	4	1	15248	0	0
BUS__541	fall	4	1	13646	0	0
BUS__541	fall	4	1	15504	0	0
BUS__541	spring	1	1	10128	3960	4110
BUS__560	fall	1	1	15348	0	0
BUS__560	spring	1	1	15344	0	0
BUS__583	fall	4	1	11404	1080	1230
BUS__583	fall	4	1	15349	0	0
BUS__583	fall	4	1	15444	0	0
BUS__583	fall	4	1	15577	0	0
BUS__583	spring	2	1	12424	5400	5550
BUS__583	spring	2	1	15318	0	0
