ENTR_200	fall	1	2	42089	480	555	42089	3360	3435
ENTR_200	spring	1	2	41129	2010	2085	41129	4890	4965
ENTR_310	fall	3	2	34794	990	1065	34794	3870	3945
ENTR_310	fall	3	2	35564	2010	2085	35564	4890	4965
ENTR_310	fall	3	2	45418	570	645	45418	3450	3525
ENTR_310	spring	3	2	34374	480	555	34374	3360	3435
ENTR_310	spring	3	2	35206	2010	2085	35206	4890	4965
ENTR_310	spring	3	2	36081	900	975	36081	3780	3855
ENTR_360	fall	1	2	48216	570	645	48216	3450	3525
ENTR_430	fall	1	1	23346	0	0
ENTR_435	fall	1	1	34795	0	0
ENTR_435	spring	1	2	36878	2370	2445	36878	5250	5325
ENTR_444	fall	1	2	49461	480	555	49461	3360	3435
ENTR_445	fall	1	2	48467	900	975	48467	3780	3855
ENTR_445	spring	1	2	34737	570	645	34737	3450	3525
ENTR_454	fall	1	3	31560	780	830	31560	3660	3710	31560	6540	6590
ENTR_454	spring	1	2	22965	2280	2355	22965	5160	5235
ENTR_464	fall	1	1	23349	0	0
ENTR_494	fall	1	1	40962	5160	5340
ENTR_494	spring	1	1	39889	5160	5340
ENTR_499	fall	1	1	40240	0	0
ENTR_499	spring	1	1	23667	0	0
ENTR_502	fall	1	1	23350	3960	4110
ENTR_515	fall	1	1	39431	0	0
ENTR_523	fall	1	1	37979	0	0
ENTR_541	fall	1	1	38020	0	0
ENTR_555	fall	1	1	23351	0	0
ENTR_559	fall	1	1	29847	0	0
ENTR_565	fall	1	1	37542	0	0
ENTR_566	fall	1	1	37543	0	0
ENTR_594	fall	1	1	46367	5160	5340
ENTR_594	spring	1	1	41264	5160	5340
ENTR_596	fall	1	1	24272	0	0
ENTR_596	spring	1	1	23668	0	0
