EDPS_104	fall	1	1	44877	0	0
EDPS_104	spring	1	2	33410	2100	2175	33410	4980	5055
EDPS_412	fall	2	1	35441	2460	2640
EDPS_412	fall	2	1	36766	2460	2640
EDPS_415	fall	2	1	43673	1020	1200
EDPS_415	fall	2	1	48717	1020	1200
EDPS_453	fall	2	1	48715	2460	2640
EDPS_453	fall	2	1	48716	2460	2640
EDPS_480	fall	1	1	38599	5340	5520
EDPS_500	fall	1	1	32288	3900	4080
EDPS_502	fall	1	1	38624	1020	1200
EDPS_502	spring	1	1	48058	3900	4080
EDPS_505	fall	1	1	37274	2460	2640
EDPS_506	spring	1	1	46632	5340	5520
EDPS_510	fall	1	1	37275	1020	1200
EDPS_515	fall	1	1	43674	3900	4080
EDPS_516	fall	1	1	50308	2460	2640
EDPS_517	spring	1	1	42805	2460	2640
EDPS_518	spring	1	1	43022	3900	4080
EDPS_519	fall	1	1	43675	2460	2640
EDPS_520	fall	1	1	47574	1020	1200
EDPS_530	fall	2	1	45005	2460	2640
EDPS_530	fall	2	1	46399	2460	2640
EDPS_530	spring	1	1	44963	5340	5520
EDPS_543	fall	1	1	41399	2460	2640
EDPS_544	fall	1	1	38973	2460	2640
EDPS_548	spring	1	1	36215	3900	4080
EDPS_549	fall	1	1	40148	3900	4080
EDPS_550	spring	1	1	28227	5340	5520
EDPS_552	spring	1	1	30414	2460	2640
EDPS_553	fall	1	1	37391	1020	1200
EDPS_553	spring	1	1	39871	5340	5520
EDPS_555	fall	1	1	36531	5340	5520
EDPS_556	spring	1	1	30415	1020	1200
EDPS_557	fall	1	1	35442	0	0
EDPS_558	fall	1	1	35443	5340	5520
EDPS_559	fall	1	1	28376	0	0
EDPS_559	spring	1	1	28232	0	0
EDPS_563	fall	1	1	48719	3900	4080
EDPS_565	fall	1	1	42136	1020	1200
EDPS_571	fall	1	1	28379	3900	4080
EDPS_571	spring	1	1	37085	1020	1200
EDPS_572	fall	1	1	45980	3900	4080
EDPS_579	fall	1	1	33206	1020	1200
EDPS_582	fall	1	1	35444	2460	2640
EDPS_586	fall	2	1	28384	3900	4080
EDPS_586	fall	2	1	36725	3900	4080
EDPS_587	fall	1	1	41387	0	0
EDPS_588	fall	1	1	28385	1020	1200
EDPS_589	fall	1	1	44074	5370	5550
EDPS_590	fall	1	1	48055	5340	5520
EDPS_591	fall	1	1	35305	0	0
EDPS_591	spring	1	1	34961	0	0
EDPS_593	fall	1	1	35448	0	0
EDPS_593	spring	1	1	28245	0	0
EDPS_594	fall	2	1	37969	2460	2640
EDPS_594	fall	2	1	43671	5340	5520
EDPS_594	spring	1	1	40555	1020	1200
EDPS_596	fall	1	1	37049	0	0
EDPS_596	spring	1	1	28258	0	0
EDPS_599	fall	1	1	28430	0	0
EDPS_599	spring	1	1	28276	0	0
