PSCH___100	5	2	12060	2010	2085	12060	4890	4965
PSCH___100	5	2	12063	2100	2175	12063	4980	5055
PSCH___100	5	2	12065	2280	2355	12065	5160	5235
PSCH___100	5	2	14639	2010	2085	14639	4890	4965
PSCH___100	5	2	21026	2280	2355	21026	5160	5235
PSCH___184	1	1	35833	3840	3890
PSCH___210	4	2	12074	2280	2355	12074	5160	5235
PSCH___210	4	2	12075	2370	2445	12075	5250	5325
PSCH___210	4	2	14642	2010	2085	14642	4890	4965
PSCH___210	4	2	36946	2280	2355	36946	5160	5235
PSCH___231	3	2	12077	2280	2355	12077	5160	5235
PSCH___231	3	2	12079	2370	2445	12079	5250	5325
PSCH___231	3	2	14644	2100	2175	14644	4980	5055
PSCH___242	8	2	12126	540	590	12126	3420	3470
PSCH___242	8	2	12128	600	650	12128	3480	3530
PSCH___242	8	2	14660	960	1010	14660	3840	3890
PSCH___242	8	2	14661	900	950	14661	3780	3830
PSCH___242	8	2	24936	780	830	24936	3660	3710
PSCH___242	8	2	35518	660	710	35518	3540	3590
PSCH___242	8	2	35658	960	1010	35658	3840	3890
PSCH___242	8	2	39457	480	530	39457	3360	3410
PSCH___262	4	2	12131	2280	2355	12131	5160	5235
PSCH___262	4	2	14662	2280	2355	14662	5160	5235
PSCH___262	4	2	34610	2010	2085	34610	4890	4965
PSCH___262	4	2	35659	2370	2445	35659	5250	5325
PSCH___270	5	2	12133	2010	2085	12133	4890	4965
PSCH___270	5	2	12134	2280	2355	12134	5160	5235
PSCH___270	5	2	25933	2370	2445	25933	5250	5325
PSCH___270	5	2	34612	2190	2265	34612	5070	5145
PSCH___270	5	2	42588	2280	2355	42588	5160	5235
PSCH___271	3	1		2280	2355
PSCH___271	3	1	43614	5160	5235
PSCH___271	3	2	45163	2280	2355	45163	5160	5235
PSCH___303	1	2	12153	660	710	12153	3540	3590
PSCH___312	3	2	12221	2100	2175	12221	4980	5055
PSCH___312	3	1	14677	5160	5235
PSCH___312	3	2	39255	2190	2265	39255	5070	5145
PSCH___313	8	1	27519	4980	5090
PSCH___313	8	1	32224	4890	5000
PSCH___313	8	1	33649	3720	3830
PSCH___313	8	1	35103	3540	3650
PSCH___313	8	1	36428	3540	3650
PSCH___313	8	1	40913	3600	3710
PSCH___313	8	1	42791	5070	5180
PSCH___313	8	1	47435	4890	5000
PSCH___315	1	2	37236	2100	2175	37236	4980	5055
PSCH___320	2	2	12226	2370	2445	12226	5250	5325
PSCH___320	2	2	14679	2370	2445	14679	5250	5325
PSCH___321	2	1	28557	3600	3710
PSCH___321	2	1	35824	3840	3950
PSCH___324	2	2	35660	2190	2265	35660	5070	5145
PSCH___324	2	2	38949	2190	2265	38949	5070	5145
PSCH___331	3	1	28670	4800	4910
PSCH___331	3	1	41472	5250	5360
PSCH___331	3	1	41608	5250	5360
PSCH___333	7	1	34587	4920	5030
PSCH___333	7	1	34615	3420	3530
PSCH___333	7	1	37194	4860	4970
PSCH___333	7	1	37938	5160	5270
PSCH___333	7	1	42120	3660	3770
PSCH___333	7	1	42930	3660	3770
PSCH___333	7	1	47437	3420	3530
PSCH___340	2	2	12228	2010	2085	12228	4890	4965
PSCH___340	2	2	14680	2280	2355	14680	5160	5235
PSCH___343	9	2	12243	2370	2445	12243	5250	5325
PSCH___343	9	2	12245	2010	2085	12245	4890	4965
PSCH___343	9	2	26326	2190	2265	26326	5070	5145
PSCH___343	9	2	27526	2280	2355	27526	5160	5235
PSCH___343	9	2	27527	2370	2445	27527	5250	5325
PSCH___343	9	2	27528	2190	2265	27528	5070	5145
PSCH___343	9	2	33132	2010	2085	33132	4890	4965
PSCH___343	9	2	35696	2100	2175	35696	4980	5055
PSCH___343	9	2	45952	2190	2265	45952	5070	5145
PSCH___350	2	2	30379	2010	2085	30379	4890	4965
PSCH___350	2	2	45946	1920	1995	45946	4800	4875
PSCH___351	2	1	30740	4860	4970
PSCH___351	2	1	45204	3480	3590
PSCH___352	3	2	12247	2280	2355	12247	5160	5235
PSCH___352	3	2	20937	2280	2355	20937	5160	5235
PSCH___352	3	2	46821	1920	1995	46821	4800	4875
PSCH___353	3	1	28566	5100	5210
PSCH___353	3	1	37238	4890	5000
PSCH___353	3	1	41342	3630	3740
PSCH___354	1	2	39266	900	975	39266	3780	3855
PSCH___360	1	2	31168	2370	2445	31168	5250	5325
PSCH___361	1	1	28672	3600	3710
PSCH___363	3	1	27536	960	1070
PSCH___363	3	1	28674	3840	3950
PSCH___363	3	1	42727	960	1070
PSCH___366	2	2	33650	2100	2175	33650	4980	5055
PSCH___366	2	2	35758	2100	2175	35758	4980	5055
PSCH___367	4	1	37242	4890	5000
PSCH___367	4	1	38021	3600	3710
PSCH___367	4	1	38232	3480	3590
PSCH___367	4	1	39477	3600	3710
PSCH___381	5	2	12251	2190	2265	12251	5070	5145
PSCH___381	5	2	14705	2010	2085	14705	4890	4965
PSCH___381	5	2	27234	2280	2355	27234	5160	5235
PSCH___381	5	2	29069	2010	2085	29069	4890	4965
PSCH___381	5	2	48173	2280	2355	48173	5160	5235
PSCH___382	5	2	12254	930	1005	12254	3810	3885
PSCH___382	5	2	14706	480	555	14706	3360	3435
PSCH___382	5	2	32704	2100	2175	32704	4980	5055
PSCH___382	5	2	34961	2370	2445	34961	5250	5325
PSCH___382	5	2	48545	2190	2265	48545	5070	5145
PSCH___384	1	2	48075	2010	2085	48075	4890	4965
PSCH___386	1	2	28715	2370	2480	28715	5250	5360
PSCH___411	2	2	40929	2280	2355	40929	5160	5235
PSCH___411	2	2	47274	2190	2265	47274	5070	5145
PSCH___415	1	1	29563	840	1010
PSCH___417	1	1	38584	3780	3950
PSCH___422	1	1	12271	5340	5520
PSCH___423	2	1	21799	5340	5520
PSCH___423	2	1	34726	1020	1200
PSCH___424	2	1	36644	990	1170
PSCH___424	2	1	36647	990	1170
PSCH___429	1	1	37134	1020	1200
PSCH___443	1	2	27540	840	890	27540	3720	3770
PSCH___459	1	1	37261	3720	3890
PSCH___483	1	2	25197	2100	2175	25197	4980	5055
PSCH___484	1	3	24004	780	830	24004	3660	3710	24004	6540	6590
PSCH___485	1	2	25253	2010	2085	25253	4890	4965
PSCH___494	3	1	35735	960	1130
PSCH___494	3	1	37259	4920	4970
PSCH___494	3	1	38583	3780	3930
PSCH___505	1	1	30819	2280	2450
PSCH___508	2	1	12278	3840	3890
PSCH___508	2	1	35799	3900	3950
PSCH___512	1	1	35736	3420	3590
PSCH___513	2	1	31581	3420	3590
PSCH___513	2	1	34763	2100	2270
PSCH___516	1	1	33654	3480	3650
PSCH___522	1	2	43863	2100	2175	43863	4980	5055
PSCH___525	1	1	48877	5340	5520
PSCH___526	1	1	48639	2010	2180
PSCH___531	2	1	19783	2010	2180
PSCH___531	2	1	23199	600	770
PSCH___533	1	1	34967	2010	2180
PSCH___540	1	1	28680	2220	2390
PSCH___542	1	1	48822	540	710
PSCH___543	1	2	48641	2280	2400	48641	5160	5280
PSCH___544	1	2	47233	2010	2085	47233	4890	4965
PSCH___545	1	2	14716	2280	2390	14716	5160	5270
PSCH___547	2	2	48076	2280	2370	48076	5160	5250
PSCH___547	2	2	48640	2280	2370	48640	5160	5250
PSCH___550	1	1	40472	3780	3890
PSCH___551	1	1	26899	3900	4080
PSCH___552	1	1	48985	840	1010
PSCH___553	1	1	40930	4980	5150
PSCH___554	1	1	42288	840	1010
PSCH___555	1	1	44690	3720	3890
PSCH___557	1	1	46395	600	830
PSCH___562	1	1	42455	840	1010
PSCH___564	2	1	29776	3450	3620
PSCH___564	2	1	37268	840	1010
PSCH___566	1	1	46953	6600	6770
PSCH___570	1	1	34593	540	710
PSCH___571	1	1	12304	3450	3620
PSCH___574	1	1	29087	4860	5030
PSCH___577	4	1	27544	3660	3830
PSCH___577	4	1	34594	840	1010
PSCH___577	4	1	40532	2220	2390
PSCH___577	4	1	46325	2010	2180
PSCH___581	1	1	43672	3660	3770
PSCH___586	1	1	42700	2280	2450
PSCH___594	3	1	14742	3720	3770
PSCH___594	3	1	37934	6540	6590
PSCH___594	3	1	48523	6540	6590
PSCH___595	1	1	12328	780	890
