BIOS___102	4	1	47369	3600	3650
BIOS___102	4	1	47370	3660	3710
BIOS___102	4	1	47804	5100	5150
BIOS___102	4	1	47805	2100	2150
BIOS___104	8	1	21344	2100	2210
BIOS___104	8	1	21347	4980	5090
BIOS___104	8	3	21348	480	530	21348	3360	3410	21348	6240	6290
BIOS___104	8	1	23801	1980	2090
BIOS___104	8	1	23803	2100	2210
BIOS___104	8	3	38350	480	530	38350	3360	3410	38350	6240	6290
BIOS___104	8	1	40343	4860	4970
BIOS___104	8	1	40344	4980	5090
BIOS___110	58	2	42601	2010	2085	42601	4890	4965
BIOS___110	58	3	42602	720	770	42602	3600	3650	42602	6480	6530
BIOS___110	58	1	42921	4980	5090
BIOS___110	58	1	42922	2100	2210
BIOS___110	58	1	42923	2220	2330
BIOS___110	58	1	42924	2340	2450
BIOS___110	58	1	42925	3360	3470
BIOS___110	58	1	42926	3480	3590
BIOS___110	58	1	42927	3600	3710
BIOS___110	58	1	42928	3720	3830
BIOS___110	58	1	42929	5100	5210
BIOS___110	58	1	42930	5220	5330
BIOS___110	58	1	42931	3840	3950
BIOS___110	58	1	42932	6240	6350
BIOS___110	58	1	42933	2400	2510
BIOS___110	58	1	42934	6360	6470
BIOS___110	58	1	42935	1920	2030
BIOS___110	58	1	42936	2040	2150
BIOS___110	58	1	42937	2160	2270
BIOS___110	58	1	42938	2280	2390
BIOS___110	58	1	42939	3360	3470
BIOS___110	58	1	42940	3480	3590
BIOS___110	58	1	42941	3660	3770
BIOS___110	58	1	42942	4800	4910
BIOS___110	58	1	42943	4920	5030
BIOS___110	58	1	42944	5040	5150
BIOS___110	58	1	42952	3780	3890
BIOS___110	58	1	42953	5160	5270
BIOS___110	58	1	43614	1920	2030
BIOS___110	58	2	43627	2010	2085	43627	4890	4965
BIOS___110	58	1	43630	6240	6350
BIOS___110	58	1	43632	6360	6470
BIOS___110	58	1	43633	2100	2210
BIOS___110	58	1	43635	2220	2330
BIOS___110	58	1	43636	2340	2450
BIOS___110	58	1	43638	3360	3470
BIOS___110	58	1	43639	3780	3890
BIOS___110	58	1	43641	4800	4910
BIOS___110	58	1	43642	3600	3710
BIOS___110	58	1	43643	3480	3590
BIOS___110	58	1	43644	4920	5030
BIOS___110	58	3	43645	720	770	43645	3600	3650	43645	6480	6530
BIOS___110	58	1	43647	3720	3830
BIOS___110	58	1	43648	4980	5090
BIOS___110	58	1	43650	5100	5210
BIOS___110	58	1	43651	5220	5330
BIOS___110	58	1	43652	2160	2270
BIOS___110	58	1	43653	2280	2390
BIOS___110	58	1	43654	2400	2510
BIOS___110	58	1	43655	3360	3470
BIOS___110	58	1	43656	3480	3590
BIOS___110	58	1	43658	3660	3770
BIOS___110	58	1	43659	5160	5270
BIOS___110	58	1	43660	5040	5150
BIOS___110	58	1	47618	6240	6350
BIOS___110	58	1	48986	6240	6350
BIOS___110	58	1	48987	6360	6470
BIOS___110	58	1	49702	2040	2150
BIOS___112	1	2	45364	2280	2355	45364	5160	5235
BIOS___120	34	3	42603	840	890	42603	3720	3770	42603	6600	6650
BIOS___120	34	3	42604	600	650	42604	3480	3530	42604	6360	6410
BIOS___120	34	1	42954	480	590
BIOS___120	34	1	42955	660	770
BIOS___120	34	1	42956	780	890
BIOS___120	34	1	42957	900	1010
BIOS___120	34	1	42958	1920	2030
BIOS___120	34	1	42959	2040	2150
BIOS___120	34	1	42960	2280	2390
BIOS___120	34	1	42961	2400	2510
BIOS___120	34	1	42962	3360	3470
BIOS___120	34	1	42963	3480	3590
BIOS___120	34	1	42964	3600	3710
BIOS___120	34	1	42965	3780	3890
BIOS___120	34	1	42966	4800	4910
BIOS___120	34	1	42967	4920	5030
BIOS___120	34	1	42973	5040	5150
BIOS___120	34	1	42974	5160	5270
BIOS___120	34	3	43678	600	650	43678	3480	3530	43678	6360	6410
BIOS___120	34	1	43679	480	590
BIOS___120	34	1	43680	660	770
BIOS___120	34	1	43681	780	890
BIOS___120	34	1	43682	900	1010
BIOS___120	34	1	43684	1920	2030
BIOS___120	34	1	43686	2040	2150
BIOS___120	34	1	43687	2280	2390
BIOS___120	34	1	43688	2400	2510
BIOS___120	34	1	43690	3360	3470
BIOS___120	34	1	43691	3540	3650
BIOS___120	34	1	43693	3660	3770
BIOS___120	34	1	43696	5040	5150
BIOS___120	34	1	43697	3780	3890
BIOS___120	34	1	43698	4800	4910
BIOS___120	34	1	43700	4920	5030
BIOS___184	1	1	35831	3840	3890
BIOS___196	4	1	11593	5160	5270
BIOS___196	4	1	11595	3720	3830
BIOS___196	4	1	17109	3720	3830
BIOS___196	4	1	17110	5160	5270
BIOS___220	28	1	11621	6660	6710
BIOS___220	28	1	11622	6660	6710
BIOS___220	28	1	11623	6660	6710
BIOS___220	28	1	11624	6660	6710
BIOS___220	28	2	11627	900	950	11627	3780	3830
BIOS___220	28	1	17114	6660	6710
BIOS___220	28	1	17115	6660	6710
BIOS___220	28	1	17116	6660	6710
BIOS___220	28	1	17117	6660	6710
BIOS___220	28	2	17120	900	950	17120	3780	3830
BIOS___220	28	1	21349	6660	6710
BIOS___220	28	1	21652	6720	6770
BIOS___220	28	1	23036	6720	6770
BIOS___220	28	2	23771	960	1010	23771	3840	3890
BIOS___220	28	1	23772	6660	6710
BIOS___220	28	1	23773	6660	6710
BIOS___220	28	1	23774	6660	6710
BIOS___220	28	1	25865	6720	6770
BIOS___220	28	1	26294	6720	6770
BIOS___220	28	1	34838	6660	6710
BIOS___220	28	1	36485	6720	6770
BIOS___220	28	2	38537	960	1010	38537	3840	3890
BIOS___220	28	1	38664	6720	6770
BIOS___220	28	1	38665	6720	6770
BIOS___220	28	1	38926	6720	6770
BIOS___220	28	1	40342	6720	6770
BIOS___220	28	1	45420	6720	6770
BIOS___220	28	1	45421	6720	6770
BIOS___222	5	2	11949	2010	2085	11949	4890	4965
BIOS___222	5	3	19458	720	770	19458	3600	3650	19458	6480	6530
BIOS___222	5	2	32899	2280	2355	32899	5160	5235
BIOS___222	5	2	32946	2370	2445	32946	5250	5325
BIOS___222	5	3	42575	780	830	42575	3660	3710	42575	6540	6590
BIOS___230	4	2	42611	2100	2175	42611	4980	5055
BIOS___230	4	3	42612	660	710	42612	3540	3590	42612	6420	6470
BIOS___230	4	3	44648	600	650	44648	3480	3530	44648	6360	6410
BIOS___230	4	2	44649	2100	2175	44649	4980	5055
BIOS___236	2	2	30062	2280	2355	30062	5160	5235
BIOS___236	2	2	45700	2280	2355	45700	5160	5235
BIOS___237	1	2	37445	2280	2355	37445	5160	5235
BIOS___250	1	3	48269	780	830	48269	3660	3710	48269	6540	6590
BIOS___272	1	2	46933	2280	2355	46933	5160	5235
BIOS___286	3	2	29964	2190	2265	29964	5070	5145
BIOS___286	3	2	31012	2190	2265	31012	5070	5145
BIOS___286	3	2	49080	2280	2355	49080	5160	5235
BIOS___294	7	1	41216	2370	2470
BIOS___294	7	3	45425	660	710	45425	3540	3590	45425	6420	6470
BIOS___294	7	2	46308	2370	2445	46308	5250	5325
BIOS___294	7	3	46492	780	830	46492	3660	3710	46492	6540	6590
BIOS___294	7	1	46846	2370	2445
BIOS___294	7	2	47674	2190	2265	47674	5070	5145
BIOS___294	7	1	48292	2370	2470
BIOS___305	1	3	44902	600	650	44902	3480	3530	44902	6360	6410
BIOS___320	2	3	12127	600	650	12127	3480	3530	12127	6360	6410
BIOS___320	2	3	35618	600	650	35618	3480	3530	35618	6360	6410
BIOS___325	2	2	43160	2100	2175	43160	4980	5055
BIOS___325	2	2	44868	2010	2085	44868	4890	4965
BIOS___340	2	2	43882	2190	2265	43882	5070	5145
BIOS___340	2	3	46327	720	770	46327	3600	3650	46327	6480	6530
BIOS___343	3	2	42605	2190	2265	42605	5070	5145
BIOS___343	3	2	43760	2190	2265	43760	5070	5145
BIOS___343	3	2	43761	2190	2265	43761	5070	5145
BIOS___350	3	3	12147	600	650	12147	3480	3530	12147	6360	6410
BIOS___350	3	3	23775	660	710	23775	3540	3590	23775	6420	6470
BIOS___350	3	3	33790	600	650	33790	3480	3530	33790	6360	6410
BIOS___352	2	2	12158	2100	2175	12158	4980	5055
BIOS___352	2	2	39772	2100	2175	39772	4980	5055
BIOS___360	1	2	39244	3720	3800	39244	6600	6680
BIOS___365	2	2	42292	900	975	42292	3780	3855
BIOS___365	2	2	43811	780	855	43811	3660	3735
BIOS___420	1	2	43945	2190	2360	43945	5070	5240
BIOS___427	2	2	45539	660	735	45539	3540	3615
BIOS___427	2	2	45540	660	735	45540	3540	3615
BIOS___430	2	2	43817	2280	2355	43817	5160	5235
BIOS___430	2	2	44272	2280	2355	44272	5160	5235
BIOS___431	3	3	17162	720	770	17162	3600	3650	17162	6480	6530
BIOS___431	3	1	43855	930	1075
BIOS___431	3	3	46328	840	890	46328	3720	3770	46328	6600	6650
BIOS___435	1	2	48821	2100	2175	48821	4980	5055
BIOS___437	1	2	31440	900	975	31440	3780	3855
BIOS___443	2	1	49081	840	890
BIOS___443	2	1	49082	3720	3770
BIOS___446	1	2	47425	2010	2085	47425	4890	4965
BIOS___450	1	2	44545	2010	2085	44545	4890	4965
BIOS___452	3	2	12280	2100	2175	12280	4980	5055
BIOS___452	3	2	17197	2190	2265	17197	5070	5145
BIOS___452	3	2	36609	2190	2265	36609	5070	5145
BIOS___454	1	2	17201	2100	2175	17201	4980	5055
BIOS___458	4	2	33380	2190	2265	33380	5070	5145
BIOS___458	4	2	33381	2190	2265	33381	5070	5145
BIOS___458	4	2	40940	2280	2355	40940	5160	5235
BIOS___458	4	2	40941	2280	2355	40941	5160	5235
BIOS___473	2	2	37305	540	650	37305	3420	3530
BIOS___473	2	2	45327	540	650	45327	3420	3530
BIOS___475	2	2	25625	2370	2445	25625	5250	5325
BIOS___475	2	2	25628	2370	2445	25628	5250	5325
BIOS___480	3	1	43931	900	1010
BIOS___480	3	1	46311	900	1010
BIOS___480	3	1	48765	900	1010
BIOS___482	3	2	39387	2280	2450	39387	5160	5330
BIOS___482	3	2	45841	840	1010	45841	3720	3890
BIOS___482	3	2	49378	2280	2450	49378	5160	5330
BIOS___483	1	2	25060	2100	2175	25060	4980	5055
BIOS___484	1	3	34645	780	830	34645	3660	3710	34645	6540	6590
BIOS___485	1	2	25251	2010	2085	25251	4890	4965
BIOS___486	2	2	30629	840	915	30629	3720	3795
BIOS___486	2	2	38556	2280	2355	38556	5160	5235
BIOS___490	8	3	25312	540	590	25312	3420	3470	25312	6300	6350
BIOS___490	8	1	38718	900	1080
BIOS___490	8	1	38719	900	1080
BIOS___490	8	2	43939	900	975	43939	3780	3855
BIOS___490	8	2	43940	900	975	43940	3780	3855
BIOS___490	8	3	44284	540	590	44284	3420	3470	44284	6300	6350
BIOS___490	8	2	46329	2010	2085	46329	4890	4965
BIOS___490	8	2	46638	2010	2085	46638	4890	4965
BIOS___518	1	2	47545	660	770	47545	3540	3650
BIOS___523	1	1	31943	780	890
BIOS___524	1	3	12352	600	690	12352	3480	3570	12352	6360	6450
BIOS___525	1	3	17176	840	950	17176	3720	3830	17176	6600	6710
BIOS___526	1	2	12353	2280	2355	12353	5160	5235
BIOS___530	1	2	33555	2100	2180	33555	4980	5060
BIOS___531	1	2	12564	2010	2090	12564	4890	4970
BIOS___532	1	2	43157	2010	2085	43157	4890	4965
BIOS___552	1	2	32159	2190	2265	32159	5070	5145
BIOS___559	1	2	35602	900	975	35602	3780	3855
BIOS___560	1	2	40980	2040	2150	40980	4920	5030
BIOS___565	1	1	48675	900	1000
BIOS___582	1	1	27866	900	1010
BIOS___584	1	2	26737	3420	3510	26737	6300	6390
BIOS___585	1	2	26789	3420	3495	26789	6300	6375
BIOS___592	2	1	10330	6720	6780
BIOS___592	2	1	10337	6480	6530
BIOS___594	8	1	20895	3780	3830
BIOS___594	8	1	23250	3480	3580
BIOS___594	8	1	29128	1020	1070
BIOS___594	8	1	29210	6660	6750
BIOS___594	8	1	37221	2310	2410
BIOS___594	8	1	42224	6555	6675
BIOS___594	8	1	43943	2370	2475
BIOS___594	8	2	43944	900	950	43944	3780	3830
