CS___100_10615	3	10615	720	770	10615	3600	3650	10615	6480	6530
CS___107_10634	3	10634	600	650	10634	3480	3530	10634	6360	6410
CS___107_17412	3	17412	720	770	17412	3600	3650	17412	6480	6530
CS___109_19465	1	19465	4800	4910
CS___109_19643	1	19643	4920	5030
CS___109_19645	1	19645	5040	5150
CS___109_25129	1	25129	5160	5270
CS___109_30607	1	30607	4800	4910
CS___109_30608	1	30608	4920	5030
CS___109_30609	1	30609	5040	5150
CS___109_30610	1	30610	5160	5270
CS___109_30770	1	30770	5280	5390
CS___109_30771	1	30771	6240	6350
CS___109_30941	1	30941	5280	5390
CS___109_30942	1	30942	6240	6350
CS___109_33165	1	33165	6360	6470
CS___109_36425	2	36425	720	770	36425	3600	3650
CS___109_36426	1	36426	6360	6470
CS___109_36427	1	36427	6480	6590
CS___109_36428	1	36428	6600	6710
CS___109_36429	1	36429	6720	6830
CS___109_36783	1	36783	6480	6590
CS___109_37719	1	37719	6600	6710
CS___109_38100	1	38100	6720	6830
CS___109_41992	1	41992	3480	3590
CS___109_41993	1	41993	3600	3710
CS___109_44904	2	44904	540	590	44904	3420	3470
CS___109_46120	2	46120	840	890	46120	3720	3770
CS___109_46121	2	46121	600	650	46121	3480	3530
CS___111_34013	3	34013	660	710	34013	3540	3590	34013	6420	6470
CS___111_34656	3	34656	660	710	34656	3540	3590	34656	6420	6470
CS___111_40304	3	40304	720	770	40304	3600	3650	40304	6480	6530
CS___111_40307	2	40307	2190	2265	40307	5070	5145
CS___111_44929	3	44929	900	950	44929	3780	3830	44929	6660	6710
CS___112_45363	2	45363	2280	2355	45363	5160	5235
CS___141_34447	3	34447	720	770	34447	3600	3650	34447	6480	6530
CS___141_34448	1	34448	1920	1970
CS___141_34449	1	34449	1980	2030
CS___141_34450	1	34450	2040	2090
CS___141_34451	1	34451	2100	2150
CS___141_34657	3	34657	600	650	34657	3480	3530	34657	6360	6410
CS___141_34780	1	34780	720	770
CS___141_34781	1	34781	780	830
CS___141_34782	1	34782	840	890
CS___141_36510	1	36510	2160	2210
CS___141_36901	1	36901	900	950
CS___141_38094	1	38094	960	1010
CS___141_38102	1	38102	2220	2270
CS___141_39415	1	39415	1020	1070
CS___141_40102	1	40102	2280	2330
CS___141_40571	3	40571	840	890	40571	3720	3770	40571	6600	6650
CS___141_40649	1	40649	2340	2390
CS___141_40650	1	40650	2400	2450
CS___141_40651	1	40651	1920	1970
CS___141_41991	1	41991	2040	2090
CS___141_42032	3	42032	720	770	42032	3600	3650	42032	6480	6530
CS___141_42215	1	42215	1920	1970
CS___141_42216	1	42216	1980	2030
CS___141_42636	3	42636	600	650	42636	3480	3530	42636	6360	6410
CS___141_42639	1	42639	2040	2090
CS___141_42640	1	42640	2100	2150
CS___141_42641	1	42641	2160	2210
CS___141_42643	1	42643	2220	2270
CS___141_42644	1	42644	2280	2330
CS___141_42645	1	42645	2340	2390
CS___141_42646	1	42646	2400	2450
CS___141_47230	3	47230	840	890	47230	3720	3770	47230	6600	6650
CS___141_47312	1	47312	2100	2150
CS___141_47313	1	47313	2160	2210
CS___141_47314	1	47314	2220	2270
CS___141_47315	1	47315	2280	2330
CS___141_47317	1	47317	2400	2450
CS___141_49175	1	49175	2460	2510
CS___151_34014	3	34014	780	830	34014	3660	3710	34014	6540	6590
CS___151_34858	3	34858	600	650	34858	3480	3530	34858	6360	6410
CS___151_40572	3	40572	900	950	40572	3780	3830	40572	6660	6710
CS___151_40974	3	40974	540	590	40974	3420	3470	40974	6300	6350
CS___151_42500	3	42500	780	830	42500	3660	3710	42500	6540	6590
CS___151_47231	3	47231	840	890	47231	3720	3770	47231	6600	6650
CS___211_34458	1	34458	480	590
CS___211_34459	1	34459	600	710
CS___211_34861	2	34861	3660	3710	34861	6540	6590
CS___211_34862	1	34862	480	590
CS___211_35270	1	35270	600	710
CS___211_36659	1	36659	720	830
CS___211_36785	1	36785	840	950
CS___211_37158	1	37158	840	950
CS___211_41374	1	41374	960	1070
CS___211_41985	1	41985	1920	2030
CS___211_41986	1	41986	2040	2150
CS___211_41987	1	41987	2160	2270
CS___211_41988	1	41988	2280	2390
CS___211_41989	1	41989	2400	2510
CS___211_42223	1	42223	1920	2030
CS___211_42654	1	42654	2040	2150
CS___211_42655	1	42655	2160	2270
CS___211_42656	1	42656	2280	2390
CS___211_42657	1	42657	2400	2510
CS___211_42658	1	42658	3360	3470
CS___211_42660	1	42660	3480	3590
CS___211_42662	1	42662	480	590
CS___211_42664	1	42664	600	710
CS___211_42665	1	42665	3360	3470
CS___211_42666	1	42666	3480	3590
CS___211_45953	2	45953	3720	3770	45953	6600	6650
CS___211_45954	2	45954	3840	3890	45954	6720	6770
CS___211_47004	1	47004	480	590
CS___211_47005	1	47005	600	710
CS___211_47006	1	47006	720	830
CS___211_47007	1	47007	840	950
CS___211_47008	2	47008	3480	3530	47008	6360	6410
CS___211_47009	2	47009	3840	3890	47009	6720	6770
CS___211_47959	1	47959	960	1070
CS___211_48612	1	48612	3600	3710
CS___251_34460	3	34460	540	590	34460	3420	3470	34460	6300	6350
CS___251_36203	3	36203	780	830	36203	3660	3710	36203	6540	6590
CS___251_40507	3	40507	900	950	40507	3780	3830	40507	6660	6710
CS___251_40573	3	40573	780	830	40573	3660	3710	40573	6540	6590
CS___251_42499	3	42499	960	1010	42499	3840	3890	42499	6720	6770
CS___261_36391	2	36391	2370	2445	36391	5250	5325
CS___261_41014	2	41014	2280	2355	41014	5160	5235
CS___261_42498	2	42498	2010	2085	42498	4890	4965
CS___261_47017	2	47017	1920	1995	47017	4800	4875
CS___261_47807	2	47807	2280	2355	47807	5160	5235
CS___277_47010	1	47010	600	650
CS___277_47806	1	47806	960	1010
CS___277_48663	1	48663	840	890
CS___277_49094	1	49094	960	1010
CS___294_	4		750	860		3630	3740		720	830		3600	3710
CS___294_43541	1	43541	3840	3950
CS___294_44176	1	44176	2460	2570
CS___294_46071	1	46071	6510	6560
CS___294_46072	1	46072	3900	3950
CS___294_46073	1	46073	2400	2450
CS___294_47600	1	47600	2400	2510
CS___294_48392	1	48392	6480	6530
CS___294_49177	1	49177	3840	3950
CS___301_10647	2	10647	2190	2265	10647	5070	5145
CS___301_17422	3	17422	720	770	17422	3600	3650	17422	6480	6530
CS___301_40574	3	40574	900	950	40574	3780	3830	40574	6660	6710
CS___301_42220	2	42220	2280	2355	42220	5160	5235
CS___301_45948	2	45948	2370	2445	45948	5250	5325
CS___301_45949	2	45949	2280	2355	45949	5160	5235
CS___341_34723	2	34723	2010	2085	34723	4890	4965
CS___341_36202	2	36202	2280	2355	36202	5160	5235
CS___341_42735	3	42735	900	950	42735	3780	3830	42735	6660	6710
CS___342_35976	2	35976	2190	2265	35976	5070	5145
CS___342_37162	2	37162	2370	2445	37162	5250	5325
CS___342_40973	2	40973	2280	2355	40973	5160	5235
CS___351_46812	2	46812	2010	2085	46812	4890	4965
CS___361_36535	2	36535	2280	2355	36535	5160	5235
CS___361_42221	2	42221	2280	2355	42221	5160	5235
CS___361_47018	2	47018	2460	2535	47018	5340	5415
CS___361_47808	2	47808	2370	2445	47808	5250	5325
CS___362_36196	2	36196	2100	2175	36196	4980	5055
CS___362_42222	2	42222	1920	1995	42222	4800	4875
CS___362_47019	2	47019	2370	2445	47019	5250	5325
CS___362_47809	2	47809	2010	2085	47809	4890	4965
CS___377_36199	2	36199	2010	2085	36199	4890	4965
CS___377_36312	2	36312	2010	2085	36312	4890	4965
CS___377_38111	2	38111	2100	2175	38111	4980	5055
CS___377_38340	2	38340	2010	2085	38340	4890	4965
CS___377_39374	2	39374	2460	2535	39374	5340	5415
CS___377_39429	2	39429	2100	2175	39429	4980	5055
CS___377_40663	2	40663	2190	2265	40663	5070	5145
CS___377_41404	2	41404	2100	2175	41404	4980	5055
CS___377_41964	2	41964	2280	2355	41964	5160	5235
CS___377_42236	2	42236	2190	2265	42236	5070	5145
CS___377_44087	2	44087	2280	2355	44087	5160	5235
CS___377_45931	2	45931	900	975	45931	3780	3855
CS___377_47308	2	47308	2370	2445	47308	5250	5325
CS___377_47309	2	47309	990	1065	47309	3870	3945
CS___377_48290	2	48290	2190	2265	48290	5070	5145
CS___377_48691	2	48691	2370	2445	48691	5250	5325
CS___377_48692	2	48692	2460	2535	48692	5340	5415
CS___378_45596	2	45596	2010	2085	45596	4890	4965
CS___378_47249	2	47249	2370	2445	47249	5250	5325
CS___394_44123	1	44123	5160	5340
CS___394_46370	2	46370	2370	2445	46370	5250	5325
CS___394_46371	2	46371	2460	2535	46371	5340	5415
CS___401_10669	3	10669	840	890	10669	3720	3770	10669	6600	6650
CS___401_10671	2	10671	2010	2085	10671	4890	4965
CS___401_17454	3	17454	540	590	17454	3420	3470	17454	6300	6350
CS___401_20262	3	20262	840	890	20262	3720	3770	20262	6600	6650
CS___401_20264	2	20264	2010	2085	20264	4890	4965
CS___401_20665	3	20665	540	590	20665	3420	3470	20665	6300	6350
CS___401_35218	2	35218	1020	1095	35218	3900	3975
CS___401_35219	2	35219	1020	1095	35219	3900	3975
CS___401_39067	2	39067	570	645	39067	3450	3525
CS___401_39068	2	39068	570	645	39068	3450	3525
CS___401_41266	2	41266	2280	2355	41266	5160	5235
CS___401_41267	2	41267	2280	2355	41267	5160	5235
CS___401_41675	2	41675	2010	2085	41675	4890	4965
CS___401_41676	2	41676	2010	2085	41676	4890	4965
CS___401_43262	2	43262	2370	2445	43262	5250	5325
CS___401_43263	2	43263	2370	2445	43263	5250	5325
CS___401_43452	2	43452	930	1005	43452	3810	3885
CS___401_43453	2	43453	930	1005	43453	3810	3885
CS___402_48827	3	48827	720	770	48827	3600	3650	48827	6480	6530
CS___402_48828	3	48828	720	770	48828	3600	3650	48828	6480	6530
CS___407_44387	2	44387	2280	2355	44387	5160	5235
CS___407_44388	2	44388	2280	2355	44388	5160	5235
CS___411_10672	3	10672	540	590	10672	3420	3470	10672	6300	6350
CS___411_20266	3	20266	540	590	20266	3420	3470	20266	6300	6350
CS___411_38549	2	38549	2190	2265	38549	5070	5145
CS___411_38550	2	38550	2190	2265	38550	5070	5145
CS___411_42736	2	42736	930	1005	42736	3810	3885
CS___411_42737	2	42737	930	1005	42737	3810	3885
CS___411_44910	3	44910	600	650	44910	3480	3530	44910	6360	6410
CS___411_44911	3	44911	600	650	44911	3480	3530	44911	6360	6410
CS___415_42844	2	42844	2100	2175	42844	4980	5055
CS___415_42845	2	42845	2100	2175	42845	4980	5055
CS___418_41110	2	41110	660	735	41110	3540	3615
CS___418_41111	2	41111	660	735	41111	3540	3615
CS___418_42738	2	42738	840	915	42738	3720	3795
CS___418_42739	2	42739	840	915	42739	3720	3795
CS___418_43230	2	43230	2190	2265	43230	5070	5145
CS___418_43231	2	43231	2190	2265	43231	5070	5145
CS___418_44033	2	44033	2370	2445	44033	5250	5325
CS___418_44034	2	44034	2370	2445	44034	5250	5325
CS___421_28653	2	28653	570	645	28653	3450	3525
CS___421_28654	2	28654	570	645	28654	3450	3525
CS___421_43946	2	43946	2010	2085	43946	4890	4965
CS___421_43947	2	43947	2010	2085	43947	4890	4965
CS___422_19650	2	19650	2190	2265	19650	5070	5145
CS___422_20669	2	20669	2190	2265	20669	5070	5145
CS___422_44137	2	44137	2190	2265	44137	5070	5145
CS___422_44138	2	44138	2190	2265	44138	5070	5145
CS___422_47020	2	47020	930	1005	47020	3810	3885
CS___422_47021	2	47021	930	1005	47021	3810	3885
CS___422_47232	2	47232	2280	2355	47232	5160	5235
CS___422_47233	2	47233	2280	2355	47233	5160	5235
CS___423_49282	2	49282	2280	2355	49282	5160	5235
CS___423_49283	2	49283	2280	2355	49283	5160	5235
CS___424_33484	2	33484	930	1005	33484	3810	3885
CS___424_33485	2	33485	930	1005	33485	3810	3885
CS___424_40669	2	40669	1920	1995	40669	4800	4875
CS___424_40670	2	40670	1920	1995	40670	4800	4875
CS___425_38706	2	38706	2100	2175	38706	4980	5055
CS___425_38721	2	38721	2100	2175	38721	4980	5055
CS___426_27145	1	27145	3480	3630
CS___426_27146	1	27146	3480	3630
CS___426_41357	1	41357	5250	5400
CS___426_41358	1	41358	5250	5400
CS___427_45607	1	45607	3660	3830
CS___427_45608	1	45608	3660	3830
CS___427_48737	1	48737	3420	3580
CS___427_48738	1	48738	3420	3580
CS___427_48739	1	48739	3660	3820
CS___427_48740	1	48740	3660	3820
CS___428_43563	2	43563	2370	2445	43563	5250	5325
CS___428_43564	2	43564	2370	2445	43564	5250	5325
CS___440_29904	3	29904	780	830	29904	3660	3710	29904	6540	6590
CS___440_29905	3	29905	780	830	29905	3660	3710	29905	6540	6590
CS___440_38984	3	38984	840	890	38984	3720	3770	38984	6600	6650
CS___440_38985	3	38985	840	890	38985	3720	3770	38985	6600	6650
CS___440_41679	3	41679	600	650	41679	3480	3530	41679	6360	6410
CS___440_41680	3	41680	600	650	41680	3480	3530	41680	6360	6410
CS___440_43478	3	43478	660	710	43478	3540	3590	43478	6420	6470
CS___440_43479	3	43479	660	710	43479	3540	3590	43479	6420	6470
CS___441_39826	2	39826	2460	2535	39826	5340	5415
CS___441_39827	2	39827	2460	2535	39827	5340	5415
CS___442_33785	3	33785	840	890	33785	3720	3770	33785	6600	6650
CS___442_33786	3	33786	840	890	33786	3720	3770	33786	6600	6650
CS___442_38900	3	38900	660	710	38900	3540	3590	38900	6420	6470
CS___442_38901	3	38901	660	710	38901	3540	3590	38901	6420	6470
CS___450_10677	2	10677	750	825	10677	3630	3705
CS___450_17432	2	17432	750	825	17432	3630	3705
CS___450_19163	2	19163	750	825	19163	3630	3705
CS___450_20271	2	20271	750	825	20271	3630	3705
CS___453_47563	2	47563	990	1065	47563	3870	3945
CS___453_47564	2	47564	990	1065	47564	3870	3945
CS___454_45709	2	45709	2100	2175	45709	4980	5055
CS___454_45710	2	45710	2100	2175	45710	4980	5055
CS___455_48256	2	48256	2190	2265	48256	5070	5145
CS___455_48257	2	48257	2190	2265	48257	5070	5145
CS___461_42521	2	42521	570	645	42521	3450	3525
CS___461_43861	2	43861	570	645	43861	3450	3525
CS___463_43879	2	43879	930	1005	43879	3810	3885
CS___463_43880	2	43880	930	1005	43880	3810	3885
CS___463_45270	3	45270	720	770	45270	3600	3650	45270	6480	6530
CS___463_45271	3	45271	720	770	45271	3600	3650	45271	6480	6530
CS___466_26694	2	26694	2010	2085	26694	4890	4965
CS___466_26695	2	26695	2010	2085	26695	4890	4965
CS___466_28472	2	28472	2370	2445	28472	5250	5325
CS___466_28473	2	28473	2370	2445	28473	5250	5325
CS___468_48670	2	48670	2190	2265	48670	5070	5145
CS___468_48671	2	48671	2190	2265	48671	5070	5145
CS___472_47406	2	47406	2100	2175	47406	4980	5055
CS___472_47407	2	47407	2100	2175	47407	4980	5055
CS___473_47255	2	47255	660	735	47255	3540	3615
CS___473_47256	2	47256	660	735	47256	3540	3615
CS___474_10680	2	10680	2460	2535	10680	5340	5415
CS___474_20205	2	20205	2460	2535	20205	5340	5415
CS___474_38616	2	38616	840	915	38616	3720	3795
CS___474_38617	2	38617	840	915	38617	3720	3795
CS___474_38902	2	38902	2190	2265	38902	5070	5145
CS___474_38903	2	38903	2190	2265	38903	5070	5145
CS___476_32644	2	32644	2280	2355	32644	5160	5235
CS___476_32645	2	32645	2280	2355	32645	5160	5235
CS___476_42740	2	42740	2370	2445	42740	5250	5325
CS___476_42741	2	42741	2370	2445	42741	5250	5325
CS___477_48168	2	48168	2460	2535	48168	5340	5415
CS___477_48169	2	48169	2460	2535	48169	5340	5415
CS___478_37633	2	37633	750	825	37633	3630	3705
CS___478_37634	2	37634	750	825	37634	3630	3705
CS___478_41618	2	41618	2370	2445	41618	5250	5325
CS___478_41619	2	41619	2370	2445	41619	5250	5325
CS___479_45526	1	45526	600	770
CS___479_45527	1	45527	600	770
CS___479_46835	1	46835	2040	2210
CS___479_46836	1	46836	2040	2210
CS___479_47191	1	47191	2040	2210
CS___479_47192	1	47192	2040	2210
CS___479_49748	1	49748	4920	5090
CS___479_49749	1	49749	4920	5090
CS___480_10682	3	10682	600	650	10682	3480	3530	10682	6360	6410
CS___480_13947	3	13947	600	650	13947	3480	3530	13947	6360	6410
CS___480_17438	2	17438	1020	1095	17438	3900	3975
CS___480_19171	2	19171	1020	1095	19171	3900	3975
CS___480_41677	2	41677	2460	2535	41677	5340	5415
CS___480_41678	2	41678	2460	2535	41678	5340	5415
CS___480_43454	2	43454	2460	2535	43454	5340	5415
CS___480_43455	2	43455	2460	2535	43455	5340	5415
CS___483_48742	2	48742	1920	1995	48742	4800	4875
CS___483_48743	2	48743	1920	1995	48743	4800	4875
CS___484_46593	2	46593	2280	2355	46593	5160	5235
CS___484_46594	2	46594	2280	2355	46594	5160	5235
CS___485_49509	2	49509	840	915	49509	3720	3795
CS___485_49510	2	49510	840	915	49510	3720	3795
CS___487_28124	2	28124	2370	2445	28124	5250	5325
CS___487_28125	2	28125	2370	2445	28125	5250	5325
CS___488_48841	2	48841	2370	2445	48841	5250	5325
CS___488_48842	2	48842	2370	2445	48842	5250	5325
CS___489_48672	2	48672	2100	2175	48672	4980	5055
CS___489_48673	2	48673	2100	2175	48673	4980	5055
CS___491_26942	1	26942	5160	5340
CS___491_27041	1	27041	5160	5340
CS___491_30285	2	30285	2100	2175	30285	4980	5055
CS___491_30757	2	30757	2100	2175	30757	4980	5055
CS___491_38956	2	38956	2190	2265	38956	5070	5145
CS___491_38963	2	38963	2190	2265	38963	5070	5145
CS___491_41657	2	41657	900	975	41657	3780	3855
CS___491_41667	2	41667	900	975	41667	3780	3855
CS___491_42677	2	42677	2370	2445	42677	5250	5325
CS___494_42278	2	42278	1020	1095	42278	3900	3975
CS___494_42280	2	42280	570	645	42280	3450	3525
CS___494_42281	2	42281	570	645	42281	3450	3525
CS___494_42289	2	42289	1020	1095	42289	3900	3975
CS___494_43965	1	43965	840	1010
CS___494_44014	2	44014	840	915	44014	3720	3795
CS___494_44015	2	44015	840	915	44015	3720	3795
CS___494_46544	1	46544	840	1010
CS___501_26929	2	26929	900	975	26929	3780	3855
CS___501_33788	3	33788	660	710	33788	3540	3590	33788	6420	6470
CS___501_34850	2	34850	2460	2535	34850	5340	5415
CS___502_23104	2	23104	2280	2355	23104	5160	5235
CS___502_41831	3	41831	840	890	41831	3720	3770	41831	6600	6650
CS___505_41114	2	41114	2280	2355	41114	5160	5235
CS___505_48674	2	48674	2190	2265	48674	5070	5145
CS___506_47565	2	47565	2280	2355	47565	5160	5235
CS___511_17442	3	17442	660	710	17442	3540	3590	17442	6420	6470
CS___514_22882	3	22882	600	650	22882	3480	3530	22882	6360	6410
CS___515_43364	2	43364	930	1005	43364	3810	3885
CS___515_48741	2	48741	2370	2445	48741	5250	5325
CS___516_47582	2	47582	1020	1095	47582	3900	3975
CS___517_48253	2	48253	2370	2445	48253	5250	5325
CS___519_49511	2	49511	570	645	49511	3450	3525
CS___520_45269	2	45269	2100	2175	45269	4980	5055
CS___521_43232	2	43232	2010	2085	43232	4890	4965
CS___522_37373	2	37373	2100	2175	37373	4980	5055
CS___522_45272	2	45272	900	975	45272	3780	3855
CS___524_49285	2	49285	2010	2085	49285	4890	4965
CS___526_38727	1	38727	3840	3990
CS___529_43565	2	43565	2280	2355	43565	5160	5235
CS___529_47569	2	47569	2280	2355	47569	5160	5235
CS___532_45951	2	45951	2550	2625	45951	5430	5505
CS___532_48790	2	48790	2280	2355	48790	5160	5235
CS___533_46404	1	46404	900	1050
CS___535_47491	2	47491	930	1005	47491	3810	3885
CS___540_35014	2	35014	2280	2355	35014	5160	5235
CS___540_37332	2	37332	840	915	37332	3720	3795
CS___550_49286	2	49286	2370	2445	49286	5250	5325
CS___553_24388	2	24388	2460	2535	24388	5340	5415
CS___553_39828	2	39828	990	1065	39828	3870	3945
CS___554_28126	2	28126	2460	2535	28126	5340	5415
CS___559_25622	2	25622	2010	2085	25622	4890	4965
CS___565_28478	2	28478	2190	2265	28478	5070	5145
CS___566_33563	2	33563	2370	2445	33563	5250	5325
CS___566_33741	2	33741	2190	2265	33741	5070	5145
CS___568_45407	2	45407	2190	2265	45407	5070	5145
CS___568_47481	2	47481	2280	2355	47481	5160	5235
CS___569_27021	2	27021	840	915	27021	3720	3795
CS___582_38342	2	38342	2190	2265	38342	5070	5145
CS___582_47257	1	47257	900	1050
CS___583_30286	2	30286	2190	2265	30286	5070	5145
CS___583_45283	2	45283	2280	2355	45283	5160	5235
CS___584_33487	2	33487	2010	2085	33487	4890	4965
CS___586_22888	1	22888	6600	6750
CS___586_45274	2	45274	2010	2085	45274	4890	4965
CS___587_38056	2	38056	1080	1155	38056	3960	4035
CS___587_44286	2	44286	2370	2445	44286	5250	5325
CS___588_46235	2	46235	1020	1095	46235	3900	3975
CS___588_48254	2	48254	2460	2535	48254	5340	5415
CS___590_45284	2	45284	990	1065	45284	3870	3945
CS___594_27441	2	27441	2280	2355	27441	5160	5235
CS___594_29095	2	29095	2010	2085	29095	4890	4965
CS___594_33648	2	33648	660	735	33648	3540	3615
CS___594_33792	2	33792	2280	2355	33792	5160	5235
CS___594_34724	2	34724	2010	2085	34724	4890	4965
CS___594_40393	2	40393	2190	2265	40393	5070	5145
CS___594_42607	2	42607	990	1065	42607	3870	3945
CS___594_43136	2	43136	2100	2175	43136	4980	5055
CS___594_43915	2	43915	1020	1095	43915	3900	3975
CS___594_48277	2	48277	930	1005	48277	3810	3885
