CHE__124	fall	2	4	14794	540	590	14794	3420	3470	14794	6300	6350	14794	3960	4135
CHE__124	fall	2	4	14813	3720	3895	14813	540	590	14813	3420	3470	14813	6300	6350
CHE__124	spring	1	3	15484	780	855	15484	3660	3735	15484	6540	6710
CHE__131	fall	3	2	13960	600	675	13960	3480	3555
CHE__131	fall	3	2	15210	2040	2115	15210	4920	4995
CHE__131	fall	3	1	15557	0	0
CHE__131	spring	2	2	14117	600	675	14117	3480	3555
CHE__131	spring	2	1	15098	0	0
CHE__132	fall	2	1	13962	5040	5220
CHE__132	fall	2	1	13964	0	0
CHE__132	spring	2	1	14880	720	890
CHE__132	spring	2	1	15099	0	0
CHE__141	fall	3	3	10568	2040	2115	10568	4920	4995	10568	6240	6415
CHE__141	fall	3	3	12332	6480	6655	12332	2040	2115	12332	4920	4995
CHE__141	fall	3	3	12377	5400	5575	12377	2040	2115	12377	4920	4995
CHE__142	spring	3	3	13929	5160	5335	13929	2040	2115	13929	4920	4995
CHE__142	spring	3	3	13935	6240	6410	13935	2040	2115	13935	4920	4995
CHE__142	spring	3	3	13936	2040	2115	13936	4920	4995	13936	5400	5570
CHE__143	fall	2	1	15078	1020	1070
CHE__143	fall	2	1	15079	1080	1130
CHE__144	spring	2	1	15041	1020	1070
CHE__144	spring	2	1	15042	1080	1130
CHE__267	fall	1	3	13878	540	590	13878	3420	3470	13878	6300	6350
CHE__268	fall	3	1	13879	840	1015
CHE__268	fall	3	1	13880	1080	1255
CHE__268	fall	3	1	14008	2520	2695
CHE__269	spring	1	3	13930	540	590	13930	3420	3470	13930	6300	6350
CHE__271	spring	2	1	13931	840	1010
CHE__271	spring	2	1	13932	1980	2150
CHE__301	fall	1	2	10571	960	1035	10571	3840	3915
CHE__301	spring	1	2	12738	1020	1095	12738	3900	3975
CHE__302	spring	1	3	14644	1980	2030	14644	2220	2390	14644	5100	5270
CHE__321	fall	1	1	10575	2220	2395
CHE__401	fall	1	2	10586	720	795	10586	3600	3675
CHE__402	spring	1	1	10162	0	0
CHE__421	spring	1	3	10164	2040	2115	10164	4920	4995	10164	3660	3830
CHE__425	spring	1	2	14276	480	555	14276	3360	3435
CHE__432	fall	1	2	14299	600	675	14299	3480	3555
CHE__465	fall	2	1	12430	0	0
CHE__465	fall	2	1	10589	0	0
CHE__465	spring	2	1	14506	0	0
CHE__465	spring	2	1	14779	0	0
CHE__475	fall	1	2	14628	510	585	14628	3390	3465
CHE__476	fall	1	2	14629	900	1075	14629	840	895
CHE__485	spring	1	3	14759	600	675	14759	3480	3555	14759	780	950
