ART__101	5	2	35213	540	590	35213	3420	3470
ART__101	5	2	35835	2160	2210	35835	5040	5090
ART__101	5	2	37245	720	770	37245	3600	3650
ART__101	5	2	38467	2220	2270	38467	5100	5150
ART__101	5	2	46639	540	590	46639	3420	3470
ART__110	1	2	46493	2370	2445	46493	5250	5325
ART__112	10	2	35215	780	830	35215	3660	3710
ART__112	10	2	35217	960	1010	35217	3840	3890
ART__112	10	2	35837	780	830	35837	3660	3710
ART__112	10	2	35867	1980	2030	35867	4860	4910
ART__112	10	2	35869	2160	2210	35869	5040	5090
ART__112	10	2	38658	2160	2210	38658	5040	5090
ART__112	10	2	39525	2340	2390	39525	5220	5270
ART__112	10	2	40416	2220	2270	40416	5100	5150
ART__112	10	2	40685	2340	2390	40685	5220	5270
ART__112	10	1	42848	6300	6460
ART__116	1	3	40054	780	830	40054	3660	3710	40054	6540	6590
ART__130	9	2	35219	1011	1110	35219	3891	3990
ART__130	9	2	35871	540	590	35871	3420	3470
ART__130	9	2	38247	2160	2210	38247	5040	5090
ART__130	9	2	38627	780	830	38627	3660	3710
ART__130	9	2	39303	1980	2030	39303	4860	4910
ART__130	9	2	39406	780	830	39406	3660	3710
ART__130	9	2	39916	2160	2210	39916	5040	5090
ART__130	9	2	40687	2160	2210	40687	5040	5090
ART__130	9	2	43429	480	530	43429	3360	3410
ART__140	7	2	35221	540	590	35221	3420	3470
ART__140	7	2	35832	780	830	35832	3660	3710
ART__140	7	2	35873	1980	2030	35873	4860	4910
ART__140	7	2	35875	960	1010	35875	3840	3890
ART__140	7	2	35877	2160	2210	35877	5040	5090
ART__140	7	2	39297	2160	2210	39297	5040	5090
ART__140	7	2	40474	2160	2210	40474	5040	5090
ART__150	7	2	35223	1980	2030	35223	4860	4910
ART__150	7	2	35835	2160	2210	35835	5040	5090
ART__150	7	2	35879	2550	2600	35879	5430	5480
ART__150	7	2	35881	2340	2390	35881	5220	5270
ART__150	7	2	35883	960	1010	35883	3840	3890
ART__150	7	2	39301	2340	2390	39301	5220	5270
ART__150	7	2	42853	1980	2030	42853	4860	4910
ART__151	7	2	41863	960	1010	41863	3840	3890
ART__151	7	2	41865	780	830	41865	3660	3710
ART__151	7	2	42470	2340	2390	42470	5220	5270
ART__151	7	2	42793	540	590	42793	3420	3470
ART__151	7	2	43431	540	590	43431	3420	3470
ART__151	7	2	43433	960	1010	43433	3840	3890
ART__151	7	2	44905	780	830	44905	3660	3710
ART__160	11	2	35838	780	830	35838	3660	3710
ART__160	11	2	35885	540	590	35885	3420	3470
ART__160	11	2	35887	780	830	35887	3660	3710
ART__160	11	2	35889	960	1010	35889	3840	3890
ART__160	11	2	35891	2520	2600	35891	5400	5480
ART__160	11	2	36810	960	1010	36810	3840	3890
ART__160	11	2	39305	2340	2390	39305	5220	5270
ART__160	11	2	39307	2550	2600	39307	5430	5480
ART__160	11	2	40417	720	770	40417	3600	3650
ART__160	11	2	40578	900	950	40578	3780	3830
ART__160	11	1	42851	6300	6460
ART__170	8	2	35227	780	830	35227	3660	3710
ART__170	8	2	35841	1980	2030	35841	4860	4910
ART__170	8	2	35893	1980	2030	35893	4860	4910
ART__170	8	2	35897	2160	2210	35897	5040	5090
ART__170	8	2	35899	2340	2390	35899	5220	5270
ART__170	8	2	39309	2340	2390	39309	5220	5270
ART__170	8	2	40476	2370	2420	40476	5250	5300
ART__170	8	2	40580	2160	2210	40580	5040	5090
ART__190	5	2	38252	2370	2420	38252	5250	5300
ART__190	5	2	38351	960	1000	38351	3840	3880
ART__190	5	2	38352	2370	2420	38352	5250	5300
ART__190	5	2	38378	540	590	38378	3420	3470
ART__190	5	1	41938	6300	6400
ART__201	2	2	42052	2100	2150	42052	4980	5030
ART__201	2	2	48967	2100	2150	48967	4980	5030
ART__210	1	2	41867	2100	2150	41867	4980	5030
ART__212	3	2	35901	960	1010	35901	3840	3890
ART__212	3	2	41876	1980	2030	41876	4860	4910
ART__212	3	2	42808	1920	1970	42808	4800	4850
ART__223	1	2	43434	2370	2445	43434	5250	5325
ART__230	3	2	35232	540	590	35232	3420	3470
ART__230	3	2	35903	1980	2030	35903	4860	4910
ART__230	3	2	39417	660	710	39417	3540	3590
ART__240	2	2	35234	1980	2030	35234	4860	4910
ART__240	2	2	35907	540	590	35907	3420	3470
ART__250	3	2	35236	720	770	35236	3600	3650
ART__250	3	2	35909	480	530	35909	3360	3410
ART__250	3	2	42302	2160	2210	42302	5040	5090
ART__260	3	2	35238	960	1010	35238	3840	3890
ART__260	3	2	35911	960	1010	35911	3840	3890
ART__260	3	2	44031	2340	2390	44031	5220	5270
ART__261	2	2	35240	1980	2030	35240	4860	4910
ART__261	2	2	35913	1980	2030	35913	4860	4910
ART__270	1	2	42065	1980	2030	42065	4860	4910
ART__272	1	2	35915	2370	2420	35915	5250	5300
ART__274	1	2	37252	540	590	37252	3420	3470
ART__275	1	2	35921	780	830	35921	3660	3710
ART__280	1	2	35923	2340	2390	35923	5220	5270
ART__290	1	2	48535	2550	2600	48535	5430	5480
ART__310	2	1	47119	660	810
ART__310	2	1	49242	3540	3690
ART__312	3	2	35252	540	590	35252	3420	3470
ART__312	3	2	35925	540	590	35925	3420	3470
ART__312	3	1	42810	6300	6460
ART__323	1	2	43437	2370	2415	43437	5250	5295
ART__330	5	2	35253	2340	2390	35253	5220	5270
ART__330	5	2	35927	960	1010	35927	3840	3890
ART__330	5	1	39421	6300	6460
ART__330	5	2	39423	2400	2450	39423	5280	5330
ART__330	5	1	41882	6300	6410
ART__340	1	2	35931	780	830	35931	3660	3710
ART__350	3	2	36814	960	1010	36814	3840	3890
ART__350	3	2	37254	2340	2390	37254	5220	5270
ART__350	3	2	42670	480	530	42670	3360	3410
ART__360	2	2	35257	2340	2390	35257	5220	5270
ART__360	2	2	35933	2340	2390	35933	5220	5270
ART__362	2	2	35937	900	950	35937	3780	3830
ART__362	2	2	47121	2370	2420	47121	5250	5300
ART__370	1	2	42067	2370	2420	42067	5250	5300
ART__372	3	2	35263	1980	2030	35263	4860	4910
ART__372	3	2	35941	480	530	35941	3360	3410
ART__372	3	2	41539	2220	2270	41539	5100	5150
ART__374	3	2	35944	900	950	35944	3780	3830
ART__374	3	2	40691	540	590	40691	3420	3470
ART__374	3	2	41541	1980	2030	41541	4860	4910
ART__376	1	2	35268	780	830	35268	3660	3710
ART__380	1	2	35948	2400	2450	35948	5280	5330
ART__381	2	2	35950	2340	2390	35950	5220	5270
ART__381	2	2	39917	540	590	39917	3420	3470
ART__382	5	2	37256	780	830	37256	3660	3710
ART__382	5	2	38264	2340	2370	38264	5220	5250
ART__382	5	2	38266	2220	2270	38266	5100	5150
ART__382	5	1	40069	5100	5150
ART__382	5	2	40694	780	830	40694	3660	3710
ART__400	1	1	42495	960	1110
ART__410	2	1	43438	5250	5300
ART__410	2	1	49243	5301	5400
ART__454	1	2	35962	780	830	35962	3660	3710
ART__456	2	2	35964	780	830	35964	3660	3710
ART__456	2	2	49246	2340	2390	49246	5220	5270
ART__457	2	2	35966	2550	2595	35966	5430	5475
ART__457	2	2	42304	2400	2450	42304	5280	5330
ART__460	2	1	43285	3471	3570
ART__460	2	1	45019	2391	2490
ART__470	2	1	44163	960	1010
ART__470	2	1	49579	695	775
ART__484	1	1	42821	2490	2540
ART__485	1	1	42823	2490	2540
ART__520	3	1	35984	3840	3890
ART__520	3	1	35986	6480	6530
ART__520	3	1	36251	6540	6590
ART__540	1	1	44164	1110	1260
ART__541	1	1	46030	3990	4140
