MKTG_360	9	2	12899	2370	2445	12899	5250	5325
MKTG_360	9	2	16651	2010	2085	16651	4890	4965
MKTG_360	9	3	16652	600	650	16652	3480	3530	16652	6360	6410
MKTG_360	9	1	34058	1920	2070
MKTG_360	9	2	45969	900	975	45969	3780	3855
MKTG_360	9	2	47141	2280	2355	47141	5160	5235
MKTG_360	9	2	47142	480	555	47142	3360	3435
MKTG_360	9	2	47203	2100	2175	47203	4980	5055
MKTG_360	9	3	47918	540	590	47918	3420	3470	47918	6300	6350
MKTG_370	3	2	45145	2010	2085	45145	4890	4965
MKTG_370	3	2	47139	2190	2265	47139	5070	5145
MKTG_370	3	2	48382	2370	2445	48382	5250	5325
MKTG_455	1	2	45349	1920	1995	45349	4800	4875
MKTG_458	1	2	48231	480	555	48231	3360	3435
MKTG_460	3	2	24430	900	975	24430	3780	3855
MKTG_460	3	2	48097	2100	2175	48097	4980	5055
MKTG_460	3	2	48585	2190	2265	48585	5070	5145
MKTG_461	6	2	12903	2190	2265	12903	5070	5145
MKTG_461	6	2	16655	2010	2085	16655	4890	4965
MKTG_461	6	2	23260	2280	2355	23260	5160	5235
MKTG_461	6	3	43247	780	830	43247	3660	3710	43247	6540	6590
MKTG_461	6	2	43885	900	975	43885	3780	3855
MKTG_461	6	2	44112	2460	2535	44112	5340	5415
MKTG_462	5	2	12906	2100	2175	12906	4980	5055
MKTG_462	5	2	12908	2280	2355	12908	5160	5235
MKTG_462	5	2	16656	2190	2265	16656	5070	5145
MKTG_462	5	2	46661	570	645	46661	3450	3525
MKTG_462	5	2	48465	2010	2085	48465	4890	4965
MKTG_463	2	2	12909	480	555	12909	3360	3435
MKTG_463	2	2	16658	900	975	16658	3780	3855
MKTG_464	3	2	45983	900	975	45983	3780	3855
MKTG_464	3	2	46188	2280	2355	46188	5160	5235
MKTG_464	3	1	49043	1080	1230
MKTG_465	4	2	12913	2100	2175	12913	4980	5055
MKTG_465	4	2	16660	570	645	16660	3450	3525
MKTG_465	4	2	26300	2280	2355	26300	5160	5235
MKTG_465	4	2	48504	480	555	48504	3360	3435
MKTG_467	2	2	45297	2010	2085	45297	4890	4965
MKTG_467	2	2	48562	2190	2265	48562	5070	5145
MKTG_468	3	2	36955	2010	2085	36955	4890	4965
MKTG_468	3	3	38359	660	710	38359	3540	3590	38359	6420	6470
MKTG_468	3	3	40694	780	830	40694	3660	3710	40694	6540	6590
MKTG_469	11	2	12915	2280	2355	12915	5160	5235
MKTG_469	11	3	16662	840	890	16662	3720	3770	16662	6600	6650
MKTG_469	11	2	32413	570	645	32413	3450	3525
MKTG_469	11	3	35560	720	770	35560	3600	3650	35560	6480	6530
MKTG_469	11	3	36886	660	710	36886	3540	3590	36886	6420	6470
MKTG_469	11	2	40251	2010	2085	40251	4890	4965
MKTG_469	11	1	41399	2370	2520
MKTG_469	11	2	42360	2370	2445	42360	5250	5325
MKTG_469	11	3	44210	540	590	44210	3420	3470	44210	6300	6350
MKTG_469	11	2	46500	480	555	46500	3360	3435
MKTG_469	11	2	46913	900	975	46913	3780	3855
MKTG_470	3	2	36960	2460	2535	36960	5340	5415
MKTG_470	3	2	36964	2370	2445	36964	5250	5325
MKTG_470	3	2	38374	990	1065	38374	3870	3945
MKTG_471	1	2	45986	2010	2085	45986	4890	4965
MKTG_473	3	2	12917	2280	2355	12917	5160	5235
MKTG_473	3	2	47629	2100	2175	47629	4980	5055
MKTG_473	3	2	48774	2190	2265	48774	5070	5145
MKTG_474	2	2	16663	990	1065	16663	3870	3945
MKTG_474	2	2	41754	1080	1155	41754	3960	4035
MKTG_475	2	2	12920	2100	2175	12920	4980	5055
MKTG_475	2	2	45344	2280	2355	45344	5160	5235
MKTG_476	1	2	23261	2190	2265	23261	5070	5145
MKTG_477	3	1	34863	2280	2460
MKTG_477	3	1	37170	5160	5340
MKTG_477	3	1	42734	2370	2550
MKTG_479	5	2	38360	2100	2175	38360	4980	5055
MKTG_479	5	1	47919	5430	5580
MKTG_479	5	2	47920	2280	2355	47920	5160	5235
MKTG_479	5	2	49264	2010	2085	49264	4890	4965
MKTG_479	5	2	49596	2370	2445	49596	5250	5325
MKTG_482	1	2	49547	2190	2265	49547	5070	5145
MKTG_485	1	2	44223	2190	2265	44223	5070	5145
MKTG_494	1	2	37166	2190	2265	37166	5070	5145
MKTG_500	4	1	27539	2550	2700
MKTG_500	4	2	29359	990	1065	29359	3870	3945
MKTG_500	4	2	38355	2460	2535	38355	5340	5415
MKTG_500	4	1	48783	1080	1230
MKTG_518	1	1	29074	1080	1230
MKTG_560	1	1	16671	3960	4110
MKTG_561	1	1	12942	2550	2700
MKTG_562	1	1	39779	3960	4110
MKTG_563	1	1	12944	5430	5580
MKTG_565	1	1	37167	1080	1230
MKTG_567	1	1	39777	1080	1230
MKTG_570	2	1	40602	2550	2700
MKTG_570	2	1	47826	3960	4110
MKTG_572	1	1	45082	5430	5580
MKTG_574	1	2	16677	2370	2445	16677	5250	5325
MKTG_575	1	1	48811	1080	1230
MKTG_577	2	1	34922	870	1050
MKTG_577	2	1	36728	5040	5210
MKTG_581	1	1	33414	3360	3510
MKTG_594	5	1	12954	2160	2310
MKTG_594	5	1	28091	3720	3870
MKTG_594	5	1	30729	1080	1230
MKTG_594	5	1	33588	2280	2430
MKTG_594	5	1	39439	3480	3630
