LRSC_500	fall	3	1	28809	2220	2390
LRSC_500	fall	3	1	47501	2220	2390
LRSC_500	fall	3	1	48577	3420	3590
LRSC_501	fall	3	1	30252	3420	3590
LRSC_501	fall	3	1	42051	780	950
LRSC_501	fall	3	1	48578	4860	5030
LRSC_511	fall	2	1	32130	5100	5270
LRSC_511	fall	2	1	44959	4860	5040
LRSC_511	spring	1	1	45484	1980	2150
LRSC_512	fall	1	1	49380	5100	5280
LRSC_513	fall	1	1	46397	5100	5270
LRSC_540	fall	1	1	42059	6450	6630
LRSC_540	spring	2	1	26957	6450	6630
LRSC_540	spring	2	1	47687	6540	6630
LRSC_590	fall	1	1	28823	0	0
LRSC_590	spring	1	1	45071	0	0
LRSC_594	fall	5	1	44993	3900	4080
LRSC_594	fall	5	1	49591	1980	2160
LRSC_594	fall	5	1	49594	5340	5520
LRSC_594	fall	5	1	50471	2460	2640
LRSC_594	fall	5	1	50472	2460	2640
LRSC_599	fall	1	1	28835	0	0
LRSC_599	spring	1	1	27894	0	0
