JPN__101	fall	2	3	12824	840	890	12824	3720	3770	12824	6600	6650
JPN__101	fall	2	3	12825	960	1010	12825	3840	3890	12825	6720	6770
JPN__101	spring	1	3	47614	780	830	47614	3660	3710	47614	6540	6590
JPN__102	fall	1	3	49117	780	830	49117	3660	3710	49117	6540	6590
JPN__102	spring	2	3	17563	840	890	17563	3720	3770	17563	6600	6650
JPN__102	spring	2	3	44926	960	1010	44926	3840	3890	44926	6720	6770
JPN__103	fall	2	3	12826	600	650	12826	3480	3530	12826	6360	6410
JPN__103	fall	2	3	25831	660	710	25831	3540	3590	25831	6420	6470
JPN__104	spring	2	3	44927	660	710	44927	3540	3590	44927	6420	6470
JPN__104	spring	2	3	44928	720	770	44928	3600	3650	44928	6480	6530
JPN__200	fall	2	2	33140	2370	2445	33140	5250	5325
JPN__200	fall	2	2	37284	2100	2175	37284	4980	5055
JPN__210	fall	1	3	43264	780	830	43264	3660	3710	43264	6540	6590
JPN__210	spring	1	3	46127	900	950	46127	3780	3830	46127	6660	6710
