AHS__100	3	1	45556	6360	6410
AHS__100	3	1	49109	600	650
AHS__100	3	1	49110	3480	3530
AHS__101	1	1	39530	6360	6410
AHS__102	1	2	44838	2010	2085	44838	4890	4965
AHS__200	5	2	43566	2100	2175	43566	4980	5055
AHS__200	5	2	43567	2190	2265	43567	5070	5145
AHS__200	5	2	43568	2280	2355	43568	5160	5235
AHS__200	5	3	45998	660	710	45998	3540	3590	45998	6420	6470
AHS__200	5	3	46840	600	650	46840	3480	3530	46840	6360	6410
AHS__210	2	2	39531	2100	2175	39531	4980	5055
AHS__210	2	2	43751	2370	2445	43751	5250	5325
AHS__294	1	2	48617	870	945	48617	3750	3825
AHS__304	1	1	49146	3360	3435
AHS__325	1	2	39532	2280	2355	39532	5160	5235
AHS__330	1	2	40738	2040	2115	40738	4920	4995
AHS__365	1	2	39772	2160	2235	39772	5040	5115
AHS__393	2	2	44947	720	795	44947	3600	3675
AHS__393	2	2	46958	780	855	46958	3660	3735
AHS__402	1	1	40966	3450	3560
AHS__511	1	2	38535	3600	3710	38535	6480	6590
AHS__512	1	2	38484	3600	3710	38484	6480	6590
