RUSS_101	2	3	13495	600	650	13495	3480	3530	13495	6360	6410
RUSS_101	2	3	35420	780	830	35420	3660	3710	35420	6540	6590
RUSS_102	2	3	17668	720	770	17668	3600	3650	17668	6480	6530
RUSS_102	2	3	17669	660	710	17669	3540	3590	17669	6420	6470
RUSS_103	2	3	21603	600	650	21603	3480	3530	21603	6360	6410
RUSS_103	2	3	35421	720	770	35421	3600	3650	35421	6480	6530
RUSS_104	1	3	46837	720	770	46837	3600	3650	46837	6480	6530
RUSS_115	1	2	33175	2100	2175	33175	4980	5055
RUSS_116	1	2	17672	2190	2265	17672	5070	5145
RUSS_120	1	3	33179	660	710	33179	3540	3590	33179	6420	6470
RUSS_130	1	2	35425	900	975	35425	3780	3855
RUSS_150	1	1	37147	900	1065
RUSS_201	1	3	34736	840	890	34736	3720	3770	34736	6600	6650
RUSS_202	2	3	34658	840	890	34658	3720	3770	34658	6600	6650
RUSS_202	2	3	48498	720	770	48498	3600	3650	48498	6480	6530
RUSS_203	1	3	47012	720	770	47012	3600	3650	47012	6480	6530
RUSS_239	1	1	39877	2280	2355
RUSS_241	2	3	32253	660	710	32253	3540	3590	32253	6420	6470
RUSS_241	2	2	47899	2100	2175	47899	4980	5055
RUSS_244	2	2	34336	900	975	34336	3780	3855
RUSS_244	2	2	38480	2460	2535	38480	5340	5415
RUSS_248	1	2	41319	2100	2175	41319	4980	5055
RUSS_321	1	2	33177	2100	2175	33177	4980	5055
RUSS_330	1	3	38479	840	890	38479	3720	3770	38479	6600	6650
RUSS_440	1	1	34740	3960	4110
RUSS_460	2	1	26657	1020	1170
RUSS_460	2	1	28647	900	1050
RUSS_535	1	1	42127	3780	3930
