BSTT_400	fall	3	1		900	1010
BSTT_400	fall	3	2	15814	2520	2625	15814	5400	5505
BSTT_400	fall	3	1	40533	5160	5270
BSTT_401	spring	1	2	17720	2100	2205	17720	4980	5085
BSTT_413	spring	1	1	42117	6390	6495
BSTT_426	fall	1	2	45497	2280	2355	45497	5160	5235
BSTT_494	fall	1	2	41720	2340	2430	41720	5220	5310
BSTT_505	fall	1	1	27049	3690	3810
BSTT_506	spring	1	1	26736	2370	2550
BSTT_510	fall	1	2	48161	570	645	48161	3450	3525
BSTT_511	spring	1	2	46480	2100	2205	46480	4980	5085
BSTT_523	fall	1	2	28453	840	945	28453	3720	3825
BSTT_524	fall	1	2	28454	720	825	28454	3600	3705
BSTT_527	fall	1	2	45498	2370	2445	45498	5250	5325
BSTT_528	spring	1	2	44412	2010	2085	44412	4890	4965
BSTT_535	fall	1	2	28455	2220	2295	28455	5100	5175
BSTT_535	spring	1	2	42119	2220	2295	42119	5100	5175
BSTT_536	fall	1	2	28456	780	855	28456	3660	3735
BSTT_537	fall	1	2	28457	2040	2145	28457	4920	5025
BSTT_538	fall	1	1	28458	6360	6465
BSTT_550	spring	1	2	28846	600	705	28846	3480	3585
BSTT_561	fall	4	2	30482	780	855	30482	3660	3735
BSTT_561	fall	4	2	41413	780	855	41413	3660	3735
BSTT_561	fall	4	2	46178	780	855	46178	3660	3735
BSTT_561	fall	4	2	48809	780	855	48809	3660	3735
BSTT_562	fall	5	2	32471	780	885	32471	3660	3765
BSTT_562	fall	5	2	37477	780	900	37477	3660	3780
BSTT_562	fall	5	2	42509	780	885	42509	3660	3765
BSTT_562	fall	5	2	47170	780	890	47170	3660	3770
BSTT_562	fall	5	2	49496	780	900	49496	3660	3780
BSTT_563	spring	1	2	46481	900	1005	46481	3780	3885
BSTT_564	spring	1	2	47488	780	885	47488	3660	3765
BSTT_565	fall	1	2	28461	900	1005	28461	3780	3885
BSTT_566	fall	1	2	30483	900	1005	30483	3780	3885
BSTT_566	spring	1	2	43195	900	1005	43195	3780	3885
BSTT_567	spring	1	2	46482	780	885	46482	3660	3765
BSTT_568	fall	1	2	40406	660	765	40406	3540	3645
BSTT_595	fall	1	1	28462	6600	6645
BSTT_595	spring	1	1	17729	6600	6645
