PHYB_396	fall	1	1	15159	0	0
PHYB_518	fall	1	1	42225	2370	2490
PHYB_523	fall	1	1	46688	2100	2190
PHYB_530	fall	1	1	26754	2370	2490
PHYB_531	fall	1	1	48713	2070	2160
PHYB_551	fall	1	1	40478	4860	4950
PHYB_552	spring	2	4		630	690		2070	2130		3510	3570		4950	5010
PHYB_552	spring	2	1	29146	6345	6405
PHYB_561	fall	1	2	48720	780	890	48720	3660	3770
PHYB_562	fall	1	2	48721	630	720	48721	3510	3600
PHYB_565	fall	1	1	48722	3780	3890
PHYB_571	fall	1	1	40496	5100	5210
PHYB_572	spring	1	1	39729	5100	5220
PHYB_586	spring	1	2	39730	780	870	39730	3660	3750
PHYB_590	fall	1	1	35005	3840	3900
PHYB_590	spring	1	1	35155	3840	3900
PHYB_591	fall	1	1	15164	6420	6480
PHYB_591	spring	1	1	17964	6420	6480
PHYB_594	fall	1	1	15167	2220	2270
PHYB_595	fall	1	1	15171	0	0
PHYB_595	spring	1	1	17966	0	0
PHYB_596	fall	1	1	16555	0	0
PHYB_598	fall	1	1	42584	0	0
PHYB_598	spring	1	1	42919	0	0
PHYB_599	fall	1	1	46881	0	0
PHYB_599	spring	1	1	12789	0	0
