PSC__101	1	3	15633	600	650	15633	3480	3530	15633	6360	6410
PSC__202	1	2	13278	2040	2115	13278	4920	4995
PSC__242	1	1	14176	3720	3870
PSC__277	1	2	15585	5400	5490	15585	6360	6480
PSC__325	1	1	13437	2520	2670
PSC__334	1	2	14095	720	795	14095	3600	3675
PSC__354	1	2	13566	720	795	13566	3600	3675
PSC__373	1	1	13436	3720	3870
PSC__425	1	2	15032	840	940	15032	3720	3820
PSC__437	2	1	13600	5160	5370
PSC__437	2	1	14578	5160	5370
PSC__451	2	2	14811	2160	2235	14811	5040	5115
PSC__451	2	2	14812	2160	2235	14812	5040	5115
PSC__465	1	1	14379	5040	5140
PSC__478	1	1	14258	5340	5390
PSC__485	2	1	14875	3600	3700
PSC__485	2	1	13880	3600	3700
PSC__486	2	1	14876	3600	3700
PSC__486	2	1	13881	3600	3700
PSC__487	1	1	15540	3600	3700
PSC__488	1	1	15541	3600	3700
PSC__501	1	1	13444	3960	4170
PSC__525	1	1	13236	6540	6750
PSC__371	1	2	13285	2160	2235	13285	5040	5115
PSC__416	2	2	13170	720	795	13170	3600	3675
PSC__416	2	2	15004	720	795	15004	3600	3675
PSC__421	2	1	14685	1080	1230
PSC__421	2	1	14686	1080	1230
PSC__422	1	2	15372	2160	2260	15372	5040	5140
PSC__433	1	2	13774	720	820	13774	3600	3700
PSC__438	2	1	13618	5160	5370
PSC__438	2	1	13876	5160	5370
PSC__467	2	1	15547	2280	2430
PSC__467	2	1	15407	2280	2430
PSC__483	1	1	14242	5400	5550
