HPA__403	fall	1	1	25904	5370	5535
HPA__404	fall	1	1	44932	0	0
HPA__407	fall	1	1	45415	0	0
HPA__407	spring	1	1	26773	0	0
HPA__408	fall	1	1	45829	0	0
HPA__408	spring	1	1	43775	0	0
HPA__410	fall	1	1	24429	1050	1215
HPA__410	spring	1	1	47402	0	0
HPA__415	fall	1	1	42871	1980	2145
HPA__415	spring	1	1	45381	0	0
HPA__417	fall	1	1	44933	2490	2655
HPA__419	fall	2	1	44141	2490	2655
HPA__419	fall	2	1	46541	5370	5535
HPA__419	spring	1	1	45562	1050	1215
HPA__420	spring	1	1	42293	3660	3825
HPA__425	fall	1	1	41611	0	0
HPA__425	spring	1	1	40042	3930	4095
HPA__430	fall	1	1	46542	3930	4095
HPA__430	spring	1	1	47404	0	0
HPA__431	fall	1	1	28464	2220	2385
HPA__431	spring	1	1	41885	0	0
HPA__432	spring	1	1	48386	4860	5025
HPA__434	fall	1	1	40231	0	0
HPA__434	spring	1	1	41385	2490	2655
HPA__436	fall	1	1	48541	0	0
HPA__436	spring	1	1	46887	0	0
HPA__440	fall	1	1	46805	3930	4095
HPA__444	fall	1	1	48788	0	0
HPA__445	fall	1	1	32469	0	0
HPA__447	fall	1	1	50340	2490	2670
HPA__450	fall	1	1	35137	0	0
HPA__450	spring	1	1	32382	0	0
HPA__451	fall	1	1	24403	0	0
HPA__451	spring	1	1	38548	5370	5535
HPA__455	fall	1	1	34633	0	0
HPA__455	spring	1	1	33804	0	0
HPA__458	fall	1	1	41612	0	0
HPA__460	fall	1	1	46158	0	0
HPA__460	spring	1	1	41055	1980	2145
HPA__461	spring	1	1	46665	0	0
HPA__463	fall	1	1	24404	1050	1215
HPA__463	spring	1	1	47405	0	0
HPA__466	fall	1	1	33997	0	0
HPA__470	fall	1	1	50299	0	0
HPA__470	spring	1	1	40043	2490	2655
HPA__472	fall	1	1	32702	0	0
HPA__473	fall	1	1	32757	0	0
HPA__475	fall	1	1	30452	0	0
HPA__477	fall	1	1	32703	0	0
HPA__480	fall	1	1	46167	0	0
HPA__481	spring	1	1	29340	0	0
HPA__483	spring	1	1	31001	0	0
HPA__485	fall	1	1	32704	0	0
HPA__486	fall	1	1	32705	0	0
HPA__488	fall	1	1	37996	0	0
HPA__490	fall	1	1	30480	3810	3900
HPA__490	spring	1	1	46474	3600	3660
HPA__491	fall	1	1	48156	2160	2220
HPA__494	fall	6	1	28465	840	1020
HPA__494	fall	6	1	36524	3900	4080
HPA__494	fall	6	1	36525	840	1020
HPA__494	fall	6	1	38925	4860	5025
HPA__494	fall	6	1	48869	2460	2625
HPA__494	fall	6	1	49267	2490	2685
HPA__494	spring	1	1	48297	5100	5265
HPA__496	fall	1	1	28467	0	0
HPA__497	fall	1	1	35138	0	0
HPA__497	spring	1	1	33806	0	0
HPA__498	fall	1	1	40960	0	0
HPA__498	spring	1	1	40137	0	0
HPA__499	fall	1	1	42872	0	0
HPA__505	spring	1	1	42520	5370	5535
HPA__509	fall	1	1	48157	0	0
HPA__509	spring	1	1	42521	3930	4095
HPA__521	fall	1	1	46806	5100	5265
HPA__522	fall	1	1	28468	720	900
HPA__522	spring	1	1	40044	6300	6465
HPA__525	fall	1	1	25905	0	0
HPA__525	spring	1	1	45397	1050	1215
HPA__526	fall	1	1	40959	0	0
HPA__546	spring	1	1	46668	0	0
HPA__551	fall	1	1	27502	2490	2655
HPA__552	fall	1	1	43964	5370	5535
HPA__552	spring	1	1	46669	0	0
HPA__565	fall	1	1	22152	0	0
HPA__567	fall	1	1	43734	0	0
HPA__567	spring	1	1	45398	2220	2385
HPA__569	fall	1	1	46169	0	0
HPA__575	fall	1	1	46170	0	0
HPA__575	spring	1	1	44438	0	0
HPA__576	fall	1	1	46171	0	0
HPA__576	spring	1	1	44439	0	0
HPA__591	fall	1	1	36758	0	0
HPA__591	spring	1	1	46889	5100	5265
HPA__592	fall	1	1	46173	0	0
HPA__593	spring	1	1	47449	0	0
HPA__594	fall	1	1	32789	5370	5535
