THTR___101	2	2	39844	2100	2175	39844	4980	5055
THTR___101	2	2	39845	2340	2450	39845	5220	5330
THTR___105	2	2	37212	2190	2265	37212	5070	5145
THTR___105	2	2	48584	2190	2265	48584	5070	5145
THTR___111	1	2	39868	2010	2160	39868	4890	5040
THTR___121	3	3	39864	540	650	39864	3420	3530	39864	6300	6410
THTR___121	3	3	39865	540	650	39865	3420	3530	39865	6300	6410
THTR___121	3	2	39866	540	690	39866	3420	3570
THTR___122	1	2	39551	540	690	39551	3420	3570
THTR___140	1	2	25296	2190	2265	25296	5070	5145
THTR___141	1	2	40094	720	870	40094	3600	3750
THTR___145	2	2	39484	2220	2330	39484	5100	5210
THTR___145	2	2	40095	2220	2330	40095	5100	5210
THTR___150	2	2	13699	1980	2090	13699	4860	4970
THTR___150	2	2	39482	1980	2090	39482	4860	4970
THTR___151	2	2	34713	1980	2090	34713	4860	4970
THTR___151	2	2	43606	780	890	43606	3660	3770
THTR___153	1	2	45299	1980	2090	45299	4860	4970
THTR___154	1	1	44457	780	890
THTR___155	2	2	38582	1980	2090	38582	4860	4970
THTR___155	2	2	39483	2220	2330	39483	5100	5210
THTR___156	1	2	45226	540	650	45226	3420	3530
THTR___157	1	2	45300	780	890	45300	3660	3770
THTR___158	1	1	45332	5220	5330
THTR___162	1	2	39764	2100	2210	39764	4980	5090
THTR___170	1	1	45301	540	770
THTR___201	2	2	39867	2100	2175	39867	4980	5055
THTR___201	2	2	47888	2340	2430	47888	5220	5310
THTR___211	1	2	39854	2190	2340	39854	5070	5220
THTR___212	1	2	39553	540	690	39553	3420	3570
THTR___221	1	2	39856	720	870	39856	3600	3750
THTR___222	1	2	39552	720	870	39552	3600	3750
THTR___230	3	2	37434	2340	2450	37434	5220	5330
THTR___230	3	2	38254	780	890	38254	3660	3770
THTR___230	3	2	42773	2220	2330	42773	5100	5210
THTR___240	1	2	41017	2100	2210	41017	4980	5090
THTR___241	1	2	39495	720	870	39495	3600	3750
THTR___250	2	1	43609	5100	5210
THTR___250	2	2	48680	2220	2330	48680	5100	5210
THTR___252	1	2	46144	540	650	46144	3420	3530
THTR___253	1	1	49153	3420	3650
THTR___254	1	1	39853	780	890
THTR___255	1	2	13716	2100	2210	13716	4980	5090
THTR___256	3	2	30699	540	650	30699	3420	3530
THTR___256	3	1	47442	1980	2090
THTR___256	3	1	47443	4860	4970
THTR___258	1	1	46627	660	770
THTR___259	3	1	30631	1980	2090
THTR___259	3	1	30632	4860	4970
THTR___259	3	2	36151	2100	2210	36151	4980	5090
THTR___261	2	3	23890	780	890	23890	3660	3770	23890	6540	6650
THTR___261	2	2	25100	540	690	25100	3420	3570
THTR___264	1	2	39549	1980	2130	39549	4860	5010
THTR___271	2	1	46407	660	735
THTR___271	2	1	46408	3540	3615
THTR___299	1	1	41695	6420	6530
THTR___311	1	2	39855	2010	2160	39855	4890	5040
THTR___312	1	2	39554	720	870	39554	3600	3750
THTR___317	1	2	41179	2355	2460	41179	5235	5340
THTR___321	1	2	39869	540	690	39869	3420	3570
THTR___322	1	2	39766	540	690	39766	3420	3570
THTR___331	2	2	43607	900	1010	43607	3780	3890
THTR___331	2	2	47456	900	1010	47456	3780	3890
THTR___333	1	2	49164	2340	2450	49164	5220	5330
THTR___341	1	2	40718	2010	2130	40718	4890	5010
THTR___351	1	1	45333	1980	2090
THTR___355	1	2	47162	2100	2210	47162	4980	5090
THTR___358	2	1	46405	540	650
THTR___358	2	1	46406	3420	3530
THTR___361	1	2	39857	720	870	39857	3600	3750
THTR___362	1	2	39724	1980	2090	39724	4860	4970
THTR___384	1	2	38533	900	1010	38533	3780	3890
THTR___388	3	1		900	1005
THTR___388	3	1	39503	3780	3870
THTR___388	3	2	42793	900	1010	42793	3780	3890
THTR___403	1	2	47445	2220	2330	47445	5100	5210
THTR___413	1	2	39397	2190	2340	39397	5070	5220
THTR___421	2	2	39870	720	870	39870	3600	3750
THTR___421	2	2	39871	720	890	39871	3600	3770
THTR___422	1	2	39765	2160	2310	39765	5040	5190
THTR___431	1	2	45100	2340	2450	45100	5220	5330
THTR___435	1	2	39951	2220	2330	39951	5100	5210
THTR___445	2	3	25258	720	770	25258	3600	3650	25258	6480	6530
THTR___445	2	3	25259	720	770	25259	3600	3650	25259	6480	6530
THTR___448	1	2	44138	780	890	44138	3660	3770
THTR___450	2	2	42560	2100	2210	42560	4980	5090
THTR___450	2	2	42878	1980	2210	42878	4860	5090
THTR___461	1	2	39858	540	690	39858	3420	3570
