SOCW_410	4	1	13389	480	650
SOCW_410	4	1	13416	3930	4100
SOCW_410	4	1	35661	3360	3530
SOCW_410	4	1	43814	1050	1220
SOCW_411	4	1	15506	480	650
SOCW_411	4	1	15507	3930	4100
SOCW_411	4	1	15508	1050	1220
SOCW_411	4	1	36792	3360	3530
SOCW_420	4	1	13418	1050	1220
SOCW_420	4	1	42093	480	650
SOCW_420	4	1	42095	3360	3530
SOCW_420	4	1	48905	3930	4100
SOCW_430	4	1	13431	3660	3830
SOCW_430	4	1	13440	780	950
SOCW_430	4	1	37164	3930	4100
SOCW_430	4	1	37927	1050	1220
SOCW_431	4	1	15516	1050	1220
SOCW_431	4	1	15519	3930	4100
SOCW_431	4	1	36791	3660	3830
SOCW_431	4	1	36792	780	950
SOCW_460	6	1	13458	3660	3830
SOCW_460	6	1	13464	780	950
SOCW_460	6	1	15522	3930	4100
SOCW_460	6	1	41918	3360	3530
SOCW_460	6	1	43031	480	650
SOCW_460	6	1	47486	1050	1220
SOCW_502	1	1	49495	3930	4100
SOCW_503	1	1	46332	5100	5270
SOCW_504	1	1	32095	1050	1220
SOCW_505	1	1	47324	5370	5540
SOCW_506	1	1	47273	2490	2660
SOCW_507	1	1	46569	2490	2660
SOCW_508	1	1	28778	2400	2570
SOCW_509	1	1	28797	2400	2570
SOCW_511	1	1	13473	5100	5270
SOCW_512	1	1	41501	2220	2390
SOCW_517	1	1	49498	1050	1220
SOCW_519	3	1	25094	1920	2090
SOCW_519	3	1	32096	2490	2660
SOCW_519	3	1	48833	5100	5270
SOCW_520	2	1	24567	5100	5270
SOCW_520	2	1	31422	2490	2660
SOCW_521	1	1	13476	1050	1220
SOCW_522	2	1	13479	5370	5540
SOCW_522	2	1	40796	3930	4100
SOCW_523	2	1	13483	5370	5540
SOCW_523	2	1	31428	2220	2390
SOCW_527	6	1	33352	5370	5540
SOCW_527	6	1	33585	3930	4100
SOCW_527	6	1	40600	5100	5270
SOCW_527	6	1	43509	2220	2390
SOCW_527	6	1	44266	2490	2660
SOCW_527	6	1	46331	1050	1220
SOCW_530	1	1	13485	5100	5270
SOCW_531	2	1	25095	4800	4970
SOCW_531	2	1	32098	5370	5540
SOCW_532	2	1	30493	1050	1220
SOCW_532	2	1	45399	5100	5250
SOCW_533	1	1	32101	1050	1220
SOCW_536	1	1	47275	5370	5540
SOCW_538	1	1	45258	5100	5270
SOCW_539	4	1	13488	2490	2660
SOCW_539	4	1	38141	2220	2390
SOCW_539	4	1	47323	5100	5270
SOCW_539	4	1	48835	5370	5540
SOCW_540	1	1	39775	5100	5270
SOCW_544	1	1	32103	3930	4100
SOCW_545	1	1	13491	3930	4100
SOCW_546	1	1	28556	2430	2595
SOCW_547	1	1	34575	5100	5270
SOCW_548	1	1	40522	2220	2390
SOCW_551	4	1	13498	2220	2390
SOCW_551	4	1	13500	4800	4970
SOCW_551	4	1	13503	5370	5540
SOCW_551	4	1	32104	1920	2090
SOCW_552	2	1	13513	4800	4970
SOCW_552	2	1	32105	5370	5540
SOCW_554	5	1	13521	4800	4970
SOCW_554	5	1	13523	1920	2090
SOCW_554	5	1	32106	5370	5540
SOCW_554	5	1	37171	2490	2660
SOCW_554	5	1	48836	5100	5270
SOCW_558	2	1	32107	5100	5270
SOCW_558	2	1	42299	3930	4100
SOCW_563	3	1	15537	2490	2660
SOCW_563	3	1	15538	4800	4970
SOCW_563	3	1	40881	1920	2090
SOCW_565	4	1	15541	4800	4970
SOCW_565	4	1	15542	2490	2660
SOCW_565	4	1	42316	5370	5540
SOCW_565	4	1	47450	5100	5270
SOCW_568	1	1	44924	2490	2660
SOCW_576	2	1	46330	2220	2390
SOCW_576	2	1	49537	3930	4100
SOCW_578	1	1	42312	5280	5450
SOCW_582	2	1	13544	2490	2660
SOCW_582	2	1	32108	1920	2090
SOCW_583	2	1	15553	1920	2090
SOCW_583	2	1	48137	2490	2660
SOCW_586	5	1	13548	1920	2090
SOCW_586	5	1	32109	2490	2660
SOCW_586	5	1	33525	4800	4970
SOCW_586	5	1	37172	5370	5540
SOCW_586	5	1	48839	5100	5270
SOCW_587	5	1	15557	2490	2660
SOCW_587	5	1	33332	4800	4970
SOCW_587	5	1	36796	5370	5540
SOCW_587	5	1	40515	1920	2090
SOCW_587	5	1	47258	5100	5270
SOCW_588	3	1	13549	1920	2090
SOCW_588	3	1	13551	4800	4970
SOCW_588	3	1	32110	2490	2660
SOCW_589	3	1	15558	1920	2090
SOCW_589	3	1	15559	4800	4970
SOCW_589	3	1	42722	2490	2660
SOCW_590	1	1	38510	3840	4010
SOCW_591	1	1	22447	3840	4010
SOCW_593	1	1	27190	5280	5450
SOCW_594	1	1	15563	960	1130
SOCW_595	1	1	32190	960	1130
SOCW_597	1	1	39600	960	1130
