NS___101	1	1	12761	515	590
NS___200	2	1	25179	1870	1945
NS___200	2	1	42969	4680	4730
NS___201	2	1	36451	435	515
NS___201	2	2	39841	1860	1940	39841	4740	4820
NS___202	1	1	40279	1955	2030
NS___294	2	1	40241	3300	3390
NS___294	2	1	41471	3300	3390
NS___301	2	1	25287	1800	1850
NS___301	2	1	41464	3300	3380
NS___302	3	2	25181	3330	3410	25181	6210	6290
NS___302	3	1	41465	1870	1945
NS___302	3	1	41466	1870	1945
NS___310	3	2	26728	3330	3410	26728	6210	6290
NS___310	3	1	40726	2040	2115
NS___310	3	1	41467	1980	2055
NS___320	2	1	33740	1860	1940
NS___320	2	1	40702	1980	2070
NS___350	3	1	33462	4680	4740
NS___350	3	1	36453	1860	1940
NS___350	3	1	41469	4740	4820
NS___351	2	1	17955	4680	4730
NS___351	2	2	30826	660	710	30826	3540	3590
