CHIN_101	fall	3	3	10476	780	830	10476	3660	3710	10476	6540	6590
CHIN_101	fall	3	3	27734	720	770	27734	3600	3650	27734	6480	6530
CHIN_101	fall	3	3	44053	600	650	44053	3480	3530	44053	6360	6410
CHIN_102	fall	1	3	37138	960	1010	37138	3840	3890	37138	6720	6770
CHIN_102	spring	3	3	27464	540	590	27464	3420	3470	27464	6300	6350
CHIN_102	spring	3	3	35422	600	650	35422	3480	3530	35422	6360	6410
CHIN_102	spring	3	3	43447	780	830	43447	3660	3710	43447	6540	6590
CHIN_103	fall	2	3	10477	900	950	10477	3780	3830	10477	6660	6710
CHIN_103	fall	2	3	30606	840	890	30606	3720	3770	30606	6600	6650
CHIN_104	spring	2	3	17870	840	890	17870	3720	3770	17870	6600	6650
CHIN_104	spring	2	3	29935	900	950	29935	3780	3830	29935	6660	6710
CHIN_200	fall	1	3	38476	720	770	38476	3600	3650	38476	6480	6530
CHIN_200	spring	1	3	44924	660	710	44924	3540	3590	44924	6420	6470
CHIN_209	fall	1	3	37488	780	830	37488	3660	3710	37488	6540	6590
CHIN_296	fall	1	1	46398	0	0
CHIN_330	spring	1	2	47896	720	770	47896	3600	3650
