AH___100	7	2	10038	1920	1995	10038	4800	4875
AH___100	7	2	22801	2370	2445	22801	5250	5325
AH___100	7	3	26464	900	950	26464	3780	3830	26464	6660	6710
AH___100	7	3	31613	600	650	31613	3480	3530	31613	6360	6410
AH___100	7	2	36950	900	975	36950	3780	3855
AH___100	7	2	42496	570	645	42496	3450	3525
AH___100	7	3	42789	840	890	42789	3720	3770	42789	6600	6650
AH___122	1	2	32181	2100	2175	32181	4980	5055
AH___125	1	2	41012	2280	2355	41012	5160	5235
AH___130	2	3	38193	840	890	38193	3720	3770	38193	6600	6650
AH___130	2	2	39221	2010	2085	39221	4890	4965
AH___160	1	2	23943	900	975	23943	3780	3855
AH___172	2	3	47113	780	830	47113	3660	3710	47113	6540	6590
AH___172	2	2	48072	570	645	48072	3450	3525
AH___180	3	1	38682	2280	2355
AH___180	3	2	39384	2010	2085	39384	4890	4965
AH___180	3	1	39631	5160	5235
AH___201	2	2	31002	990	1065	31002	3870	3945
AH___201	2	3	37263	660	710	37263	3540	3590	37263	6420	6470
AH___204	2	2	10122	2190	2265	10122	5070	5145
AH___204	2	3	10124	840	890	10124	3720	3770	10124	6600	6650
AH___205	1	3	13870	720	770	13870	3600	3650	13870	6480	6530
AH___206	2	2	37914	2460	2535	37914	5340	5415
AH___206	2	1	45350	5250	5400
AH___207	4	2	28929	570	645	28929	3450	3525
AH___207	4	2	29959	2280	2355	29959	5160	5235
AH___207	4	2	31615	2040	2115	31615	4920	4995
AH___207	4	3	31616	540	590	31616	3420	3470	31616	6300	6350
AH___208	2	2	33161	2520	2595	33161	5400	5475
AH___208	2	2	34428	2280	2355	34428	5160	5235
AH___209	1	2	32131	2190	2265	32131	5070	5145
AH___210	1	2	33625	1920	1995	33625	4800	4875
AH___211	1	2	29920	570	645	29920	3450	3525
AH___218	1	3	35880	780	830	35880	3660	3710	35880	6540	6590
AH___219	1	2	32182	570	645	32182	3450	3525
AH___221	2	2	29926	2010	2085	29926	4890	4965
AH___221	2	3	35374	600	650	35374	3480	3530	35374	6360	6410
AH___222	1	3	27778	600	650	27778	3480	3530	27778	6360	6410
AH___225	1	3	31619	780	830	31619	3660	3710	31619	6540	6590
AH___230	1	2	10121	2280	2355	10121	5160	5235
AH___232	1	1	10130	3660	3770
AH___233	1	1	13881	900	1010
AH___234	1	2	34429	2520	2625	34429	5400	5505
AH___235	1	2	10143	720	770	10143	3600	3650
AH___236	1	2	47035	720	770	47035	3600	3650
AH___243	1	2	31620	2010	2085	31620	4890	4965
AH___244	1	2	33162	2010	2085	33162	4890	4965
AH___246	1	3	44022	660	710	44022	3540	3590	44022	6420	6470
AH___248	1	2	41668	2100	2175	41668	4980	5055
AH___250	2	2	34430	2190	2265	34430	5070	5145
AH___250	2	2	34431	2100	2175	34431	4980	5055
AH___251	1	2	29553	2010	2085	29553	4890	4965
AH___252	2	2	35366	2190	2265	35366	5070	5145
AH___252	2	2	35367	2100	2175	35367	4980	5055
AH___259	1	2	48524	2100	2175	48524	4980	5055
AH___260	1	2	10154	2100	2175	10154	4980	5055
AH___261	3	2	31010	2100	2175	31010	4980	5055
AH___261	3	2	34432	2280	2355	34432	5160	5235
AH___261	3	3	34434	720	770	34434	3600	3650	34434	6480	6530
AH___262	1	2	34433	570	645	34433	3450	3525
AH___263	2	2	28600	2010	2085	28600	4890	4965
AH___263	2	3	41505	780	830	41505	3660	3710	41505	6540	6590
AH___264	2	2	33016	2370	2445	33016	5250	5325
AH___264	2	2	38194	2280	2355	38194	5160	5235
AH___265	1	2	42297	990	1065	42297	3870	3945
AH___270	1	2	49231	900	975	49231	3780	3855
AH___271	3	2	35369	2280	2355	35369	5160	5235
AH___271	3	3	35370	540	590	35370	3420	3470	35370	6300	6350
AH___271	3	3	42790	780	830	42790	3660	3710	42790	6540	6590
AH___273	2	2	31622	2010	2085	31622	4890	4965
AH___273	2	3	31623	600	650	31623	3480	3530	31623	6360	6410
AH___274	1	3	10157	660	710	10157	3540	3590	10157	6420	6470
AH___275	2	2	29924	2280	2355	29924	5160	5235
AH___275	2	2	29925	2190	2265	29925	5070	5145
AH___278	1	2	33165	2370	2445	33165	5250	5325
AH___300	1	1	42265	5250	5415
AH___301	1	2	35368	570	645	35368	3450	3525
AH___302	1	1	39395	3780	3830
AH___304	1	1	33747	840	990
AH___404	1	2	25108	990	1065	25108	3870	3945
AH___407	1	3	36559	720	770	36559	3600	3650	36559	6480	6530
AH___422	1	1	33167	2280	2450
AH___423	1	1	29971	2520	2700
AH___430	1	1	31625	2490	2670
AH___431	1	1	42264	2370	2520
AH___450	1	1	48214	2370	2520
AH___455	1	1	48360	900	1050
AH___460	3	1	34436	5250	5400
AH___460	3	1	34606	3960	4110
AH___460	3	1	39439	1020	1170
AH___463	1	1	34450	5400	5580
AH___465	1	1	37961	2100	2280
AH___466	1	1	44910	900	1050
AH___470	1	1	33168	900	1050
AH___471	2	1	27747	2550	2700
AH___471	2	1	30066	5250	5400
AH___480	1	1	42270	3780	3930
AH___481	1	1	29928	5040	5220
AH___510	1	1	10246	900	1050
AH___511	1	1	40042	2370	2520
AH___512	2	1	10248	6540	6660
AH___512	2	1	44175	6660	6780
AH___513	1	1	49232	3780	3930
AH___522	2	1	30068	3780	3930
AH___522	2	1	33170	2370	2520
AH___531	2	1	42841	2370	2520
AH___531	2	1	43870	2550	2700
AH___540	1	1	29955	5400	5580
AH___550	1	1	47114	5250	5400
AH___560	2	1	31629	3960	4125
AH___560	2	1	35755	4860	5040
AH___561	2	1	31633	2370	2535
AH___561	2	1	33951	6360	6510
AH___562	3	1	32350	5160	5340
AH___562	3	1	37955	2370	2535
AH___562	3	1	42290	3960	4110
AH___570	1	1	34438	2370	2535
