MUS__101	2	1	12524	1110	1230
MUS__101	2	1	12446	1080	1200
MUS__105	9	1	12525	960	1070
MUS__105	9	1	12526	2520	2640
MUS__105	9	2	12527	2160	2260	12527	5040	5140
MUS__105	9	1	14156	5400	5520
MUS__105	9	1	15529	3960	4035
MUS__105	9	1	12447	960	1080
MUS__105	9	1	12448	2520	2640
MUS__105	9	1	14136	5400	5520
MUS__105	9	1	15471	3960	4035
MUS__131	2	1	14103	3660	3810
MUS__131	2	1	14161	3660	3810
MUS__133	2	2	14145	2040	2115	14145	4920	4995
MUS__133	2	2	14162	2220	2295	14162	5100	5175
MUS__181	1	2	12514	960	1035	12514	3840	3915
MUS__191	2	2	15619	2400	2475	15619	5280	5355
MUS__191	2	2	14189	2400	2475	14189	5280	5355
MUS__301	2	1	10741	1110	1230
MUS__301	2	1	10503	1080	1200
MUS__305	9	1	10742	960	1070
MUS__305	9	1	12528	2520	2640
MUS__305	9	2	12529	2160	2260	12529	5040	5140
MUS__305	9	1	15035	5400	5520
MUS__305	9	1	15530	3960	4035
MUS__305	9	1	10525	960	1080
MUS__305	9	1	12269	2520	2640
MUS__305	9	2	12270	2160	2235	12270	5040	5115
MUS__305	9	1	12302	5400	5520
MUS__334	1	2	15266	2280	2355	15266	5160	5235
MUS__367	1	2	14619	2280	2380	14619	5160	5260
MUS__239	1	2	15525	2280	2355	15525	5160	5235
