CAP__102	fall	3	1	13269	5040	5140
CAP__102	fall	3	1	13270	5040	5140
CAP__102	fall	3	1	13272	5040	5140
CAP__111	fall	3	2	10479	600	675	10479	3480	3555
CAP__111	fall	3	2	10481	600	675	10481	3480	3555
CAP__111	fall	3	2	10483	720	795	10483	3600	3675
CAP__115	spring	4	2	12550	720	795	12550	3600	3675
CAP__115	spring	4	2	12551	600	675	12551	3480	3555
CAP__115	spring	4	2	12552	600	675	12552	3480	3555
CAP__115	spring	4	2	12553	720	795	12553	3600	3675
CAP__122	fall	3	2	12452	2280	2355	12452	5160	5235
CAP__122	fall	3	2	12453	840	915	12453	3720	3795
CAP__122	fall	3	2	12454	720	795	12454	3600	3675
CAP__123	spring	3	2	12905	2160	2235	12905	5040	5115
CAP__123	spring	3	2	12907	840	915	12907	3720	3795
CAP__123	spring	3	2	12910	2280	2355	12910	5160	5235
CAP__141	fall	2	3	10513	2040	2115	10513	4920	4995	10513	5250	5430
CAP__141	fall	2	3	10515	2040	2115	10515	4920	4995	10515	6300	6480
CAP__142	spring	2	3	10141	5250	5430	10141	2040	2115	10141	4920	4995
CAP__142	spring	2	3	10142	2040	2115	10142	4920	4995	10142	6300	6480
CAP__225	fall	3	2	13178	840	915	13178	3720	3795
CAP__225	fall	3	1	13179	3720	3870
CAP__225	fall	3	2	13180	2160	2235	13180	5040	5115
CAP__226	spring	3	1	10149	3960	4110
CAP__226	spring	3	1	10150	2520	2670
CAP__226	spring	3	1	10151	3720	3870
CAP__253	spring	1	2	15033	2040	2115	15033	4920	4995
CAP__257	fall	1	2	15150	2280	2380	15150	5160	5260
CAP__356	fall	1	1	15074	2520	2670
CAP__361	spring	1	1	13965	2340	2440
CAP__371	fall	1	1	13980	5280	5380
CAP__371	spring	1	1	13963	5280	5380
CAP__372	fall	1	1	15635	5280	5380
CAP__372	spring	1	1	15583	5280	5380
CAP__402	fall	3	1	13793	6360	6460
CAP__402	fall	3	1	13835	6480	6580
CAP__402	fall	3	1	13999	6360	6460
CAP__402	spring	1	1	13172	6360	6460
