COM__102	1	3	15629	540	590	15629	3420	3470	15629	6300	6350
COM__112	10	2	12461	600	675	12461	3480	3555
COM__112	10	2	12462	2040	2115	12462	4920	4995
COM__112	10	2	12464	2160	2235	12464	5040	5115
COM__112	10	2	12680	840	915	12680	3720	3795
COM__112	10	2	12825	960	1035	12825	3840	3915
COM__112	10	2	13072	2400	2475	13072	5280	5355
COM__112	10	2	12357	600	675	12357	3480	3555
COM__112	10	2	12356	2040	2115	12356	4920	4995
COM__112	10	2	12962	840	915	12962	3720	3795
COM__112	10	2	12350	2280	2355	12350	5160	5235
COM__215	2	2	14373	600	675	14373	3480	3555
COM__215	2	2	14388	600	675	14388	3480	3555
COM__303	1	2	10400	2040	2140	10400	4920	5020
COM__309	1	1	14726	2160	2310
COM__331	4	1	15445	2280	2430
COM__331	4	1	15446	2520	2670
COM__331	4	1	15321	2280	2430
COM__331	4	1	15322	2520	2670
COM__339	1	2	13030	840	940	13030	3720	3820
COM__504	1	1	10434	3960	4170
COM__516	1	1	14052	2520	2730
COM__302	1	2	10192	600	700	10192	3480	3580
COM__337	1	2	13639	2040	2140	13639	4920	5020
COM__352	1	2	10198	2160	2260	10198	5040	5140
COM__428	1	2	12235	720	820	12235	3600	3700
COM__463	1	2	11846	2040	2140	11846	4920	5020
COM__506	1	1	10227	1080	1290
COM__532	1	1	10228	3960	4170
