ECO__201	fall	3	2	10002	2160	2235	10002	5040	5115
ECO__201	fall	3	1	12580	2520	2670
ECO__201	fall	3	1	14107	0	0
ECO__201	spring	2	2	14300	600	675	14300	3480	3555
ECO__201	spring	2	1	12429	0	0
ECO__202	fall	2	1	10783	3960	4110
ECO__202	fall	2	1	14024	0	0
ECO__202	spring	3	1	11639	5160	5310
ECO__202	spring	3	1	12423	3480	3630
ECO__202	spring	3	1	14627	0	0
ECO__213	fall	2	1	12470	2520	2670
ECO__213	fall	2	1	12471	0	0
ECO__213	spring	3	1	12419	2280	2430
ECO__213	spring	3	1	12420	0	0
ECO__213	spring	3	1	15162	0	0
ECO__301	fall	1	1	10012	5400	5550
ECO__302	spring	1	1	11984	0	0
ECO__315	fall	1	1	10025	0	0
ECO__315	spring	1	1	10180	0	0
ECO__335	fall	1	1	10784	0	0
ECO__413	spring	1	1	11649	2520	2670
ECO__447	spring	1	1	12421	0	0
ECO__490	fall	1	1	14282	2520	2670
