PHIL_100	5	2	15653	660	710	15653	3540	3590
PHIL_100	5	2	23231	600	650	23231	3480	3530
PHIL_100	5	1	27478	2460	2535
PHIL_100	5	1	36346	1050	1139
PHIL_100	5	1	36348	5370	5459
PHIL_101	1	2	36165	660	710	36165	3540	3590
PHIL_102	3	2	12896	720	770	12896	3600	3650
PHIL_102	3	1	21251	2490	2570
PHIL_102	3	2	26074	600	650	26074	3480	3530
PHIL_103	2	1	24096	990	1065
PHIL_103	2	2	27657	780	830	27657	3660	3710
PHIL_104	1	2	26711	780	830	26711	3660	3710
PHIL_105	1	1	36977	2370	2445
PHIL_106	1	2	38255	2160	2210	38255	5040	5090
PHIL_107	1	2	36979	600	650	36979	3480	3530
PHIL_108	1	2	39759	2100	2150	39759	4980	5030
PHIL_109	1	2	46011	720	770	46011	3600	3650
PHIL_110	2	2	29881	780	830	29881	3660	3710
PHIL_110	2	2	34415	660	710	34415	3540	3590
PHIL_111	2	2	46014	2010	2060	46014	4890	4940
PHIL_111	2	2	46740	660	710	46740	3540	3590
PHIL_112	1	1	38260	990	1065
PHIL_113	1	2	49123	720	770	49123	3600	3650
PHIL_115	1	2	36966	600	650	36966	3480	3530
PHIL_116	2	1	35531	1920	1995
PHIL_116	2	1	39266	1920	1995
PHIL_131	2	2	47160	660	710	47160	3540	3590
PHIL_131	2	2	48704	660	710	48704	3540	3590
PHIL_184	1	1	35832	3840	3890
PHIL_201	3	2	33314	780	830	33314	3660	3710
PHIL_201	3	1	34534	900	975
PHIL_201	3	1	45413	2280	2355
PHIL_202	2	2	23132	540	590	23132	3420	3470
PHIL_202	2	2	25435	540	590	25435	3420	3470
PHIL_203	2	1	35768	2370	2445
PHIL_203	2	1	39281	2370	2445
PHIL_204	2	2	27914	2100	2150	27914	4980	5030
PHIL_204	2	1	28708	900	975
PHIL_206	1	1	36601	2190	2265
PHIL_211	1	1	42099	2280	2355
PHIL_220	2	1	30776	2280	2355
PHIL_220	2	1	41562	2010	2085
PHIL_223	1	1	13032	570	645
PHIL_224	1	1	25439	2100	2175
PHIL_225	1	1	36988	2100	2175
PHIL_226	1	1	38277	2370	2445
PHIL_227	1	1	45411	900	975
PHIL_230	3	1	28701	570	645
PHIL_230	3	1	29898	990	1065
PHIL_230	3	1	49504	570	645
PHIL_232	1	1	42101	990	1065
PHIL_234	1	1	31647	4980	5030
PHIL_241	1	1	40802	2370	2445
PHIL_300	1	2	30323	570	645	30323	3450	3525
PHIL_402	3	1	36356	5250	5400
PHIL_402	3	1	36357	5250	5400
PHIL_402	3	1	36990	2370	2520
PHIL_403	4	1	34428	780	930
PHIL_403	4	1	34783	780	930
PHIL_403	4	1	40808	2370	2520
PHIL_403	4	1	40809	2370	2520
PHIL_404	5	2	39247	2190	2265	39247	5070	5145
PHIL_404	5	2	39248	2190	2265	39248	5070	5145
PHIL_404	5	1	40815	2370	2420
PHIL_404	5	1	40816	2370	2420
PHIL_404	5	1	40817	6600	6650
PHIL_406	2	2	42103	2280	2355	42103	5160	5235
PHIL_406	2	2	42104	2280	2355	42104	5160	5235
PHIL_410	4	3	31651	600	650	31651	3480	3530	31651	6360	6410
PHIL_410	4	3	32088	600	650	32088	3480	3530	32088	6360	6410
PHIL_410	4	2	36819	2190	2265	36819	5070	5145
PHIL_410	4	2	36822	2190	2265	36822	5070	5145
PHIL_422	2	1	37137	2190	2265
PHIL_422	2	1	37362	2190	2265
PHIL_423	2	2	36991	570	645	36991	3450	3525
PHIL_423	2	2	37139	570	645	37139	3450	3525
PHIL_424	2	1	35534	5250	5400
PHIL_424	2	1	35894	5250	5400
PHIL_426	2	2	35535	2190	2265	35535	5070	5145
PHIL_426	2	2	35896	2190	2265	35896	5070	5145
PHIL_427	2	2	39249	570	645	39249	3450	3525
PHIL_427	2	2	39250	570	645	39250	3450	3525
PHIL_428	2	2	40810	2190	2265	40810	5070	5145
PHIL_428	2	2	40811	2190	2265	40811	5070	5145
PHIL_429	4	2	36823	2190	2265	36823	5070	5145
PHIL_429	4	2	36824	2190	2265	36824	5070	5145
PHIL_429	4	2	42525	2280	2355	42525	5160	5235
PHIL_429	4	2	42526	2010	2085	42526	4890	4965
PHIL_432	4	1	33609	2370	2520
PHIL_432	4	1	33610	2370	2520
PHIL_432	4	1	35774	2370	2520
PHIL_432	4	1	35775	2370	2520
PHIL_433	2	1	47015	2370	2520
PHIL_433	2	1	47029	2370	2520
PHIL_484	1	3	24005	780	830	24005	3660	3710	24005	6540	6590
PHIL_485	1	2	26627	2010	2085	26627	4890	4965
PHIL_504	1	1	33364	3840	3990
PHIL_528	3	1	33323	2370	2520
PHIL_528	3	1	36995	2190	2340
PHIL_528	3	1	48167	2370	2520
PHIL_562	1	3	38734	780	830	38734	3660	3710	38734	6540	6590
PHIL_591	1	2	37494	480	555	37494	3360	3435
