EXR__183	fall	2	3	15631	6300	6350	15631	720	770	15631	3600	3650
EXR__183	fall	2	3	15632	720	770	15632	3600	3650	15632	6360	6410
EXR__201	fall	2	2	14775	480	555	14775	3360	3435
EXR__201	fall	2	4	14839	480	555	14839	1920	1995	14839	3360	3435	14839	4800	4875
EXR__201	spring	1	2	14751	480	555	14751	3360	3435
EXR__212	fall	1	1	14934	0	0
EXR__212	spring	1	1	14721	0	0
EXR__222	fall	1	2	15027	720	830	15027	3600	3710
EXR__233	fall	1	1	15644	0	0
EXR__233	spring	1	1	14722	0	0
EXR__301	spring	1	2	14723	720	795	14723	3600	3675
EXR__302	spring	1	2	15151	1920	1995	15151	4800	4875
EXR__313	fall	1	1	15586	0	0
EXR__325	spring	1	2	14724	2160	2235	14724	5040	5115
EXR__329	fall	1	2	14777	1920	1995	14777	4800	4875
EXR__331	fall	1	3	14778	600	675	14778	3480	3555	14778	2040	2215
EXR__335	fall	1	1	15160	0	0
EXR__341	spring	1	2	15465	480	555	15465	3360	3435
EXR__352	spring	1	2	14725	600	675	14725	3480	3555
EXR__363	spring	1	2	15106	2040	2140	15106	4920	5020
EXR__375	spring	1	3	14726	6360	6540	14726	1920	1995	14726	4800	4875
EXR__411	fall	1	1	15195	0	0
EXR__411	spring	1	1	15107	0	0
EXR__412	spring	1	1	14728	0	0
EXR__451	fall	1	1	14780	3600	3750
EXR__451	spring	1	1	15628	0	0
EXR__483	fall	1	1	14781	840	990
EXR__498	fall	1	1	15205	0	0
EXR__498	spring	1	1	15108	0	0
