RELE___600	0,1,2,3,4,5,6,7,8,9,10,11,12,13,14,15,16,17,18,19,20,21
RELE___602	0,1,2,3,4,5,6,7,8,9,10,11,12,13,14,15,16,17,18,19,20,21
RELE___603	0,1,2,3,4,5,6,7,8,9,10,11,12,13,14,15,16,17,18,19,20,21
RELE___604	0,1,2,3,4,5,6,7,8,9,10,11,12,13,14,15,16,17,18,19,20,21
RELE___605	0,1,2,3,4,5,6,7,8,9,10,11,12,13,14,15,16,17,18,19,20,21
RELE___606	0,1,2,3,4,5,6,7,8,9,10,11,12,13,14,15,16,17,18,19,20,21
RELE___607	0,1,2,3,4,5,6,7,8,9,10,11,12,13,14,15,16,17,18,19,20,21
RELE___608	0,1,2,3,4,5,6,7,8,9,10,11,12,13,14,15,16,17,18,19,20,21
RELE___609	0,1,2,3,4,5,6,7,8,9,10,11,12,13,14,15,16,17,18,19,20,21
RELE___610	0,1,2,3,4,5,6,7,8,9,10,11,12,13,14,15,16,17,18,19,20,21
RELE___611	0,1,2,3,4,5,6,7,8,9,10,11,12,13,14,15,16,17,18,19,20,21
RELE___612	0,1,2,3,4,5,6,7,8,9,10,11,12,13,14,15,16,17,18,19,20,21
RELE___613	0,1,2,3,4,5,6,7,8,9,10,11,12,13,14,15,16,17,18,19,20,21
RELE___614	0,1,2,3,4,5,6,7,8,9,10,11,12,13,14,15,16,17,18,19,20,21
RELE___615	0,1,2,3,4,5,6,7,8,9,10,11,12,13,14,15,16,17,18,19,20,21
RELE___616	0,1,2,3,4,5,6,7,8,9,10,11,12,13,14,15,16,17,18,19,20,21
RELE___617	0,1,2,3,4,5,6,7,8,9,10,11,12,13,14,15,16,17,18,19,20,21
RELE___618	0,1,2,3,4,5,6,7,8,9,10,11,12,13,14,15,16,17,18,19,20,21
RELE___619	0,1,2,3,4,5,6,7,8,9,10,11,12,13,14,15,16,17,18,19,20,21
RELE___620	0,1,2,3,4,5,6,7,8,9,10,11,12,13,14,15,16,17,18,19,20,21
RELE___621	0,1,2,3
RELE___665	0,1,2,3
RELE___666	0,1,2,3
