LAS__103	fall	2	1	38553	3720	3770
LAS__103	fall	2	1	38554	3720	3770
LAS__110	fall	50	1	35678	5040	5090
LAS__110	fall	50	1	35679	780	830
LAS__110	fall	50	1	35680	3540	3590
LAS__110	fall	50	1	35681	660	710
LAS__110	fall	50	1	35683	3660	3710
LAS__110	fall	50	1	37143	2100	2150
LAS__110	fall	50	1	37353	2190	2240
LAS__110	fall	50	1	37355	4980	5030
LAS__110	fall	50	1	37357	2400	2450
LAS__110	fall	50	1	38815	3720	3770
LAS__110	fall	50	1	38818	3540	3590
LAS__110	fall	50	1	38819	4980	5030
LAS__110	fall	50	1	40983	6420	6470
LAS__110	fall	50	1	40985	5160	5210
LAS__110	fall	50	1	40986	2160	2210
LAS__110	fall	50	1	40988	3780	3830
LAS__110	fall	50	1	40992	2160	2210
LAS__110	fall	50	1	40993	720	770
LAS__110	fall	50	1	40994	4890	4940
LAS__110	fall	50	1	40996	1020	1070
LAS__110	fall	50	1	41756	3420	3470
LAS__110	fall	50	1	41757	4890	4940
LAS__110	fall	50	1	42679	2010	2060
LAS__110	fall	50	1	42681	4980	5030
LAS__110	fall	50	1	42684	3720	3770
LAS__110	fall	50	1	43472	600	650
LAS__110	fall	50	1	43473	4980	5030
LAS__110	fall	50	1	43474	3600	3650
LAS__110	fall	50	1	43479	2370	2420
LAS__110	fall	50	1	43480	2280	2330
LAS__110	fall	50	1	43486	3600	3650
LAS__110	fall	50	1	43487	660	710
LAS__110	fall	50	1	43488	720	770
LAS__110	fall	50	1	43491	5250	5300
LAS__110	fall	50	1	44778	720	770
LAS__110	fall	50	1	44781	3540	3590
LAS__110	fall	50	1	44782	720	770
LAS__110	fall	50	1	44790	2400	2450
LAS__110	fall	50	1	44791	2370	2420
LAS__110	fall	50	1	44792	660	710
LAS__110	fall	50	1	44796	5250	5300
LAS__110	fall	50	1	44798	3720	3770
LAS__110	fall	50	1	44799	4920	4970
LAS__110	fall	50	1	44803	6360	6410
LAS__110	fall	50	1	44807	720	770
LAS__110	fall	50	1	46223	3600	3650
LAS__110	fall	50	1	46224	4980	5030
LAS__110	fall	50	1	46226	720	770
LAS__110	fall	50	1	48140	6480	6530
LAS__110	fall	50	1	48141	6540	6590
LAS__120	spring	2	1	48393	3780	3855
LAS__120	spring	2	1	48394	3780	3855
LAS__200	fall	4	1	47150	4890	4965
LAS__200	fall	4	1	47151	4890	4965
LAS__200	fall	4	1	48361	2010	2085
LAS__200	fall	4	1	48362	2010	2085
LAS__200	spring	6	1	45949	4890	4965
LAS__200	spring	6	1	46259	2010	2085
LAS__200	spring	6	1	46260	4890	4965
LAS__200	spring	6	1	46261	2010	2085
LAS__200	spring	6	1	47213	900	975
LAS__200	spring	6	1	47214	900	975
LAS__320	fall	1	1	20679	3840	3950
LAS__493	fall	4	1	35068	2520	2685
LAS__493	fall	4	1	35069	2520	2685
LAS__493	fall	4	1	47187	2520	2685
LAS__493	fall	4	1	47188	2520	2685
LAS__495	spring	1	2	18921	2280	2460	18921	5160	5340
