ECE__115	fall	3	3	24351	480	530	24351	3360	3410	24351	6240	6290
ECE__115	fall	3	3	43227	540	590	43227	3420	3470	43227	6300	6350
ECE__115	fall	3	3	48908	780	830	48908	3660	3710	48908	6540	6590
ECE__115	spring	2	3	23491	480	530	23491	3360	3410	23491	6240	6290
ECE__115	spring	2	3	44925	540	590	44925	3420	3470	44925	6300	6350
ECE__210	fall	3	2	11006	960	1010	11006	3840	3890
ECE__210	fall	3	2	43228	840	890	43228	3720	3770
ECE__210	fall	3	2	49778	780	830	49778	3660	3710
ECE__210	spring	2	2	18100	840	890	18100	3720	3770
ECE__210	spring	2	2	42106	960	1010	42106	3840	3890
ECE__225	fall	1	3	11019	540	590	11019	3420	3470	11019	6300	6350
ECE__225	spring	1	3	18111	540	590	18111	3420	3470	18111	6300	6350
ECE__265	fall	2	3	24352	600	650	24352	3480	3530	24352	6360	6410
ECE__265	fall	2	3	49780	840	890	49780	3720	3770	49780	6600	6650
ECE__265	spring	2	3	18117	600	650	18117	3480	3530	18117	6360	6410
ECE__265	spring	2	3	48474	600	650	48474	3480	3530	48474	6360	6410
ECE__266	fall	2	3	41379	900	950	41379	3780	3830	41379	6660	6710
ECE__266	fall	2	3	49781	900	950	49781	3780	3830	49781	6660	6710
ECE__266	spring	1	3	40494	840	890	40494	3720	3770	40494	6600	6650
ECE__267	fall	1	3	11029	900	950	11029	3780	3830	11029	6660	6710
ECE__294	fall	1	1	46832	2400	2450
ECE__310	fall	1	3	11031	480	530	11031	3360	3410	11031	6240	6290
ECE__310	spring	1	3	18120	660	710	18120	3540	3590	18120	6420	6470
ECE__311	fall	1	3	11037	660	710	11037	3540	3590	11037	6420	6470
ECE__311	spring	1	3	18125	660	710	18125	3540	3590	18125	6420	6470
ECE__317	fall	1	3	11043	600	650	11043	3480	3530	11043	6360	6410
ECE__317	spring	1	3	18129	600	650	18129	3480	3530	18129	6360	6410
ECE__322	fall	1	3	11050	720	770	11050	3600	3650	11050	6480	6530
ECE__322	spring	1	3	18133	720	770	18133	3600	3650	18133	6480	6530
ECE__333	fall	1	3	11054	660	710	11054	3540	3590	11054	6420	6470
ECE__333	spring	1	3	41538	660	710	41538	3540	3590	41538	6420	6470
ECE__340	fall	1	3	11067	660	710	11067	3540	3590	11067	6420	6470
ECE__340	spring	1	3	18143	780	830	18143	3660	3710	18143	6540	6590
ECE__341	fall	1	3	11068	780	830	11068	3660	3710	11068	6540	6590
ECE__341	spring	1	3	18144	720	770	18144	3600	3650	18144	6480	6530
ECE__342	fall	1	3	11080	840	890	11080	3720	3770	11080	6600	6650
ECE__342	spring	1	3	18150	780	830	18150	3660	3710	18150	6540	6590
ECE__346	fall	1	2	11090	2190	2265	11090	5070	5145
ECE__346	spring	1	3	18153	840	890	18153	3720	3770	18153	6600	6650
ECE__347	fall	1	2	11091	900	975	11091	3780	3855
ECE__350	fall	1	3	11103	900	950	11103	3780	3830	11103	6660	6710
ECE__350	spring	1	3	18158	780	830	18158	3660	3710	18158	6540	6590
ECE__366	fall	1	2	22891	2010	2085	22891	4890	4965
ECE__366	spring	1	2	40492	2010	2085	40492	4890	4965
ECE__367	fall	1	3	11130	900	950	11130	3780	3830	11130	6660	6710
ECE__394	fall	1	3	50469	780	830	50469	3660	3710	50469	6540	6590
ECE__394	spring	1	1	46600	3720	3830
ECE__396	fall	2	2	11145	540	590	11145	3420	3470
ECE__396	fall	2	2	43233	540	590	43233	3420	3470
ECE__397	spring	1	2	44066	540	590	44066	3420	3470
ECE__407	spring	3	3	18299	840	890	18299	3720	3770	18299	6600	6650
ECE__407	spring	3	3	19097	840	890	19097	3720	3770	19097	6600	6650
ECE__407	spring	3	3	38343	840	890	38343	3720	3770	38343	6600	6650
ECE__410	fall	2	3	11153	720	770	11153	3600	3650	11153	6480	6530
ECE__410	fall	2	3	20234	720	770	20234	3600	3650	20234	6480	6530
ECE__412	spring	2	3	18232	720	770	18232	3600	3650	18232	6480	6530
ECE__412	spring	2	3	19188	720	770	19188	3600	3650	19188	6480	6530
ECE__415	fall	3	2	11155	2190	2265	11155	5070	5145
ECE__415	fall	3	2	20235	2190	2265	20235	5070	5145
ECE__415	fall	3	2	39399	2190	2265	39399	5070	5145
ECE__417	fall	3	2	24842	2370	2445	24842	5250	5325
ECE__417	fall	3	2	24843	2370	2445	24843	5250	5325
ECE__417	fall	3	2	39402	2370	2445	39402	5250	5325
ECE__418	spring	3	3	27922	600	650	27922	3480	3530	27922	6360	6410
ECE__418	spring	3	3	27923	600	650	27923	3480	3530	27923	6360	6410
ECE__418	spring	3	3	38344	600	650	38344	3480	3530	38344	6360	6410
ECE__421	fall	2	2	27639	2190	2265	27639	5070	5145
ECE__421	fall	2	2	30895	2190	2265	30895	5070	5145
ECE__423	spring	2	2	18242	570	645	18242	3450	3525
ECE__423	spring	2	2	19196	570	645	19196	3450	3525
ECE__424	fall	2	3	25776	840	890	25776	3720	3770	25776	6600	6650
ECE__424	fall	2	3	25777	840	890	25777	3720	3770	25777	6600	6650
ECE__424	spring	2	2	45672	2190	2265	45672	5070	5145
ECE__424	spring	2	2	45673	2190	2265	45673	5070	5145
ECE__432	fall	2	2	11176	900	975	11176	3780	3855
ECE__432	fall	2	2	20277	900	975	20277	3780	3855
ECE__434	fall	3	2	22898	2100	2175	22898	4980	5055
ECE__434	fall	3	2	22900	2100	2175	22900	4980	5055
ECE__434	fall	3	2	42496	2100	2175	42496	4980	5055
ECE__436	spring	3	3	18251	600	650	18251	3480	3530	18251	6360	6410
ECE__436	spring	3	3	19205	600	650	19205	3480	3530	19205	6360	6410
ECE__436	spring	3	3	38345	600	650	38345	3480	3530	38345	6360	6410
ECE__437	fall	3	3	24856	900	950	24856	3780	3830	24856	6660	6710
ECE__437	fall	3	3	24857	900	950	24857	3780	3830	24857	6660	6710
ECE__437	fall	3	3	39403	900	950	39403	3780	3830	39403	6660	6710
ECE__437	spring	2	2	39486	990	1065	39486	3870	3945
ECE__437	spring	2	2	39487	990	1065	39487	3870	3945
ECE__440	fall	2	2	35565	900	975	35565	3780	3855
ECE__440	fall	2	2	35566	900	975	35566	3780	3855
ECE__442	spring	2	2	18253	480	555	18253	3360	3435
ECE__442	spring	2	2	22782	480	555	22782	3360	3435
ECE__445	fall	2	2	11182	900	975	11182	3780	3855
ECE__445	fall	2	2	22903	900	975	22903	3780	3855
ECE__448	spring	2	2	26467	2100	2175	26467	4980	5055
ECE__448	spring	2	2	26469	2100	2175	26469	4980	5055
ECE__449	spring	2	2	18257	2010	2085	18257	4890	4965
ECE__449	spring	2	2	22783	2010	2085	22783	4890	4965
ECE__451	fall	2	3	24861	600	650	24861	3480	3530	24861	6360	6410
ECE__451	fall	2	3	24862	600	650	24862	3480	3530	24862	6360	6410
ECE__452	spring	2	2	27924	900	975	27924	3780	3855
ECE__452	spring	2	2	27925	900	975	27925	3780	3855
ECE__454	spring	2	2	44055	2370	2445	44055	5250	5325
ECE__454	spring	2	2	44057	2370	2445	44057	5250	5325
ECE__458	fall	2	2	44172	720	770	44172	3600	3650
ECE__458	fall	2	2	44173	720	770	44173	3600	3650
ECE__464	fall	2	2	43298	2190	2265	43298	5070	5145
ECE__464	fall	2	2	43299	2190	2265	43299	5070	5145
ECE__465	fall	3	2	11185	2190	2265	11185	5070	5145
ECE__465	fall	3	2	20294	2190	2265	20294	5070	5145
ECE__465	fall	3	2	42497	2190	2265	42497	5070	5145
ECE__465	spring	2	2	18260	2190	2265	18260	5070	5145
ECE__465	spring	2	2	19212	2190	2265	19212	5070	5145
ECE__466	fall	2	2	22905	2370	2445	22905	5250	5325
ECE__466	fall	2	2	22906	2370	2445	22906	5250	5325
ECE__466	spring	3	2	24975	2010	2085	24975	4890	4965
ECE__466	spring	3	2	24976	2010	2085	24976	4890	4965
ECE__466	spring	3	2	41528	2010	2085	41528	4890	4965
ECE__467	fall	2	2	11194	2010	2085	11194	4890	4965
ECE__467	fall	2	2	22912	2010	2085	22912	4890	4965
ECE__467	spring	2	2	41529	2100	2175	41529	4980	5055
ECE__467	spring	2	2	41530	2100	2175	41530	4980	5055
ECE__468	spring	2	2	18262	990	1065	18262	3870	3945
ECE__468	spring	2	2	22784	990	1065	22784	3870	3945
ECE__469	spring	2	2	18263	2190	2265	18263	5070	5145
ECE__469	spring	2	2	19213	2190	2265	19213	5070	5145
ECE__491	fall	4	2	45537	2370	2445	45537	5250	5325
ECE__491	fall	4	2	45538	2370	2445	45538	5250	5325
ECE__491	fall	4	3	47601	720	770	47601	3600	3650	47601	6480	6530
ECE__491	fall	4	3	47602	720	770	47602	3600	3650	47602	6480	6530
ECE__491	spring	4	2	41118	900	975	41118	3780	3855
ECE__491	spring	4	2	41119	900	975	41119	3780	3855
ECE__491	spring	4	2	42096	2010	2085	42096	4890	4965
ECE__491	spring	4	2	42097	2010	2085	42097	4890	4965
ECE__508	fall	1	2	47685	990	1065	47685	3870	3945
ECE__515	spring	1	2	18269	900	975	18269	3780	3855
ECE__516	fall	1	2	22928	900	975	22928	3780	3855
ECE__517	fall	1	2	25553	2280	2355	25553	5160	5235
ECE__520	spring	1	2	30051	2010	2085	30051	4890	4965
ECE__521	fall	1	2	33324	2010	2085	33324	4890	4965
ECE__522	fall	1	2	31673	2100	2175	31673	4980	5055
ECE__523	fall	1	2	44925	2370	2445	44925	5250	5325
ECE__526	fall	1	2	39035	570	645	39035	3450	3525
ECE__530	spring	1	2	18278	2190	2265	18278	5070	5145
ECE__531	spring	1	2	21480	900	975	21480	3780	3855
ECE__532	fall	1	1	11210	5340	5490
ECE__532	spring	1	2	41535	2190	2265	41535	5070	5145
ECE__533	fall	1	2	11211	570	645	11211	3450	3525
ECE__534	fall	1	2	26574	2100	2175	26574	4980	5055
ECE__540	fall	1	2	26041	2370	2445	26041	5250	5325
ECE__541	fall	1	2	49493	990	1065	49493	3870	3945
ECE__542	spring	1	2	26476	2190	2265	26476	5070	5145
ECE__545	spring	1	2	18288	990	1065	18288	3870	3945
ECE__550	spring	1	2	27928	2280	2355	27928	5160	5235
ECE__551	fall	1	2	33329	2460	2535	33329	5340	5415
ECE__552	fall	1	2	31678	2460	2535	31678	5340	5415
ECE__559	fall	1	2	25621	2010	2085	25621	4890	4965
ECE__565	fall	1	2	11219	2370	2445	11219	5250	5325
ECE__566	fall	1	2	33742	2190	2265	33742	5070	5145
ECE__566	spring	1	2	33562	2370	2445	33562	5250	5325
ECE__567	spring	1	2	18292	2100	2175	18292	4980	5055
ECE__568	fall	1	2	43914	990	1065	43914	3870	3945
ECE__569	spring	1	2	24980	840	915	24980	3720	3795
ECE__572	fall	1	3	20840	780	830	20840	3660	3710	20840	6540	6590
ECE__572	spring	1	2	48241	900	975	48241	3780	3855
ECE__594	fall	3	2	36706	2190	2265	36706	5070	5145
ECE__594	fall	3	2	43011	2010	2085	43011	4890	4965
ECE__594	fall	3	2	44943	2370	2445	44943	5250	5325
ECE__594	spring	1	2	44918	2280	2355	44918	5160	5235
ECE__595	fall	1	1	30135	6420	6510
ECE__595	spring	1	1	27061	6420	6510
