CI___401	fall	3	1	38614	2220	2390
CI___401	fall	3	1	38615	2220	2390
CI___401	fall	3	1	38616	1980	2150
CI___402	spring	4	1	37971	2220	2390
CI___402	spring	4	1	37972	2220	2390
CI___402	spring	4	1	42136	1980	2150
CI___402	spring	4	1	45182	780	950
CI___403	fall	3	1	39323	3420	3590
CI___403	fall	3	1	43442	3660	3830
CI___403	fall	3	1	47130	3660	3830
CI___404	fall	3	1	38617	780	950
CI___404	fall	3	1	38618	1980	2150
CI___404	fall	3	1	38619	2220	2390
CI___405	fall	3	1	38634	2220	2390
CI___405	fall	3	1	38635	1980	2150
CI___405	fall	3	1	38636	780	950
CI___405	spring	4	1	39856	1980	2150
CI___405	spring	4	1	39857	780	950
CI___405	spring	4	1	41809	540	710
CI___405	spring	4	1	45183	2220	2390
CI___406	fall	4	1	38693	540	710
CI___406	fall	4	1	38694	2220	2390
CI___406	fall	4	1	38695	1980	2150
CI___406	fall	4	1	46621	540	710
CI___406	spring	4	1	47395	780	950
CI___406	spring	4	1	47396	540	710
CI___406	spring	4	1	47397	1980	2150
CI___406	spring	4	1	47398	540	710
CI___410	fall	1	1	28194	2460	2640
CI___412	fall	1	1	33671	5340	5520
CI___413	fall	1	1	37603	1020	1200
CI___414	fall	1	1	28202	1020	1200
CI___414	spring	2	1	28056	5340	5520
CI___414	spring	2	1	47594	5340	5520
CI___430	fall	1	1	42061	3900	4080
CI___430	spring	1	1	39219	3900	4080
CI___450	fall	1	1	28203	5340	5520
CI___452	fall	2	1	40277	3900	4080
CI___452	fall	2	1	40278	3900	4080
CI___464	fall	1	1	28204	2460	2640
CI___464	spring	1	1	42468	0	0
CI___470	fall	3	1	41355	540	710
CI___470	fall	3	1	41366	780	950
CI___470	fall	3	1	48518	540	710
CI___472	fall	1	1	28206	0	0
CI___472	spring	1	1	32714	0	0
CI___475	fall	1	1	40111	3900	4080
CI___481	fall	1	1	28208	0	0
CI___481	spring	1	1	33682	5340	5520
CI___482	fall	2	1	28210	3900	4080
CI___482	fall	2	1	48830	3900	4080
CI___482	spring	1	1	47399	2460	2640
CI___484	fall	2	1	30772	1020	1200
CI___484	fall	2	1	32612	1020	1200
CI___503	fall	1	1	35477	3900	4080
CI___504	fall	1	1	37174	1020	1200
CI___504	spring	2	1	28070	5340	5520
CI___504	spring	2	1	47595	5340	5520
CI___505	fall	1	1	37175	1020	1200
CI___508	fall	1	1	28216	0	0
CI___509	fall	1	1	45003	2460	2640
CI___516	fall	1	1	38717	5340	5520
CI___517	spring	1	1	48070	2460	2640
CI___518	fall	2	1	37176	3900	4080
CI___518	fall	2	1	39768	3900	4080
CI___519	fall	1	1	46031	3900	4080
CI___520	fall	1	1	41552	3900	4080
CI___525	fall	1	1	28224	3900	4080
CI___527	fall	1	1	41502	3900	4080
CI___527	spring	1	1	36200	1020	1200
CI___531	fall	1	1	40113	1020	1200
CI___534	fall	1	1	42554	5340	5520
CI___535	fall	1	1	35479	3900	4080
CI___536	fall	1	1	35476	0	0
CI___539	fall	1	1	32902	0	0
CI___540	fall	1	1	38792	0	0
CI___542	fall	1	1	38612	1020	1200
CI___549	fall	1	1	39764	3900	4080
CI___551	spring	1	1	34295	1020	1200
CI___552	fall	1	1	42060	3900	4080
CI___556	fall	1	1	28234	2460	2640
CI___557	fall	1	1	42259	2460	2640
CI___562	fall	1	1	36449	3900	4080
CI___566	fall	1	1	41353	3900	4080
CI___567	fall	1	1	38878	5340	5520
CI___570	fall	1	1	43443	5340	5520
CI___573	fall	1	1	41354	5340	5520
CI___574	fall	1	1	28237	1020	1200
CI___575	fall	1	1	33673	1020	1200
CI___577	fall	1	1	38613	5340	5520
CI___581	fall	1	1	39880	2460	2640
CI___582	fall	1	1	35437	2460	2640
CI___585	fall	2	1	41394	3900	4080
CI___585	fall	2	1	41395	5340	5520
CI___586	fall	2	1	37317	5340	5520
CI___586	fall	2	1	43446	1020	1200
CI___589	fall	1	1	39881	5340	5520
CI___592	fall	1	1	28248	0	0
CI___592	spring	1	1	28101	0	0
CI___593	fall	1	1	36635	0	0
CI___593	spring	1	1	28132	0	0
CI___594	fall	1	1	37623	5340	5520
CI___596	fall	1	1	28304	0	0
CI___596	spring	1	1	28160	0	0
CI___599	fall	1	1	28359	0	0
CI___599	spring	1	1	28190	0	0
