NEUS_403	spring	1	2	23500	540	620	23500	3420	3500
NEUS_444	fall	1	2	40320	2280	2355	40320	5160	5235
NEUS_483	spring	1	2	26614	2100	2175	26614	4980	5055
NEUS_501	fall	1	2	26189	3420	3510	26189	6300	6390
NEUS_502	spring	1	2	23501	3420	3510	23501	6300	6390
NEUS_512	fall	1	2	46511	1980	2070	46511	4860	4950
NEUS_524	fall	1	2	46712	1980	2070	46712	4860	4950
NEUS_524	spring	1	2	47658	2010	2100	47658	4890	4980
NEUS_525	spring	1	1	26759	3660	3780
NEUS_582	fall	1	1	28129	900	1010
NEUS_595	fall	1	1	25766	4860	4910
NEUS_595	spring	1	1	24465	4860	4920
