BLST_100	fall	2	2	44842	540	590	44842	3420	3470
BLST_100	fall	2	1	48870	2280	2355
BLST_100	spring	2	2	44078	780	830	44078	3660	3710
BLST_100	spring	2	1	47667	2280	2355
BLST_101	spring	1	2	44085	900	975	44085	3780	3855
BLST_103	fall	1	2	48408	2010	2085	48408	4890	4965
BLST_104	spring	1	2	47220	2100	2175	47220	4980	5055
BLST_105	fall	2	1		2190	2355
BLST_105	fall	2	1	47082	5070	5145
BLST_110	fall	1	2	44855	2010	2085	44855	4890	4965
BLST_111	spring	1	2	44364	570	645	44364	3450	3525
BLST_125	spring	1	2	44365	2010	2085	44365	4890	4965
BLST_191	fall	1	2	48525	570	645	48525	3450	3525
BLST_206	fall	1	2	44847	2100	2175	44847	4980	5055
BLST_207	fall	1	2	47090	2280	2355	47090	5160	5235
BLST_225	fall	1	2	45074	2100	2175	45074	4980	5055
BLST_225	spring	1	2	44433	2280	2355	44433	5160	5235
BLST_246	fall	1	2	44848	2370	2445	44848	5250	5325
BLST_247	fall	1	2	46494	570	645	46494	3450	3525
BLST_248	fall	1	2	44859	2100	2175	44859	4980	5055
BLST_248	spring	1	2	44986	900	975	44986	3780	3855
BLST_249	fall	1	2	44852	2370	2445	44852	5250	5325
BLST_250	fall	1	2	48410	900	975	48410	3780	3855
BLST_252	fall	1	2	48695	990	1065	48695	3870	3945
BLST_258	spring	1	2	44087	2280	2355	44087	5160	5235
BLST_261	fall	1	2	49163	900	975	49163	3780	3855
BLST_261	spring	1	2	44366	2190	2265	44366	5070	5145
BLST_262	fall	1	2	46062	2280	2355	46062	5160	5235
BLST_264	spring	1	2	48389	2370	2445	48389	5250	5325
BLST_265	spring	1	2	46007	2190	2265	46007	5070	5145
BLST_266	fall	1	2	47088	990	1065	47088	3870	3945
BLST_271	fall	1	2	47085	2100	2175	47085	4980	5055
BLST_271	spring	1	2	44369	480	555	44369	3360	3435
BLST_272	fall	1	2	44853	2280	2355	44853	5160	5235
BLST_274	spring	1	2	47470	1920	1995	47470	4800	4875
BLST_294	fall	3	2	44849	990	1065	44849	3870	3945
BLST_294	fall	3	2	46063	2370	2445	46063	5250	5325
BLST_294	fall	3	2	48075	570	645	48075	3450	3525
BLST_294	spring	1	2	46227	2100	2175	46227	4980	5055
BLST_306	fall	1	2	45408	900	975	45408	3780	3855
BLST_351	fall	1	2	44856	2100	2175	44856	4980	5055
BLST_356	spring	1	2	44219	2010	2085	44219	4890	4965
BLST_358	spring	1	2	44220	2100	2175	44220	4980	5055
BLST_406	fall	2	2	46064	990	1065	46064	3870	3945
BLST_406	fall	2	2	46065	990	1065	46065	3870	3945
BLST_406	spring	2	2	44091	2280	2355	44091	5160	5235
BLST_406	spring	2	2	44092	2280	2355	44092	5160	5235
BLST_410	spring	2	1	47967	2370	2520
BLST_410	spring	2	1	47968	2370	2520
BLST_490	fall	2	1	44858	5250	5400
BLST_490	fall	2	1	44861	5250	5400
BLST_492	fall	4	1	44857	3960	4110
BLST_492	fall	4	1	44860	3960	4110
BLST_492	fall	4	2	45837	2280	2355	45837	5160	5235
BLST_492	fall	4	2	45838	2280	2355	45838	5160	5235
BLST_494	fall	2	1	48971	3780	3930
BLST_494	fall	2	1	48972	3780	3930
BLST_494	spring	2	2	44097	2280	2355	44097	5160	5235
BLST_494	spring	2	2	44098	2280	2355	44098	5160	5235
BLST_503	fall	2	1	46068	5250	5400
BLST_503	fall	2	1	49015	1080	1230
BLST_503	spring	1	1	47590	3780	3930
