ENTR_200	2	2	41129	2010	2085	41129	4890	4965
ENTR_200	2	2	42089	2010	2085	42089	4890	4965
ENTR_310	6	2	34374	480	555	34374	3360	3435
ENTR_310	6	2	34794	990	1065	34794	3870	3945
ENTR_310	6	2	35206	2010	2085	35206	4890	4965
ENTR_310	6	2	35564	2010	2085	35564	4890	4965
ENTR_310	6	2	36081	900	975	36081	3780	3855
ENTR_310	6	2	45418	570	645	45418	3450	3525
ENTR_360	1	2	48216	570	645	48216	3450	3525
ENTR_435	1	2	36878	2370	2445	36878	5250	5325
ENTR_444	1	2	49461	480	555	49461	3360	3435
ENTR_445	2	2	34737	570	645	34737	3450	3525
ENTR_445	2	2	48467	900	975	48467	3780	3855
ENTR_454	2	2	22965	2280	2355	22965	5160	5235
ENTR_454	2	3	31560	780	830	31560	3660	3710	31560	6540	6590
ENTR_494	2	1	39889	5160	5340
ENTR_494	2	1	40962	5160	5340
ENTR_502	1	1	23350	3960	4110
ENTR_594	2	1	41264	5160	5340
ENTR_594	2	1	46367	5160	5340
