RUSS_101	fall	2	3	13496	600	650	13496	3480	3530	13496	6360	6410
RUSS_101	fall	2	3	35420	780	830	35420	3660	3710	35420	6540	6590
RUSS_102	spring	2	3	17668	720	770	17668	3600	3650	17668	6480	6530
RUSS_102	spring	2	3	17669	660	710	17669	3540	3590	17669	6420	6470
RUSS_103	fall	2	3	21603	720	770	21603	3600	3650	21603	6480	6530
RUSS_103	fall	2	3	35421	780	830	35421	3660	3710	35421	6540	6590
RUSS_104	spring	1	3	46837	720	770	46837	3600	3650	46837	6480	6530
RUSS_115	fall	1	2	33175	2100	2175	33175	4980	5055
RUSS_116	spring	1	2	17672	2190	2265	17672	5070	5145
RUSS_120	fall	1	3	33179	660	710	33179	3540	3590	33179	6420	6470
RUSS_130	fall	1	2	35425	900	975	35425	3780	3855
RUSS_150	fall	1	1	37147	900	1065
RUSS_150	spring	1	2	23710	570	645	23710	3450	3525
RUSS_201	fall	1	3	34736	840	890	34736	3720	3770	34736	6600	6650
RUSS_201	spring	1	3	46182	660	710	46182	3540	3590	46182	6420	6470
RUSS_202	fall	1	3	48498	720	770	48498	3600	3650	48498	6480	6530
RUSS_202	spring	1	3	34658	840	890	34658	3720	3770	34658	6600	6650
RUSS_203	fall	1	2	47012	2010	2085	47012	4890	4965
RUSS_203	spring	1	3	43736	840	890	43736	3720	3770	43736	6600	6650
RUSS_239	fall	1	1	39877	2280	2355
RUSS_239	spring	1	1	46467	2280	2355
RUSS_241	fall	1	3	32253	660	710	32253	3540	3590	32253	6420	6470
RUSS_241	spring	1	2	47899	2100	2175	47899	4980	5055
RUSS_242	spring	1	2	17718	2100	2175	17718	4980	5055
RUSS_244	fall	1	2	38480	2460	2535	38480	5340	5415
RUSS_244	spring	1	2	34336	900	975	34336	3780	3855
RUSS_248	fall	1	2	41319	2100	2175	41319	4980	5055
RUSS_248	spring	1	2	35494	2100	2175	35494	4980	5055
RUSS_321	fall	1	2	33177	2100	2175	33177	4980	5055
RUSS_330	fall	1	3	38479	840	890	38479	3720	3770	38479	6600	6650
RUSS_330	spring	1	2	34338	2280	2355	34338	5160	5235
RUSS_440	fall	2	1	34740	3960	4110
RUSS_440	fall	2	1	34741	3960	4110
RUSS_440	spring	2	1	37860	1050	1200
RUSS_440	spring	2	1	38038	1050	1200
RUSS_460	fall	2	1	28647	900	1050
RUSS_460	fall	2	1	28648	900	1050
RUSS_460	spring	2	1	26657	1020	1170
RUSS_460	spring	2	1	39590	1020	1170
RUSS_535	fall	1	1	42127	3780	3930
