GEOG_100	1	2	11338	720	770	11338	3600	3650
GEOG_161	2	2	38009	720	770	38009	3600	3650
GEOG_161	2	2	38189	780	830	38189	3660	3710
GEOG_207	1	2	35118	2100	2175	35118	4980	5055
GEOG_273	1	2	33399	2280	2355	33399	5160	5235
GEOG_429	1	2	43845	2370	2445	43845	5250	5325
GEOG_453	1	2	37412	2010	2085	37412	4890	4965
GEOG_469	6	1	32433	4890	5055
GEOG_469	6	1	32439	720	885
GEOG_469	6	1	32441	3780	3945
GEOG_469	6	1	33414	2370	2535
GEOG_469	6	1	33592	3990	4155
GEOG_469	6	1	34637	3960	4125
GEOG_477	1	1	19757	4800	4910
GEOG_481	2	2	11602	900	975	11602	3780	3855
GEOG_481	2	2	34652	990	1065	34652	3870	3945
