ATH__522	fall	1	2	14900	480	720	14900	3360	3600
ATH__524	fall	1	1	14901	5130	5220
ATH__525	fall	1	2	14902	1920	2160	14902	4800	5040
ATH__527	fall	1	1	14903	6240	6660
ATH__528	fall	1	1	14904	2250	2460
ATH__529	fall	1	1	14905	0	0
ATH__532	spring	1	2	14954	480	720	14954	3360	3600
ATH__533	spring	1	2	14955	810	990	14955	3690	3870
ATH__535	spring	1	2	14956	1920	2160	14956	4800	5040
ATH__537	spring	1	1	14957	6240	6570
ATH__538	spring	1	1	14958	0	0
ATH__539	spring	1	1	14959	0	0
ATH__551	fall	1	2	15144	2250	2445	15144	5130	5325
ATH__552	fall	1	2	15145	480	660	15145	3360	3540
ATH__555	fall	1	2	15146	810	1005	15146	3690	3885
ATH__556	fall	1	2	15147	1920	2100	15147	4800	4980
ATH__557	fall	1	1	15624	6240	6660
ATH__559	fall	1	1	15149	0	0
ATH__561	spring	1	1	15100	810	1020
ATH__567	spring	1	1	15101	480	720
ATH__568	spring	1	1	15102	0	0
ATH__569	spring	1	1	15103	0	0
ATH__595	spring	1	1	15104	810	1020
