EAES___101	2	3	13437	600	650	13437	3480	3530	13437	6360	6410
EAES___101	2	3	31216	600	650	31216	3480	3530	31216	6360	6410
EAES___111	2	3	31340	660	710	31340	3540	3590	31340	6420	6470
EAES___111	2	3	31773	660	710	31773	3540	3590	31773	6420	6470
EAES___200	1	1	26438	6540	6650
EAES___203	1	3	49516	720	770	49516	3600	3650	49516	6480	6530
EAES___230	1	2	32194	1980	2030	32194	4860	4910
EAES___285	3	1		1980	2090
EAES___285	3	1	31341	4860	4910
EAES___285	3	1	31819	4920	5030
EAES___290	2	1	32195	2280	2390
EAES___290	2	2	34275	2220	2270	34275	5100	5150
EAES___350	2	1	34424	900	1010
EAES___350	2	1	34601	3780	3890
EAES___360	1	2	39240	3720	3800	39240	6600	6680
EAES___415	1	2	44866	2010	2120	44866	4890	5000
EAES___416	1	2	35430	810	890	35430	3690	3770
EAES___418	1	2	42718	570	650	42718	3450	3530
EAES___422	3	2		540	650		540	650
EAES___422	3	1	37110	3420	3470
EAES___422	3	1	37240	3420	3470
EAES___440	2	1	37115	2160	2270
EAES___440	2	1	37241	2160	2270
EAES___444	2	2	31607	2160	2270	31607	5040	5150
EAES___444	2	2	34602	2160	2270	34602	5040	5150
EAES___448	1	2	43467	570	650	43467	3450	3530
EAES___460	1	2	38174	900	1010	38174	3780	3890
EAES___470	3	1		780	890
EAES___470	3	1	13510	840	1010
EAES___470	3	1	40451	3660	3710
EAES___473	2	2	34426	540	650	34426	3420	3530
EAES___473	2	2	45057	540	650	45057	3420	3530
EAES___475	1	2	33275	660	710	33275	3540	3590
EAES___478	2	1	39756	2190	2370
EAES___478	2	1	40590	3600	3780
EAES___480	2	1	33277	900	1010
EAES___480	2	1	33423	900	1010
EAES___484	1	2	33280	2160	2240	33280	5040	5120
EAES___490	1	2	48321	2280	2390	48321	5160	5270
EAES___510	1	2	43468	2100	2210	43468	4980	5090
EAES___511	1	2	31609	540	650	31609	3420	3530
EAES___512	1	2	34427	780	890	34427	6540	6650
EAES___513	2	2	30089	2100	2210	30089	6420	6530
EAES___513	2	1	35436	6540	6770
EAES___514	1	1	37117	6540	6770
EAES___516	1	2	38175	900	1010	38175	3780	3890
EAES___518	1	2	47013	660	770	47013	3540	3650
EAES___525	1	2	48322	660	770	48322	3540	3650
EAES___543	1	2	33282	2100	2210	33282	4980	5090
EAES___545	1	2	31608	2160	2270	31608	5040	5150
EAES___560	1	2	40903	2040	2150	40903	4920	5030
EAES___577	1	2	45985	780	890	45985	3660	3770
EAES___578	1	2	43596	2100	2210	43596	4980	5090
EAES___579	1	2	49148	780	890	49148	3660	3770
EAES___580	1	2	35440	2100	2210	35440	4980	5090
EAES___595	2	1	13525	5130	5180
EAES___595	2	1	20825	5040	5090
