POLS___101	5	2	16191	660	710	16191	3540	3590
POLS___101	5	1	37495	2010	2085
POLS___101	5	1	38313	2370	2445
POLS___101	5	1	40993	570	645
POLS___101	5	1	42074	570	645
POLS___111	3	2	32212	2010	2085	32212	4890	4965
POLS___111	3	2	33383	1920	1995	33383	4800	4875
POLS___111	3	2	38722	2280	2355	38722	5160	5235
POLS___112	2	3	32884	900	950	32884	3780	3830	32884	6660	6710
POLS___112	2	2	48409	2010	2085	48409	4890	4965
POLS___120	1	2	37191	2460	2535	37191	5340	5415
POLS___130	1	2	34357	900	950	34357	3780	3830
POLS___184	3	2	13204	2010	2085	13204	4890	4965
POLS___184	3	2	16201	720	770	16201	3600	3650
POLS___184	3	1	48128	1920	1995
POLS___190	1	2	13210	2010	2060	13210	4890	4940
POLS___200	3	3	13211	480	530	13211	3360	3410	13211	6240	6290
POLS___200	3	3	24446	840	890	24446	3720	3770	24446	6600	6650
POLS___200	3	3	34466	780	830	34466	3660	3710	34466	6540	6590
POLS___201	2	2	13213	2010	2085	13213	4890	4965
POLS___201	2	3	20206	780	830	20206	3660	3710	20206	6540	6590
POLS___202	5	3	38723	660	710	38723	3540	3590	38723	6420	6470
POLS___202	5	2	47198	2100	2175	47198	4980	5055
POLS___202	5	2	47603	900	975	47603	3780	3855
POLS___202	5	2	48130	2280	2355	48130	5160	5235
POLS___202	5	2	48131	2010	2085	48131	4890	4965
POLS___203	1	2	43546	990	1065	43546	3870	3945
POLS___204	1	2	47599	990	1065	47599	3870	3945
POLS___206	1	2	35618	2280	2355	35618	5160	5235
POLS___207	2	2	34700	990	1065	34700	3870	3945
POLS___207	2	2	43449	840	890	43449	3720	3770
POLS___209	2	2	28965	720	770	28965	3600	3650
POLS___209	2	2	39433	720	770	39433	3600	3650
POLS___210	3	3	35622	600	650	35622	3480	3530	35622	6360	6410
POLS___210	3	2	35646	2190	2265	35646	5070	5145
POLS___210	3	2	36855	2220	2295	36855	5100	5175
POLS___211	2	3	23251	720	770	23251	3600	3650	23251	6480	6530
POLS___211	2	3	46264	600	650	46264	3480	3530	46264	6360	6410
POLS___212	1	2	37536	2190	2265	37536	5070	5145
POLS___221	1	1	48320	5400	5550
POLS___225	1	2	34465	2370	2445	34465	5250	5325
POLS___227	1	2	33929	2190	2265	33929	5070	5145
POLS___228	2	2	34468	2280	2355	34468	5160	5235
POLS___228	2	2	45934	930	1005	45934	3810	3885
POLS___229	3	2	28012	2190	2265	28012	5070	5145
POLS___229	3	2	42252	2100	2175	42252	4980	5055
POLS___229	3	2	48134	2460	2535	48134	5340	5415
POLS___231	1	2	39407	2100	2175	39407	4980	5055
POLS___232	1	2	43547	2280	2355	43547	5160	5235
POLS___234	2	2	33357	2100	2175	33357	4980	5055
POLS___234	2	2	46504	720	795	46504	3600	3675
POLS___242	2	2	31900	2100	2175	31900	4980	5055
POLS___242	2	2	39185	2010	2085	39185	4890	4965
POLS___243	1	2	39410	2190	2265	39410	5070	5145
POLS___246	1	1	42279	2100	2175
POLS___258	1	2	37195	2010	2085	37195	4890	4965
POLS___259	1	3	48319	660	710	48319	3540	3590	48319	6420	6470
POLS___267	2	1	40857	2100	2175
POLS___267	2	1	45211	2190	2265
POLS___268	1	3	42273	600	650	42273	3480	3530	42273	6360	6410
POLS___275	1	2	45419	840	890	45419	3720	3770
POLS___281	1	2	33434	570	645	33434	3450	3525
POLS___283	1	3	35627	600	650	35627	3480	3530	35627	6360	6410
POLS___284	1	2	34056	2190	2265	34056	5070	5145
POLS___286	1	3	35628	540	590	35628	3420	3470	35628	6300	6350
POLS___287	2	2	34702	2190	2265	34702	5070	5145
POLS___287	2	2	42467	2010	2085	42467	4890	4965
POLS___296	1	2	48354	2010	2085	48354	4890	4965
POLS___300	2	2	34469	720	870	34469	3600	3750
POLS___300	2	2	35680	2370	2445	35680	5250	5325
POLS___301	1	1	34703	3420	3470
POLS___307	1	2	38319	2280	2355	38319	5160	5235
POLS___311	1	2	35640	900	975	35640	3780	3855
POLS___342	1	1	45987	2370	2445
POLS___348	1	3	39487	660	710	39487	3540	3590	39487	6420	6470
POLS___353	1	3	24888	540	590	24888	3420	3470	24888	6300	6350
POLS___354	1	3	32067	600	650	32067	3480	3530	32067	6360	6410
POLS___356	1	2	24451	2010	2085	24451	4890	4965
POLS___358	1	2	31101	2100	2175	31101	4980	5055
POLS___384	1	2	35630	2370	2445	35630	5250	5325
POLS___401	3	1	13289	900	1050
POLS___401	3	1	20427	900	1050
POLS___401	3	1	47200	2370	2520
POLS___405	4	2	42465	900	975	42465	3780	3855
POLS___405	4	2	42466	900	975	42466	3780	3855
POLS___405	4	2	45079	2100	2175	45079	4980	5055
POLS___405	4	2	45080	2100	2175	45080	4980	5055
POLS___459	2	1	36636	2520	2670
POLS___459	2	1	36637	2520	2670
POLS___465	2	2	38490	900	975	38490	3780	3855
POLS___465	2	2	38491	900	975	38491	3780	3855
POLS___469	2	3	37196	900	950	37196	3780	3830	37196	6660	6710
POLS___469	2	3	37197	900	950	37197	3780	3830	37197	6660	6710
POLS___479	2	1	37198	2370	2519
POLS___479	2	1	37199	2370	2519
POLS___482	2	1	43550	2370	2520
POLS___482	2	1	47197	960	1110
POLS___489	2	1	35003	3540	3690
POLS___489	2	1	35004	3540	3690
POLS___494	4	1	34706	900	1050
POLS___494	4	1	34707	900	1050
POLS___494	4	1	35684	900	1065
POLS___494	4	1	36570	900	1065
POLS___500	1	1	13290	2370	2519
POLS___501	1	1	46508	1080	1230
POLS___504	1	1	33359	3840	3990
POLS___505	1	1	46265	5280	5430
POLS___551	1	1	32677	2280	2430
POLS___558	2	1	34705	900	950
POLS___558	2	1	38789	3900	3950
POLS___560	4	1	35632	2190	2339
POLS___560	4	1	35643	6690	6840
POLS___560	4	1	47199	2160	2310
POLS___560	4	1	48135	5040	5190
POLS___567	1	1	39440	1020	1170
POLS___571	1	1	38323	2520	2670
POLS___578	1	1	35695	900	1125
POLS___579	2	1	35633	2280	2430
POLS___579	2	1	35642	1920	2070
POLS___590	1	1	37535	3810	3960
