LCSL___103	1	4	33317	660	710	33317	2100	2150	33317	3540	3590	33317	4980	5030
LCSL___207	2	2	39295	2370	2445	39295	5250	5325
LCSL___207	2	3	39381	780	830	39381	3660	3710	39381	6540	6590
LCSL___250	1	2	47219	2010	2085	47219	4890	4965
LCSL___406	4	1	38485	2370	2520
LCSL___406	4	1	38486	2370	2520
LCSL___406	4	2	40138	2190	2265	40138	5070	5145
LCSL___406	4	2	40139	2190	2265	40139	5070	5145
LCSL___483	2	2	34669	2280	2355	34669	5160	5235
LCSL___483	2	2	34670	2280	2355	34670	5160	5235
LCSL___502	3	1	32448	900	1065
LCSL___502	3	1	35557	3780	3930
LCSL___502	3	1	40805	900	1070
LCSL___510	3	1	37537	5430	5580
LCSL___510	3	1	39283	2370	2520
LCSL___510	3	1	41318	3780	3930
