CEES_208	fall	1	2	44702	2100	2175	44702	4980	5055
CEES_246	fall	1	3	43610	660	710	43610	3540	3590	43610	6420	6470
CEES_247	fall	1	1	49126	2370	2445
CEES_250	spring	1	2	48307	2370	2445	48307	5250	5325
CEES_320	fall	1	2	43293	2280	2355	43293	5160	5235
CEES_400	fall	2	1	35422	900	1065
CEES_400	fall	2	1	35423	900	1065
CEES_406	fall	2	2	33526	2190	2265	33526	5070	5145
CEES_406	fall	2	2	33527	2190	2265	33527	5070	5145
CEES_406	spring	2	1	36276	2370	2520
CEES_406	spring	2	1	36277	2370	2520
CEES_418	fall	2	3	31244	780	830	31244	3660	3710	31244	6540	6590
CEES_418	fall	2	3	31245	780	830	31245	3660	3710	31245	6540	6590
CEES_433	fall	2	1	29686	2370	2535
CEES_433	fall	2	1	29687	2370	2535
CEES_433	spring	2	1	32986	2370	2520
CEES_433	spring	2	1	32987	2370	2520
CEES_435	fall	2	1	33502	3960	4110
CEES_435	fall	2	1	33503	3960	4110
CEES_439	fall	2	1	37620	3780	3945
CEES_439	fall	2	1	37622	3780	3945
CEES_460	fall	2	1	36532	2370	2520
CEES_460	fall	2	1	36533	2370	2520
CEES_515	fall	1	1	43920	900	1050
CEES_551	fall	1	1	43611	900	1050
CEES_551	spring	1	1	43733	3870	4020
CEES_599	fall	1	1	45072	0	0
