CHE__150	2	2	46607	2220	2295	46607	5100	5175
CHE__150	2	2	48120	2190	2265	48120	5070	5145
CHE__201	2	2	10482	570	645	10482	3450	3525
CHE__201	2	3	38101	660	710	38101	3540	3590	38101	6420	6470
CHE__205	2	2	33395	660	735	33395	3540	3615
CHE__205	2	2	36340	1920	1995	36340	4800	4875
CHE__210	3	4		750	825		3630	3705		2010	2085		4890	4965
CHE__210	3	1	10483	6510	6585
CHE__210	3	1	16867	6330	6405
CHE__230	1	2	45570	2100	2175	45570	4980	5055
CHE__301	3	2	10484	2100	2175	10484	4980	5055
CHE__301	3	2	38358	720	795	38358	3600	3675
CHE__301	3	3	38995	540	590	38995	3420	3470	38995	6300	6350
CHE__311	3	3	10486	660	710	10486	3540	3590	10486	6420	6470
CHE__311	3	2	38109	2010	2085	38109	4890	4965
CHE__311	3	2	40780	2190	2265	40780	5070	5145
CHE__312	2	2	16870	810	885	16870	3690	3765
CHE__312	2	2	41058	2310	2385	41058	5190	5265
CHE__313	2	2	16871	1005	1080	16871	3885	3960
CHE__313	2	2	41059	2220	2295	41059	5100	5175
CHE__321	2	2	16872	2310	2385	16872	5190	5265
CHE__321	2	1	43300	6360	6510
CHE__330	2	3	45462	540	590	45462	3420	3470	45462	6300	6350
CHE__330	2	2	46410	840	915	46410	3720	3795
CHE__341	1	2	16873	915	990	16873	3795	3870
CHE__381	1	1	10487	1980	2210
CHE__382	1	1	37231	1980	2189
CHE__396	2	2	10511	2220	2295	10511	5100	5175
CHE__396	2	2	38124	660	735	38124	3540	3615
CHE__397	1	2	16888	780	855	16888	3660	3735
CHE__425	1	2	41054	2280	2355	41054	5160	5235
CHE__427	1	1	48121	3810	3885
CHE__433	1	2	37325	2430	2505	37325	5310	5385
CHE__438	1	2	39911	840	915	39911	3720	3795
CHE__451	1	1	42272	930	1110
CHE__453	1	2	46414	2370	2445	46414	5250	5325
CHE__454	1	2	44434	2010	2085	44434	4890	4965
CHE__455	1	2	44435	630	705	44435	3510	3585
CHE__457	1	2	46412	750	825	46412	3630	3705
CHE__494	8	1	23256	2370	2535
CHE__494	8	2	29454	2355	2430	29454	5235	5310
CHE__494	8	1	38700	3810	3975
CHE__494	8	2	39810	690	765	39810	3570	3645
CHE__494	8	2	39811	960	1035	39811	3840	3915
CHE__494	8	2	39814	930	1005	39814	3810	3885
CHE__494	8	2	41037	540	615	41037	3420	3495
CHE__494	8	2	42291	900	975	42291	3780	3855
CHE__496	2	2	41934	750	825	41934	3630	3705
CHE__496	2	2	41935	2220	2295	41935	5100	5175
CHE__499	1	1	39813	6600	6650
CHE__501	1	2	39812	2400	2450	39812	5280	5330
CHE__502	1	2	10626	840	915	10626	3720	3795
CHE__511	1	2	46608	2280	2355	46608	5160	5235
CHE__520	2	2	45380	2010	2085	45380	4890	4965
CHE__520	2	2	46417	570	645	46417	3450	3525
CHE__527	1	2	16896	2370	2445	16896	5250	5325
CHE__531	1	2	44437	1920	1995	44437	4800	4875
CHE__545	1	2	46416	2010	2085	46416	4890	4965
