CHE__150	3
CHE__201	3
CHE__205	3
CHE__210	4
CHE__230	3
CHE__301	3
CHE__311	3
CHE__312	3
CHE__313	3
CHE__321	3
CHE__330	3
CHE__341	3
CHE__381	2
CHE__382	2
CHE__391	1
CHE__392	1,2,3,4
CHE__396	4
CHE__397	4
CHE__422	4
CHE__425	4
CHE__427	0,1,2,3,4,5
CHE__433	4
CHE__438	4
CHE__450	4
CHE__451	4
CHE__453	4
CHE__454	4
CHE__455	4
CHE__457	4
CHE__494	1,2,3,4,5
CHE__496	0,1,2,3,4,5,6,7,8,9
CHE__499	0
CHE__501	4
CHE__502	4
CHE__511	4
CHE__512	4
CHE__520	4
CHE__524	4
CHE__527	4
CHE__531	4
CHE__545	4
CHE__592	4,5,6,7,8,9
CHE__594	1,2,3,4,5
CHE__595	1
CHE__597	0,1,2,3,4,5
CHE__598	0,1,2,3,4,5,6,7,8,9,10,11,12,13,14,15,16,17
CHE__599	0,1,2,3,4,5,6,7,8,9,10,11,12,13,14,15,16,17
