ACTG___210	20	2	27456	900	975	27456	3780	3855
ACTG___210	20	2	27502	2100	2175	27502	4980	5055
ACTG___210	20	2	27833	900	975	27833	3780	3855
ACTG___210	20	2	27834	990	1065	27834	3870	3945
ACTG___210	20	2	38058	570	645	38058	3450	3525
ACTG___210	20	2	39315	2190	2265	39315	5070	5145
ACTG___210	20	2	40403	2100	2175	40403	4980	5055
ACTG___210	20	2	41749	480	555	41749	3360	3435
ACTG___210	20	2	45284	2100	2175	45284	4980	5055
ACTG___210	20	2	45726	2280	2355	45726	5160	5235
ACTG___210	20	2	46525	990	1065	46525	3870	3945
ACTG___210	20	2	48334	750	825	48334	3630	3705
ACTG___210	20	2	48336	2190	2265	48336	5070	5145
ACTG___210	20	2	48337	2280	2355	48337	5160	5235
ACTG___210	20	2	48339	2010	2085	48339	4890	4965
ACTG___210	20	2	48340	570	645	48340	3450	3525
ACTG___210	20	2	48341	2010	2085	48341	4890	4965
ACTG___210	20	2	48342	2100	2175	48342	4980	5055
ACTG___210	20	2	48343	660	735	48343	3540	3615
ACTG___210	20	2	48344	840	915	48344	3720	3795
ACTG___211	20	2	27458	2190	2265	27458	5070	5145
ACTG___211	20	2	27460	2100	2175	27460	4980	5055
ACTG___211	20	2	27836	900	975	27836	3780	3855
ACTG___211	20	2	40569	990	1065	40569	3870	3945
ACTG___211	20	2	44856	2280	2355	44856	5160	5235
ACTG___211	20	2	44859	900	975	44859	3780	3855
ACTG___211	20	2	44860	570	645	44860	3450	3525
ACTG___211	20	2	44861	480	555	44861	3360	3435
ACTG___211	20	2	46145	480	555	46145	3360	3435
ACTG___211	20	2	46146	2370	2445	46146	5250	5325
ACTG___211	20	2	49409	570	645	49409	3450	3525
ACTG___211	20	2	49410	660	735	49410	3540	3615
ACTG___211	20	2	49411	750	825	49411	3630	3705
ACTG___211	20	2	49412	840	915	49412	3720	3795
ACTG___211	20	2	49413	2010	2085	49413	4890	4965
ACTG___211	20	2	49414	2010	2085	49414	4890	4965
ACTG___211	20	2	49415	2100	2175	49415	4980	5055
ACTG___211	20	2	49416	2190	2265	49416	5070	5145
ACTG___211	20	2	49417	2190	2265	49417	5070	5145
ACTG___211	20	2	49418	2280	2355	49418	5160	5235
ACTG___315	8	2	10039	2100	2175	10039	4980	5055
ACTG___315	8	2	10045	2190	2265	10045	5070	5145
ACTG___315	8	2	17766	2190	2265	17766	5070	5145
ACTG___315	8	2	17767	2100	2175	17767	4980	5055
ACTG___315	8	2	22547	2280	2355	22547	5160	5235
ACTG___315	8	2	33129	2280	2355	33129	5160	5235
ACTG___315	8	2	47371	2370	2445	47371	5250	5325
ACTG___315	8	2	48553	990	1065	48553	3870	3945
ACTG___316	7	3	10048	780	830	10048	3660	3710	10048	6540	6590
ACTG___316	7	3	10052	900	950	10052	3780	3830	10052	6660	6710
ACTG___316	7	3	17770	720	770	17770	3600	3650	17770	6480	6530
ACTG___316	7	3	17771	780	830	17771	3660	3710	17771	6540	6590
ACTG___316	7	2	39594	1050	1125	39594	3930	4005
ACTG___316	7	3	40570	840	890	40570	3720	3770	40570	6600	6650
ACTG___316	7	3	41916	840	890	41916	3720	3770	41916	6600	6650
ACTG___326	7	2	10059	2190	2265	10059	5070	5145
ACTG___326	7	2	10061	2370	2445	10061	5250	5325
ACTG___326	7	3	21884	540	590	21884	3420	3470	21884	6300	6350
ACTG___326	7	3	21885	840	890	21885	3720	3770	21885	6600	6650
ACTG___326	7	2	40746	2280	2355	40746	5160	5235
ACTG___326	7	3	41766	600	650	41766	3480	3530	41766	6360	6410
ACTG___326	7	2	48557	1080	1155	48557	3960	4035
ACTG___355	4	3	10066	780	830	10066	3660	3710	10066	6540	6590
ACTG___355	4	3	10069	840	890	10069	3720	3770	10069	6600	6650
ACTG___355	4	3	17775	780	830	17775	3660	3710	17775	6540	6590
ACTG___355	4	3	33509	840	890	33509	3720	3770	33509	6600	6650
ACTG___392	5	2	47907	2280	2355	47907	5160	5235
ACTG___392	5	2	47908	2370	2445	47908	5250	5325
ACTG___392	5	2	47909	2460	2535	47909	5340	5415
ACTG___392	5	2	49649	2190	2265	49649	5070	5145
ACTG___392	5	2	49650	2280	2355	49650	5160	5235
ACTG___417	4	3	10072	780	830	10072	3660	3710	10072	6540	6590
ACTG___417	4	2	17776	990	1065	17776	3870	3945
ACTG___417	4	2	19093	990	1065	19093	3870	3945
ACTG___417	4	3	19567	780	830	19567	3660	3710	19567	6540	6590
ACTG___435	13	2	10080	2100	2175	10080	4980	5055
ACTG___435	13	2	10092	2010	2085	10092	4890	4965
ACTG___435	13	2	17777	570	645	17777	3450	3525
ACTG___435	13	2	17778	900	975	17778	3780	3855
ACTG___435	13	2	20481	570	645	20481	3450	3525
ACTG___435	13	2	20489	900	975	20489	3780	3855
ACTG___435	13	2	34262	1920	1995	34262	4800	4875
ACTG___435	13	2	34748	2100	2175	34748	4980	5055
ACTG___435	13	2	34749	2010	2085	34749	4890	4965
ACTG___435	13	2	34750	1920	1995	34750	4800	4875
ACTG___435	13	2	40747	1920	1995	40747	4800	4875
ACTG___435	13	2	43251	480	555	43251	3360	3435
ACTG___435	13	2	43252	480	555	43252	3360	3435
ACTG___444	1	2	49229	1920	1995	49229	4800	4875
ACTG___445	12	2	10115	2370	2445	10115	5250	5325
ACTG___445	12	2	17780	2100	2175	17780	4980	5055
ACTG___445	12	2	19101	2100	2175	19101	4980	5055
ACTG___445	12	2	19578	2370	2445	19578	5250	5325
ACTG___445	12	2	36993	2280	2355	36993	5160	5235
ACTG___445	12	2	36995	2280	2355	36995	5160	5235
ACTG___445	12	2	40917	2190	2265	40917	5070	5145
ACTG___445	12	2	40919	2190	2265	40919	5070	5145
ACTG___445	12	2	43312	2190	2265	43312	5070	5145
ACTG___445	12	2	43313	2190	2265	43313	5070	5145
ACTG___445	12	2	47160	2280	2355	47160	5160	5235
ACTG___445	12	2	47161	2280	2355	47161	5160	5235
ACTG___446	8	1	10116	3960	4125
ACTG___446	8	2	17781	2190	2265	17781	5070	5145
ACTG___446	8	2	19105	2190	2265	19105	5070	5145
ACTG___446	8	1	19580	3960	4125
ACTG___446	8	2	36998	2370	2445	36998	5250	5325
ACTG___446	8	2	36999	2370	2445	36999	5250	5325
ACTG___446	8	1	48837	5430	5580
ACTG___446	8	1	48838	5430	5580
ACTG___456	4	2	10117	2100	2175	10117	4980	5055
ACTG___456	4	2	17783	2190	2265	17783	5070	5145
ACTG___456	4	2	19107	2190	2265	19107	5070	5145
ACTG___456	4	2	19581	2100	2175	19581	4980	5055
ACTG___465	2	2	10119	2460	2535	10119	5340	5415
ACTG___465	2	2	19582	2460	2535	19582	5340	5415
ACTG___470	10	3	34147	600	650	34147	3480	3530	34147	6360	6410
ACTG___470	10	3	34148	600	650	34148	3480	3530	34148	6360	6410
ACTG___470	10	3	34265	540	590	34265	3420	3470	34265	6300	6350
ACTG___470	10	3	34266	540	590	34266	3420	3470	34266	6300	6350
ACTG___470	10	3	34267	600	650	34267	3480	3530	34267	6360	6410
ACTG___470	10	3	34268	600	650	34268	3480	3530	34268	6360	6410
ACTG___470	10	3	37009	540	590	37009	3420	3470	37009	6300	6350
ACTG___470	10	3	37010	540	590	37010	3420	3470	37010	6300	6350
ACTG___470	10	3	39705	660	710	39705	3540	3590	39705	6420	6470
ACTG___470	10	3	39706	660	710	39706	3540	3590	39706	6420	6470
ACTG___474	14	3	10132	480	530	10132	3360	3410	10132	6240	6290
ACTG___474	14	3	17785	600	650	17785	3480	3530	17785	6360	6410
ACTG___474	14	3	17786	720	770	17786	3600	3650	17786	6480	6530
ACTG___474	14	3	19110	600	650	19110	3480	3530	19110	6360	6410
ACTG___474	14	3	19111	720	770	19111	3600	3650	19111	6480	6530
ACTG___474	14	3	19583	480	530	19583	3360	3410	19583	6240	6290
ACTG___474	14	3	32199	540	590	32199	3420	3470	32199	6300	6350
ACTG___474	14	3	32200	540	590	32200	3420	3470	32200	6300	6350
ACTG___474	14	3	35092	600	650	35092	3480	3530	35092	6360	6410
ACTG___474	14	3	35100	600	650	35100	3480	3530	35100	6360	6410
ACTG___474	14	3	40920	660	710	40920	3540	3590	40920	6420	6470
ACTG___474	14	3	40921	660	710	40921	3540	3590	40921	6420	6470
ACTG___474	14	3	41769	780	830	41769	3660	3710	41769	6540	6590
ACTG___474	14	3	41770	780	830	41770	3660	3710	41770	6540	6590
ACTG___475	4	1	10166	3780	3930
ACTG___475	4	2	17787	2280	2355	17787	5160	5235
ACTG___475	4	2	19112	2280	2355	19112	5160	5235
ACTG___475	4	1	19585	3780	3930
ACTG___484	2	3	35093	780	830	35093	3660	3710	35093	6540	6590
ACTG___484	2	3	35101	780	830	35101	3660	3710	35101	6540	6590
ACTG___485	4	2	47215	900	975	47215	3780	3855
ACTG___485	4	2	47216	900	975	47216	3780	3855
ACTG___485	4	3	49158	600	650	49158	3480	3530	49158	6360	6410
ACTG___485	4	3	49159	600	650	49159	3480	3530	49159	6360	6410
ACTG___492	2	2	46140	2370	2445	46140	5250	5325
ACTG___492	2	2	46141	2370	2445	46141	5250	5325
ACTG___493	8	2	34149	990	1065	34149	3870	3945
ACTG___493	8	2	34150	990	1065	34150	3870	3945
ACTG___493	8	2	34151	900	975	34151	3780	3855
ACTG___493	8	2	34152	900	975	34152	3780	3855
ACTG___493	8	2	35396	2370	2445	35396	5250	5325
ACTG___493	8	2	35397	2370	2445	35397	5250	5325
ACTG___493	8	2	40772	2280	2355	40772	5160	5235
ACTG___493	8	2	40773	2280	2355	40773	5160	5235
ACTG___494	7	1	24959	2550	2700
ACTG___494	7	1	24960	2550	2700
ACTG___494	7	1	36439	1080	1260
ACTG___494	7	1	39913	1080	1260
ACTG___494	7	2	43874	2190	2265	43874	5070	5145
ACTG___494	7	2	43877	2370	2445	43877	5250	5325
ACTG___494	7	2	49520	2280	2355	49520	5160	5235
ACTG___495	3	4		780	830		3660	3710		780	830		3660	3710
ACTG___495	3	1	47910	6540	6650
ACTG___495	3	1	49160	6540	6650
ACTG___500	5	2	10175	990	1065	10175	3870	3945
ACTG___500	5	1	10176	3960	4125
ACTG___500	5	1	36660	2550	2700
ACTG___500	5	2	39020	2190	2340	39020	5070	5220
ACTG___500	5	1	45972	5430	5580
ACTG___502	1	2	10190	2280	2355	10190	5160	5235
ACTG___503	1	3	17797	840	890	17797	3720	3770	17797	6600	6650
ACTG___506	1	3	17799	840	890	17799	3720	3770	17799	6600	6650
ACTG___508	2	2	17803	2100	2175	17803	4980	5055
ACTG___508	2	2	27831	2190	2265	27831	5070	5145
ACTG___509	1	2	32706	2190	2265	32706	5070	5145
ACTG___516	1	1	10202	1080	1245
ACTG___534	2	2	36154	1920	1995	36154	4800	4875
ACTG___534	2	2	37016	900	975	37016	3780	3855
ACTG___537	1	1	39329	3960	4140
ACTG___570	2	3	27467	540	590	27467	3420	3470	27467	6300	6350
ACTG___570	2	3	33270	660	710	33270	3540	3590	33270	6420	6470
ACTG___585	2	2	23028	900	975	23028	3780	3855
ACTG___585	2	3	28909	600	650	28909	3480	3530	28909	6360	6410
ACTG___593	2	2	25641	2370	2445	25641	5250	5325
ACTG___593	2	2	35296	900	975	35296	3780	3855
ACTG___594	2	1	26292	2550	2700
ACTG___594	2	1	46624	1080	1260
