PSCH_100	fall	3	2	12060	2010	2085	12060	4890	4965
PSCH_100	fall	3	2	12063	2100	2175	12063	4980	5055
PSCH_100	fall	3	2	12065	2280	2355	12065	5160	5235
PSCH_100	spring	2	2	14639	2010	2085	14639	4890	4965
PSCH_100	spring	2	2	21026	2280	2355	21026	5160	5235
PSCH_184	fall	1	1	35833	3840	3890
PSCH_210	fall	1	2	12074	2280	2355	12074	5160	5235
PSCH_210	spring	1	2	14642	2010	2085	14642	4890	4965
PSCH_231	fall	1	2	12077	2190	2265	12077	5070	5145
PSCH_231	spring	1	2	14644	2100	2175	14644	4980	5055
PSCH_242	fall	4	2	12126	600	650	12126	3480	3530
PSCH_242	fall	4	2	12128	720	770	12128	3600	3650
PSCH_242	fall	4	2	24936	900	950	24936	3780	3830
PSCH_242	fall	4	2	35658	960	1010	35658	3840	3890
PSCH_242	spring	3	2	14660	960	1010	14660	3840	3890
PSCH_242	spring	3	2	14661	900	950	14661	3780	3830
PSCH_242	spring	3	2	35518	660	710	35518	3540	3590
PSCH_262	fall	2	2	12131	2280	2355	12131	5160	5235
PSCH_262	fall	2	2	35659	2190	2265	35659	5070	5145
PSCH_262	spring	2	2	14662	2280	2355	14662	5160	5235
PSCH_262	spring	2	2	34610	2010	2085	34610	4890	4965
PSCH_270	fall	2	2	12133	2010	2085	12133	4890	4965
PSCH_270	fall	2	2	25933	2370	2445	25933	5250	5325
PSCH_270	spring	2	2	34612	2190	2265	34612	5070	5145
PSCH_270	spring	2	2	42588	2280	2355	42588	5160	5235
PSCH_271	fall	1	1	45163	5250	5325
PSCH_271	spring	2	1		2280	2355
PSCH_271	spring	2	1	43614	5160	5235
PSCH_303	fall	1	2	12153	660	710	12153	3540	3590
PSCH_312	fall	2	2	12221	2370	2445	12221	5250	5325
PSCH_312	fall	2	2	39255	2280	2355	39255	5160	5235
PSCH_312	spring	1	1	14677	5160	5235
PSCH_313	fall	2	1	35103	3720	3830
PSCH_313	fall	2	1	47435	3660	3770
PSCH_313	spring	4	1	27519	4980	5090
PSCH_313	spring	4	1	32224	4890	5000
PSCH_313	spring	4	1	36428	3540	3650
PSCH_313	spring	4	1	42791	5070	5180
PSCH_315	fall	1	2	37236	2280	2355	37236	5160	5235
PSCH_320	fall	1	1	12226	2370	2445
PSCH_320	spring	1	2	14679	2370	2445	14679	5250	5325
PSCH_321	fall	2	1	28557	3600	3710
PSCH_321	fall	2	1	35824	3840	3950
PSCH_324	fall	1	2	35660	2190	2265	35660	5070	5145
PSCH_324	spring	1	2	38949	2190	2265	38949	5070	5145
PSCH_331	fall	1	1	41472	3600	3710
PSCH_331	spring	1	1	41608	5250	5360
PSCH_333	fall	3	1	34587	4860	4970
PSCH_333	fall	3	1	42930	5160	5270
PSCH_333	fall	3	1	47437	4980	5090
PSCH_333	spring	3	1	34615	3420	3530
PSCH_333	spring	3	1	37194	4860	4970
PSCH_333	spring	3	1	42120	3660	3770
PSCH_340	fall	1	2	12228	2280	2355	12228	5160	5235
PSCH_340	spring	1	2	14680	2280	2355	14680	5160	5235
PSCH_343	fall	4	2	12243	2370	2445	12243	5250	5325
PSCH_343	fall	4	2	12245	2280	2355	12245	5160	5235
PSCH_343	fall	4	2	26326	2190	2265	26326	5070	5145
PSCH_343	fall	4	2	35696	2100	2175	35696	4980	5055
PSCH_343	spring	4	2	27526	2280	2355	27526	5160	5235
PSCH_343	spring	4	2	27527	2370	2445	27527	5250	5325
PSCH_343	spring	4	2	27528	2190	2265	27528	5070	5145
PSCH_343	spring	4	2	33132	2010	2085	33132	4890	4965
PSCH_350	fall	1	2	30379	2010	2085	30379	4890	4965
PSCH_351	fall	1	1	30740	4860	4970
PSCH_351	spring	1	1	45204	3480	3590
PSCH_352	fall	2	2	12247	2280	2355	12247	5160	5235
PSCH_352	fall	2	2	46821	1920	1995	46821	4800	4875
PSCH_352	spring	1	2	20937	2280	2355	20937	5160	5235
PSCH_353	fall	1	1	28566	3540	3650
PSCH_354	fall	1	2	39266	900	975	39266	3780	3855
PSCH_360	fall	1	2	31168	2370	2445	31168	5250	5325
PSCH_361	fall	1	1	28672	3600	3710
PSCH_363	fall	2	1	28674	3840	3950
PSCH_363	fall	2	1	42727	960	1070
PSCH_363	spring	1	1	27536	960	1070
PSCH_366	fall	1	2	33650	2100	2175	33650	4980	5055
PSCH_366	spring	1	2	35758	2100	2175	35758	4980	5055
PSCH_367	fall	2	1	38232	3480	3590
PSCH_367	fall	2	1	39477	3600	3710
PSCH_367	spring	1	1	38021	3600	3710
PSCH_381	fall	2	2	12251	2190	2265	12251	5070	5145
PSCH_381	fall	2	2	29069	2010	2085	29069	4890	4965
PSCH_381	spring	1	2	14705	2010	2085	14705	4890	4965
PSCH_382	fall	2	2	12254	570	645	12254	3450	3525
PSCH_382	fall	2	2	34961	2370	2445	34961	5250	5325
PSCH_382	spring	3	2	14706	480	555	14706	3360	3435
PSCH_382	spring	3	2	32704	2100	2175	32704	4980	5055
PSCH_382	spring	3	2	48545	2190	2265	48545	5070	5145
PSCH_384	spring	1	2	48075	2010	2085	48075	4890	4965
PSCH_386	fall	1	2	28715	2370	2480	28715	5250	5360
PSCH_396	fall	1	1	26972	0	0
PSCH_396	spring	1	1	25979	0	0
PSCH_397	fall	1	1	32919	0	0
PSCH_397	spring	1	1	13375	0	0
PSCH_399	fall	1	1	15497	0	0
PSCH_399	spring	1	1	13411	0	0
PSCH_411	fall	2	2	40929	2280	2355	40929	5160	5235
PSCH_411	fall	2	2	47274	2190	2265	47274	5070	5145
PSCH_415	fall	1	2	29563	2280	2355	29563	5160	5235
PSCH_417	fall	1	1	38584	3780	3950
PSCH_422	fall	1	1	12271	5340	5520
PSCH_423	fall	1	1	21799	5340	5520
PSCH_424	fall	2	1	36644	990	1170
PSCH_424	fall	2	1	36647	990	1170
PSCH_429	spring	1	1	37134	1020	1200
PSCH_443	spring	1	2	27540	840	890	27540	3720	3770
PSCH_459	fall	1	1	37261	3720	3890
PSCH_483	spring	1	2	25197	2100	2175	25197	4980	5055
PSCH_484	fall	1	2	24004	2190	2265	24004	5070	5145
PSCH_485	spring	1	2	25253	2010	2085	25253	4890	4965
PSCH_494	fall	1	1	35735	2430	2610
PSCH_505	fall	1	1	30819	2280	2450
PSCH_508	fall	1	1	12278	3840	3890
PSCH_508	spring	1	1	35799	3900	3950
PSCH_512	fall	1	1	35736	3420	3590
PSCH_513	fall	1	1	31581	3420	3590
PSCH_513	spring	1	1	34763	2100	2270
PSCH_516	fall	1	1	33654	3480	3650
PSCH_522	fall	1	2	43863	2370	2445	43863	5250	5325
PSCH_525	fall	1	1	48877	5340	5520
PSCH_526	fall	1	1	48639	2010	2180
PSCH_531	fall	1	1	19783	2010	2180
PSCH_531	spring	1	1	23199	600	770
PSCH_533	fall	1	1	34967	2010	2180
PSCH_540	fall	1	1	28680	2220	2390
PSCH_542	fall	1	2	48822	2280	2390	48822	5160	5270
PSCH_543	fall	1	2	48641	2280	2400	48641	5160	5280
PSCH_544	spring	1	2	47233	2010	2085	47233	4890	4965
PSCH_545	spring	1	2	14716	2280	2390	14716	5160	5270
PSCH_547	fall	1	2	48640	2280	2370	48640	5160	5250
PSCH_547	spring	1	2	48076	2280	2370	48076	5160	5250
PSCH_550	fall	1	1	40472	3780	3890
PSCH_551	fall	1	1	26899	3900	4080
PSCH_552	fall	1	1	48985	840	1010
PSCH_553	fall	1	1	40930	4980	5150
PSCH_554	fall	1	1	42288	840	1010
PSCH_555	fall	1	1	44690	3720	3890
PSCH_557	fall	1	1	46395	600	830
PSCH_562	fall	1	1	42455	840	1010
PSCH_564	fall	1	1	37268	840	1010
PSCH_564	spring	1	1	29776	3450	3620
PSCH_566	fall	1	1	46953	6600	6770
PSCH_570	fall	1	1	34593	540	710
PSCH_571	fall	1	1	12304	3450	3620
PSCH_574	fall	1	1	29087	4860	5030
PSCH_577	fall	3	1	34594	840	1010
PSCH_577	fall	3	1	40532	2220	2390
PSCH_577	fall	3	1	46325	2010	2180
PSCH_577	spring	1	1	27544	3660	3830
PSCH_581	fall	1	1	43672	4920	5030
PSCH_584	fall	1	1	12317	0	0
PSCH_584	spring	1	1	20410	0	0
PSCH_586	fall	1	1	42700	2280	2450
PSCH_587	fall	1	1	43676	0	0
PSCH_591	fall	1	1	37944	0	0
PSCH_591	spring	1	1	13474	0	0
PSCH_594	fall	1	1	37934	6540	6590
PSCH_594	spring	2	1	14742	3720	3770
PSCH_594	spring	2	1	48523	6540	6590
PSCH_595	fall	1	1	12328	780	890
PSCH_596	fall	1	1	15695	0	0
PSCH_596	spring	1	1	13482	0	0
PSCH_598	fall	1	1	34968	0	0
PSCH_598	spring	1	1	13518	0	0
PSCH_599	fall	1	1	35123	0	0
PSCH_599	spring	1	1	36508	0	0
