ITAL___101	7	3	12802	600	650	12802	3480	3530	12802	6360	6410
ITAL___101	7	3	12803	660	710	12803	3540	3590	12803	6420	6470
ITAL___101	7	3	12807	840	890	12807	3720	3770	12807	6600	6650
ITAL___101	7	3	14092	540	590	14092	3420	3470	14092	6300	6350
ITAL___101	7	3	14093	660	710	14093	3540	3590	14093	6420	6470
ITAL___101	7	3	27425	540	590	27425	3420	3470	27425	6300	6350
ITAL___101	7	3	28523	720	770	28523	3600	3650	28523	6480	6530
ITAL___102	5	3	12808	540	590	12808	3420	3470	12808	6300	6350
ITAL___102	5	3	12810	780	830	12810	3660	3710	12810	6540	6590
ITAL___102	5	3	14097	540	590	14097	3420	3470	14097	6300	6350
ITAL___102	5	3	28989	600	650	28989	3480	3530	28989	6360	6410
ITAL___102	5	3	30491	720	770	30491	3600	3650	30491	6480	6530
ITAL___103	3	3	12813	600	650	12813	3480	3530	12813	6360	6410
ITAL___103	3	3	20766	780	830	20766	3660	3710	20766	6540	6590
ITAL___103	3	3	24078	720	770	24078	3600	3650	24078	6480	6530
ITAL___104	4	3	12814	660	710	12814	3540	3590	12814	6420	6470
ITAL___104	4	3	14101	660	710	14101	3540	3590	14101	6420	6470
ITAL___104	4	3	29085	600	650	29085	3480	3530	29085	6360	6410
ITAL___104	4	3	30432	780	830	30432	3660	3710	30432	6540	6590
ITAL___196	1	2	44082	2280	2355	44082	5160	5235
ITAL___200	1	3	31548	720	770	31548	3600	3650	31548	6480	6530
ITAL___201	1	3	34272	720	770	34272	3600	3650	34272	6480	6530
ITAL___210	2	3	23781	600	650	23781	3480	3530	23781	6360	6410
ITAL___210	2	3	37087	720	770	37087	3600	3650	37087	6480	6530
ITAL___230	1	2	34273	2370	2445	34273	5250	5325
ITAL___270	1	2	38192	900	975	38192	3780	3855
ITAL___280	1	2	35489	900	975	35489	3780	3855
ITAL___293	1	2	37092	900	975	37092	3780	3855
ITAL___300	2	3	34070	780	830	34070	3660	3710	34070	6540	6590
ITAL___300	2	3	37089	780	830	37089	3660	3710	37089	6540	6590
ITAL___301	1	3	35490	780	830	35490	3660	3710	35490	6540	6590
ITAL___302	2	3	34274	780	830	34274	3660	3710	34274	6540	6590
ITAL___302	2	3	36379	780	830	36379	3660	3710	36379	6540	6590
ITAL___303	1	3	49131	780	830	49131	3660	3710	49131	6540	6590
