GC___470	fall	2	1	12215	5280	5330
GC___470	fall	2	1	39952	5280	5330
GC___473	fall	1	2	12216	2160	2220	12216	5040	5100
GC___473	spring	1	2	17840	2160	2210	17840	5040	5090
GC___495	spring	1	1	48012	0	0
GC___500	fall	1	1	34033	0	0
GC___500	spring	1	1	33408	0	0
GC___501	fall	1	1	38507	2490	2550
GC___509	fall	2	2	41198	2280	2390	41198	5160	5270
GC___509	fall	2	2	41861	2040	2150	41861	4920	5030
GC___510	fall	4	1	38513	3480	3590
GC___510	fall	4	1	38514	3720	3830
GC___510	fall	4	1	38517	5160	5270
GC___510	fall	4	1	38518	4920	5030
GC___510	spring	2	1	44959	3660	3770
GC___510	spring	2	1	44960	3480	3590
GC___511	spring	3	1	44962	3480	3590
GC___511	spring	3	1	44964	3720	3830
GC___511	spring	3	1	47468	4980	5090
GC___512	fall	2	1	40402	5250	5415
GC___512	fall	2	1	41199	3780	3950
GC___550	fall	1	1	48886	0	0
GC___591	fall	1	1	49519	5250	5360
GC___591	spring	1	1	48011	2370	2490
GC___592	fall	1	1	41200	2370	2480
GC___592	spring	1	1	45675	900	1010
GC___593	fall	1	1	36488	780	890
GC___593	spring	1	1	36271	3660	3770
GC___594	fall	1	1	46657	6600	6710
GC___594	spring	1	1	39874	6660	6780
