BA___100	22	1	10756	2100	2210
BA___100	22	1	10771	2370	2480
BA___100	22	1	10782	3360	3470
BA___100	22	1	10797	5250	5360
BA___100	22	1	10803	480	590
BA___100	22	1	23118	5100	5210
BA___100	22	1	37564	600	710
BA___100	22	1	37565	1920	2030
BA___100	22	1	37629	720	830
BA___100	22	1	38226	6540	6650
BA___100	22	1	38851	1080	1190
BA___100	22	1	39737	2340	2450
BA___100	22	1	40664	780	890
BA___100	22	1	43120	900	1010
BA___100	22	1	43121	3660	3770
BA___100	22	1	45337	660	770
BA___100	22	1	45339	3540	3650
BA___100	22	1	46468	5220	5330
BA___100	22	1	46976	2460	2570
BA___100	22	1	46978	840	950
BA___100	22	1	48730	4860	4970
BA___100	22	1	48744	3780	3890
BA___101	4	1	46695	6330	6405
BA___101	4	1	46697	6510	6585
BA___101	4	1	46698	6420	6495
BA___101	4	1	46743	6600	6675
BA___190	2	1	36948	5250	5340
BA___190	2	1	38896	3780	3950
BA___200	13	2	10816	2010	2085	10816	4890	4965
BA___200	13	3	10818	600	650	10818	3480	3530	10818	6360	6410
BA___200	13	2	10862	2280	2355	10862	5160	5235
BA___200	13	3	10863	720	770	10863	3600	3650	10863	6480	6530
BA___200	13	3	10868	780	830	10868	3660	3710	10868	6540	6590
BA___200	13	3	10869	960	1010	10869	3840	3890	10869	6720	6770
BA___200	13	3	10872	660	710	10872	3540	3590	10872	6420	6470
BA___200	13	3	23896	540	590	23896	3420	3470	23896	6300	6350
BA___200	13	2	32646	1920	1995	32646	4800	4875
BA___200	13	2	40902	2100	2175	40902	4980	5055
BA___200	13	3	45826	900	950	45826	3780	3830	45826	6660	6710
BA___200	13	2	48235	2370	2445	48235	5250	5325
BA___200	13	3	49022	840	890	49022	3720	3770	49022	6600	6650
BA___220	15	1	38042	1980	2090
BA___220	15	1	38044	3720	3830
BA___220	15	1	38045	3540	3650
BA___220	15	1	39185	4860	4970
BA___220	15	1	39191	540	650
BA___220	15	1	43124	660	770
BA___220	15	1	44836	1080	1190
BA___220	15	1	46607	5250	5360
BA___220	15	1	46675	4800	4910
BA___220	15	1	46676	2100	2210
BA___220	15	1	47276	3600	3710
BA___220	15	1	47280	2220	2330
BA___220	15	1	47282	600	710
BA___220	15	1	47283	3480	3590
BA___220	15	1	48473	4980	5090
BA___290	3	2	36598	2280	2355	36598	5160	5235
BA___290	3	2	37509	2040	2145	37509	4920	5025
BA___290	3	2	37510	2040	2150	37510	4920	5030
BA___320	6	1	39739	3780	3890
BA___320	6	1	40337	3360	3470
BA___320	6	1	42510	900	1010
BA___320	6	1	45338	480	590
BA___320	6	1	46608	3600	3710
BA___320	6	1	48825	840	950
BA___420	17	1	38653	900	1065
BA___420	17	1	38657	2190	2355
BA___420	17	1	38659	3960	4125
BA___420	17	1	38661	5400	5565
BA___420	17	1	39786	2550	2715
BA___420	17	1	40428	3780	3945
BA___420	17	1	41604	6360	6525
BA___420	17	1	42933	2520	2685
BA___420	17	1	42935	5070	5235
BA___420	17	1	43864	3420	3585
BA___420	17	1	43865	3600	3765
BA___420	17	1	43866	2370	2535
BA___420	17	1	43868	540	705
BA___420	17	1	43869	720	885
BA___420	17	1	45339	1080	1245
BA___420	17	1	46125	4890	5055
BA___420	17	1	46126	2010	2175
BA___520	4	1	42552	1080	1230
BA___520	4	1	42565	2370	2510
BA___520	4	1	47285	3780	3930
BA___520	4	1	48094	900	1050
