THTR_101	fall	1	2	39845	2340	2450	39845	5220	5330
THTR_105	fall	1	2	48584	2190	2265	48584	5070	5145
THTR_105	spring	1	2	37212	2190	2265	37212	5070	5145
THTR_111	fall	1	1	39868	2010	2160
THTR_121	fall	1	1	39866	540	690
THTR_122	spring	1	1	39551	540	690
THTR_140	fall	1	2	25296	2190	2265	25296	5070	5145
THTR_141	fall	1	1	40094	720	870
THTR_145	fall	1	1	40095	2340	2450
THTR_145	spring	1	1	39484	2220	2330
THTR_150	fall	1	2	13699	1980	2090	13699	4860	4970
THTR_150	spring	1	2	39482	1980	2090	39482	4860	4970
THTR_151	fall	1	2	34713	1980	2090	34713	4860	4970
THTR_152	fall	1	1	50297	3420	3650
THTR_152	spring	1	2	46624	540	650	46624	3420	3530
THTR_153	fall	1	2	45299	1980	2090	45299	4860	4970
THTR_154	spring	1	1	44457	780	890
THTR_155	fall	1	2	38582	2220	2330	38582	5100	5210
THTR_155	spring	1	2	39483	2220	2330	39483	5100	5210
THTR_156	spring	1	2	45226	540	650	45226	3420	3530
THTR_157	fall	1	2	45300	780	890	45300	3660	3770
THTR_158	fall	1	1	45332	4860	4970
THTR_162	spring	1	1	39764	2100	2210
THTR_170	fall	1	1	45301	540	770
THTR_201	fall	1	2	39867	2100	2175	39867	4980	5055
THTR_201	spring	1	2	47888	2340	2430	47888	5220	5310
THTR_211	fall	1	1	39854	2190	2340
THTR_212	spring	1	1	39553	540	690
THTR_217	spring	1	1	39492	720	890
THTR_221	fall	1	1	39856	540	690
THTR_222	spring	1	1	39552	720	870
THTR_230	fall	1	2	37434	2340	2450	37434	5220	5330
THTR_230	spring	1	2	38254	780	890	38254	3660	3770
THTR_240	fall	1	2	41017	2100	2210	41017	4980	5090
THTR_241	spring	1	1	39495	720	870
THTR_250	fall	1	2	48680	2100	2210	48680	4980	5090
THTR_251	spring	1	2	45223	660	770	45223	3540	3650
THTR_252	fall	1	2	46144	540	650	46144	3420	3530
THTR_253	fall	1	1	49153	3420	3650
THTR_253	spring	1	2	46626	1980	2090	46626	4860	4970
THTR_254	fall	1	2	39853	2100	2160	39853	4980	5040
THTR_255	fall	1	2	13716	2100	2210	13716	4980	5090
THTR_255	spring	1	2	45225	2220	2330	45225	5100	5210
THTR_256	fall	2	2	30699	540	650	30699	3420	3530
THTR_256	fall	2	1	47443	4860	4970
THTR_258	spring	1	1	46627	660	770
THTR_259	fall	1	1	30632	3780	3890
THTR_259	spring	1	1	42865	540	650
THTR_261	fall	1	1	25100	720	870
THTR_264	spring	1	1	39549	1980	2130
THTR_271	fall	1	1	46408	3540	3615
THTR_311	fall	1	1	39855	2010	2160
THTR_312	spring	1	1	39554	720	870
THTR_317	fall	1	1	41179	2220	2330
THTR_321	fall	1	1	39869	720	870
THTR_322	spring	1	1	39766	540	690
THTR_331	fall	1	2	43607	900	1010	43607	3780	3890
THTR_331	spring	1	2	47456	900	1010	47456	3780	3890
THTR_333	fall	1	2	49164	2340	2450	49164	5220	5330
THTR_333	spring	1	2	39499	2220	2330	39499	5100	5210
THTR_341	spring	1	1	40718	2010	2130
THTR_351	fall	1	1	45333	1980	2090
THTR_355	fall	1	2	47162	2100	2210	47162	4980	5090
THTR_358	fall	1	1	46406	3420	3530
THTR_361	fall	1	2	39857	540	690	39857	3420	3570
THTR_362	spring	1	2	39724	1980	2090	39724	4860	4970
THTR_384	fall	1	2	38533	900	1010	38533	3780	3890
THTR_388	fall	1	1	42793	900	1010
THTR_388	spring	1	1	39503	3780	3870
THTR_403	fall	1	2	47445	2220	2330	47445	5100	5210
THTR_413	fall	1	1	39397	2190	2340
THTR_421	fall	1	1	39870	2010	2160
THTR_422	spring	1	1	39765	2160	2310
THTR_431	fall	1	2	45100	2340	2450	45100	5220	5330
THTR_431	spring	1	2	39501	2340	2450	39501	5220	5330
THTR_435	fall	1	1	39951	2220	2330
THTR_445	fall	2	3	25258	720	770	25258	3600	3650	25258	6480	6530
THTR_445	fall	2	3	25259	720	770	25259	3600	3650	25259	6480	6530
THTR_448	spring	1	2	44138	780	890	44138	3660	3770
THTR_450	fall	1	2	42560	2100	2210	42560	4980	5090
THTR_450	spring	1	2	42878	1980	2210	42878	4860	5090
THTR_461	fall	1	2	39858	540	690	39858	3420	3570
