SPAN_101	9	3	27349	600	650	27349	3480	3530	27349	6360	6410
SPAN_101	9	3	29228	900	950	29228	3780	3830	29228	6660	6710
SPAN_101	9	3	29763	540	590	29763	3420	3470	29763	6300	6350
SPAN_101	9	3	29765	1020	1070	29765	3900	3950	29765	6780	6830
SPAN_101	9	3	30983	660	710	30983	3540	3590	30983	6420	6470
SPAN_101	9	3	30984	720	770	30984	3600	3650	30984	6480	6530
SPAN_101	9	3	32235	840	890	32235	3720	3770	32235	6600	6650
SPAN_101	9	3	32236	480	530	32236	3360	3410	32236	6240	6290
SPAN_101	9	3	33188	780	830	33188	3660	3710	33188	6540	6590
SPAN_102	7	3	29068	720	770	29068	3600	3650	29068	6480	6530
SPAN_102	7	3	29768	480	530	29768	3360	3410	29768	6240	6290
SPAN_102	7	3	29769	840	890	29769	3720	3770	29769	6600	6650
SPAN_102	7	3	29770	600	650	29770	3480	3530	29770	6360	6410
SPAN_102	7	3	29775	780	830	29775	3660	3710	29775	6540	6590
SPAN_102	7	3	29777	540	590	29777	3420	3470	29777	6300	6350
SPAN_102	7	3	30558	660	710	30558	3540	3590	30558	6420	6470
SPAN_103	10	3	13030	1020	1070	13030	3900	3950	13030	6780	6830
SPAN_103	10	3	13035	840	890	13035	3720	3770	13035	6600	6650
SPAN_103	10	3	13041	660	710	13041	3540	3590	13041	6420	6470
SPAN_103	10	3	13056	600	650	13056	3480	3530	13056	6360	6410
SPAN_103	10	3	13061	540	590	13061	3420	3470	13061	6300	6350
SPAN_103	10	3	27330	480	530	27330	3360	3410	27330	6240	6290
SPAN_103	10	3	27404	960	1010	27404	3840	3890	27404	6720	6770
SPAN_103	10	3	32240	900	950	32240	3780	3830	32240	6660	6710
SPAN_103	10	3	32241	780	830	32241	3660	3710	32241	6540	6590
SPAN_103	10	3	38927	720	770	38927	3600	3650	38927	6480	6530
SPAN_104	10	3	13081	720	770	13081	3600	3650	13081	6480	6530
SPAN_104	10	3	13089	660	710	13089	3540	3590	13089	6420	6470
SPAN_104	10	3	13094	1020	1070	13094	3900	3950	13094	6780	6830
SPAN_104	10	3	13097	900	950	13097	3780	3830	13097	6660	6710
SPAN_104	10	3	13107	540	590	13107	3420	3470	13107	6300	6350
SPAN_104	10	3	13111	600	650	13111	3480	3530	13111	6360	6410
SPAN_104	10	3	13112	480	530	13112	3360	3410	13112	6240	6290
SPAN_104	10	3	23160	840	890	23160	3720	3770	23160	6600	6650
SPAN_104	10	3	27355	780	830	27355	3660	3710	27355	6540	6590
SPAN_104	10	3	30562	1080	1130	30562	3960	4010	30562	6840	6890
SPAN_113	8	3	13301	840	890	13301	3720	3770	13301	6600	6650
SPAN_113	8	3	41686	600	650	41686	3480	3530	41686	6360	6410
SPAN_113	8	3	41787	900	950	41787	3780	3830	41787	6660	6710
SPAN_113	8	3	41789	540	590	41789	3420	3470	41789	6300	6350
SPAN_113	8	3	42142	720	770	42142	3600	3650	42142	6480	6530
SPAN_113	8	3	42144	780	830	42144	3660	3710	42144	6540	6590
SPAN_113	8	3	42957	660	710	42957	3540	3590	42957	6420	6470
SPAN_113	8	3	43315	480	530	43315	3360	3410	43315	6240	6290
SPAN_114	8	3	13118	600	650	13118	3480	3530	13118	6360	6410
SPAN_114	8	3	29117	900	950	29117	3780	3830	29117	6660	6710
SPAN_114	8	3	38766	540	590	38766	3420	3470	38766	6300	6350
SPAN_114	8	3	40463	840	890	40463	3720	3770	40463	6600	6650
SPAN_114	8	3	42146	660	710	42146	3540	3590	42146	6420	6470
SPAN_114	8	3	42148	480	530	42148	3360	3410	42148	6240	6290
SPAN_114	8	3	42152	720	770	42152	3600	3650	42152	6480	6530
SPAN_114	8	3	42154	780	830	42154	3660	3710	42154	6540	6590
SPAN_192	1	1	33412	2100	2175
SPAN_196	1	2	44081	2280	2355	44081	5160	5235
SPAN_200	2	3	27905	600	650	27905	3480	3530	27905	6360	6410
SPAN_200	2	2	33686	2010	2085	33686	4890	4965
SPAN_202	7	2	28334	2100	2175	28334	4980	5055
SPAN_202	7	2	28575	2010	2085	28575	4890	4965
SPAN_202	7	2	28576	480	555	28576	3360	3435
SPAN_202	7	2	28577	570	645	28577	3450	3525
SPAN_202	7	2	29176	2370	2445	29176	5250	5325
SPAN_202	7	2	30880	2280	2355	30880	5160	5235
SPAN_202	7	2	41537	2190	2265	41537	5070	5145
SPAN_203	3	2	28490	2010	2085	28490	4890	4965
SPAN_203	3	3	33687	540	590	33687	3420	3470	33687	6300	6350
SPAN_203	3	2	42135	1920	1995	42135	4800	4875
SPAN_204	5	3	28492	660	710	28492	3540	3590	28492	6420	6470
SPAN_204	5	2	40449	1920	1995	40449	4800	4875
SPAN_204	5	2	41653	2370	2445	41653	5250	5325
SPAN_204	5	3	41654	780	830	41654	3660	3710	41654	6540	6590
SPAN_204	5	3	42130	840	890	42130	3720	3770	42130	6600	6650
SPAN_206	5	2	45029	2100	2175	45029	4980	5055
SPAN_206	5	2	46387	2190	2265	46387	5070	5145
SPAN_206	5	2	46388	2010	2085	46388	4890	4965
SPAN_206	5	2	46389	570	645	46389	3450	3525
SPAN_206	5	2	47028	2280	2355	47028	5160	5235
SPAN_207	1	2	39296	2370	2445	39296	5250	5325
SPAN_210	4	2	23592	900	975	23592	3780	3855
SPAN_210	4	2	25721	2280	2355	25721	5160	5235
SPAN_210	4	2	30841	2100	2175	30841	4980	5055
SPAN_210	4	2	38929	2190	2265	38929	5070	5145
SPAN_212	2	2	46390	2370	2445	46390	5250	5325
SPAN_212	2	2	46618	900	975	46618	3780	3855
SPAN_220	1	3	32242	720	770	32242	3600	3650	32242	6480	6530
SPAN_221	2	3	33271	780	830	33271	3660	3710	33271	6540	6590
SPAN_221	2	3	46650	720	770	46650	3600	3650	46650	6480	6530
SPAN_225	2	1	34292	5070	5145
SPAN_225	2	1	43745	2010	2085
SPAN_226	1	2	47894	2190	2265	47894	5070	5145
SPAN_228	1	2	33274	2370	2445	33274	5250	5325
SPAN_230	1	2	28155	900	975	28155	3780	3855
SPAN_278	1	1	34809	2460	2535
SPAN_295	2	2	33861	900	975	33861	3780	3855
SPAN_295	2	2	34684	2280	2355	34684	5160	5235
SPAN_302	2	2	48083	2100	2175	48083	4980	5055
SPAN_302	2	2	48384	2010	2085	48384	4890	4965
SPAN_303	4	2	20747	2190	2265	20747	5070	5145
SPAN_303	4	2	25722	2010	2085	25722	4890	4965
SPAN_303	4	2	42131	2100	2175	42131	4980	5055
SPAN_303	4	2	42132	2280	2355	42132	5160	5235
SPAN_320	1	3	23777	660	710	23777	3540	3590	23777	6420	6470
SPAN_321	1	3	49136	780	830	49136	3660	3710	49136	6540	6590
SPAN_328	2	2	29752	2280	2355	29752	5160	5235
SPAN_328	2	3	48852	720	770	48852	3600	3650	48852	6480	6530
SPAN_361	1	1	44738	2280	2355
SPAN_362	1	2	28578	2190	2265	28578	5070	5145
SPAN_363	2	2	34212	2280	2355	34212	5160	5235
SPAN_363	2	2	37123	900	975	37123	3780	3855
SPAN_364	1	2	38182	2370	2445	38182	5250	5325
SPAN_365	1	2	35544	570	645	35544	3450	3525
SPAN_366	2	2	34213	570	645	34213	3450	3525
SPAN_366	2	2	43318	2100	2175	43318	4980	5055
SPAN_375	2	2	34293	2280	2355	34293	5160	5235
SPAN_375	2	3	39782	780	830	39782	3660	3710	39782	6540	6590
SPAN_377	2	2	31522	2100	2175	31522	4980	5055
SPAN_377	2	2	42720	2190	2265	42720	5070	5145
SPAN_378	1	2	42133	2190	2265	42133	5070	5145
SPAN_379	1	1	37277	3780	3830
SPAN_406	1	1	31524	3960	4110
SPAN_407	1	1	33301	2370	2520
SPAN_409	1	2	35551	2100	2175	35551	4980	5055
SPAN_411	1	1	37125	1020	1185
SPAN_414	1	1	35546	960	1140
SPAN_421	1	1	42134	2550	2700
SPAN_427	1	2	34742	2280	2355	34742	5160	5235
SPAN_430	1	1	38183	2460	2610
SPAN_434	1	2	38713	990	1065	38713	3870	3945
SPAN_435	1	1	26423	5250	5400
SPAN_440	2	1	37126	2460	2625
SPAN_440	2	1	41320	3960	4110
SPAN_448	1	1	13146	5250	5400
SPAN_449	1	1	19669	5250	5400
SPAN_451	1	1	13147	3840	3950
SPAN_487	1	2	48635	570	645	48635	3450	3525
SPAN_494	2	1	34311	2370	2520
SPAN_494	2	1	37279	5340	5505
SPAN_500	1	1	48385	5430	5580
SPAN_501	1	1	48234	5430	5580
SPAN_505	3	2	36567	2280	2355	36567	5160	5235
SPAN_505	3	1	39954	5160	5310
SPAN_505	3	1	41536	2370	2520
SPAN_507	1	1	38184	5430	5580
SPAN_509	1	2	46540	2370	2445	46540	5250	5325
SPAN_511	1	2	48052	2190	2265	48052	5070	5145
SPAN_512	1	2	46458	990	1065	46458	3870	3945
SPAN_515	1	1	38185	4890	5040
SPAN_516	1	1	48899	2370	2520
SPAN_517	1	1	48092	2370	2520
SPAN_520	1	1	34296	2460	2625
SPAN_523	2	1	34747	1020	1185
SPAN_523	2	1	37870	5250	5400
SPAN_525	1	1	33309	990	1140
SPAN_535	1	1	49137	5340	5490
SPAN_551	2	1	35549	1020	1185
SPAN_551	2	1	38482	3960	4110
SPAN_556	1	1	37127	1050	1200
SPAN_557	1	2	34295	2100	2175	34295	4980	5055
SPAN_570	1	1	47030	2460	2610
SPAN_594	3	1	35554	1020	1170
SPAN_594	3	1	38403	3780	3930
SPAN_594	3	1	39843	3960	4110
