LITH_101	fall	1	2	34319	480	555	34319	3360	3435
LITH_102	spring	1	2	34457	480	555	34457	3360	3435
LITH_103	fall	1	2	35559	1920	1995	35559	4800	4875
LITH_104	spring	1	2	35480	1920	1995	35480	4800	4875
LITH_115	fall	1	2	20699	2010	2085	20699	4890	4965
LITH_115	spring	1	2	17548	2010	2085	17548	4890	4965
LITH_130	fall	1	2	39298	570	645	39298	3450	3525
LITH_399	fall	1	1	19445	0	0
LITH_399	spring	1	1	17550	0	0
LITH_499	fall	1	1	19446	0	0
LITH_499	spring	1	1	17551	0	0
LITH_596	fall	1	1	19447	0	0
LITH_596	spring	1	1	17554	0	0
