ACTG_210	fall	7	3	27833	600	650	27833	3480	3530	27833	6360	6410
ACTG_210	fall	7	3	27834	660	710	27834	3540	3590	27834	6420	6470
ACTG_210	fall	7	3	38058	540	590	38058	3420	3470	38058	6300	6350
ACTG_210	fall	7	3	39315	660	710	39315	3540	3590	39315	6420	6470
ACTG_210	fall	7	3	40403	600	650	40403	3480	3530	40403	6360	6410
ACTG_210	fall	7	3	41749	840	890	41749	3720	3770	41749	6600	6650
ACTG_210	fall	7	3	45726	780	830	45726	3660	3710	45726	6540	6590
ACTG_210	spring	13	2	27456	900	975	27456	3780	3855
ACTG_210	spring	13	2	27502	2100	2175	27502	4980	5055
ACTG_210	spring	13	2	45284	2100	2175	45284	4980	5055
ACTG_210	spring	13	2	46525	990	1065	46525	3870	3945
ACTG_210	spring	13	2	48334	750	825	48334	3630	3705
ACTG_210	spring	13	2	48336	2190	2265	48336	5070	5145
ACTG_210	spring	13	2	48337	2280	2355	48337	5160	5235
ACTG_210	spring	13	2	48339	2010	2085	48339	4890	4965
ACTG_210	spring	13	2	48340	570	645	48340	3450	3525
ACTG_210	spring	13	2	48341	2010	2085	48341	4890	4965
ACTG_210	spring	13	2	48342	2100	2175	48342	4980	5055
ACTG_210	spring	13	2	48343	660	735	48343	3540	3615
ACTG_210	spring	13	2	48344	840	915	48344	3720	3795
ACTG_211	fall	9	2	27837	840	915	27837	3720	3795
ACTG_211	fall	9	2	46101	570	645	46101	3450	3525
ACTG_211	fall	9	2	46102	660	735	46102	3540	3615
ACTG_211	fall	9	2	46103	750	825	46103	3630	3705
ACTG_211	fall	9	2	46104	2010	2085	46104	4890	4965
ACTG_211	fall	9	2	46105	2010	2085	46105	4890	4965
ACTG_211	fall	9	2	46106	2100	2175	46106	4980	5055
ACTG_211	fall	9	2	47145	2190	2265	47145	5070	5145
ACTG_211	fall	9	2	47146	2280	2355	47146	5160	5235
ACTG_211	spring	6	2	27458	2190	2265	27458	5070	5145
ACTG_211	spring	6	2	27460	2100	2175	27460	4980	5055
ACTG_211	spring	6	2	44856	2280	2355	44856	5160	5235
ACTG_211	spring	6	2	44859	900	975	44859	3780	3855
ACTG_211	spring	6	2	44860	570	645	44860	3450	3525
ACTG_211	spring	6	2	44861	480	555	44861	3360	3435
ACTG_315	fall	4	2	10036	2280	2355	10036	5160	5235
ACTG_315	fall	4	2	10039	2190	2265	10039	5070	5145
ACTG_315	fall	4	2	10045	2100	2175	10045	4980	5055
ACTG_315	fall	4	2	33129	2460	2535	33129	5340	5415
ACTG_315	spring	4	2	17766	2190	2265	17766	5070	5145
ACTG_315	spring	4	2	17767	2100	2175	17767	4980	5055
ACTG_315	spring	4	2	22547	2280	2355	22547	5160	5235
ACTG_315	spring	4	2	47371	2370	2445	47371	5250	5325
ACTG_316	fall	4	2	10048	2280	2355	10048	5160	5235
ACTG_316	fall	4	2	10052	2460	2535	10052	5340	5415
ACTG_316	fall	4	2	40570	2370	2445	40570	5250	5325
ACTG_316	fall	4	2	50381	900	975	50381	3780	3855
ACTG_316	spring	3	3	17770	720	770	17770	3600	3650	17770	6480	6530
ACTG_316	spring	3	3	17771	780	830	17771	3660	3710	17771	6540	6590
ACTG_316	spring	3	3	41916	840	890	41916	3720	3770	41916	6600	6650
ACTG_326	fall	3	2	10059	900	975	10059	3780	3855
ACTG_326	fall	3	2	10061	990	1065	10061	3870	3945
ACTG_326	fall	3	2	40746	1080	1155	40746	3960	4035
ACTG_326	spring	3	3	21884	540	590	21884	3420	3470	21884	6300	6350
ACTG_326	spring	3	3	21885	840	890	21885	3720	3770	21885	6600	6650
ACTG_326	spring	3	3	41766	600	650	41766	3480	3530	41766	6360	6410
ACTG_355	fall	3	3	10066	780	830	10066	3660	3710	10066	6540	6590
ACTG_355	fall	3	3	10069	840	890	10069	3720	3770	10069	6600	6650
ACTG_355	fall	3	2	32198	2280	2355	32198	5160	5235
ACTG_355	spring	2	3	17775	780	830	17775	3660	3710	17775	6540	6590
ACTG_355	spring	2	3	33509	840	890	33509	3720	3770	33509	6600	6650
ACTG_392	fall	3	2	49649	2190	2265	49649	5070	5145
ACTG_392	fall	3	2	49650	2280	2355	49650	5160	5235
ACTG_392	fall	3	2	49773	2370	2445	49773	5250	5325
ACTG_392	spring	3	2	47907	2280	2355	47907	5160	5235
ACTG_392	spring	3	2	47908	2370	2445	47908	5250	5325
ACTG_392	spring	3	2	47909	2460	2535	47909	5340	5415
ACTG_396	fall	1	1	33130	0	0
ACTG_396	spring	1	1	10016	0	0
ACTG_417	fall	2	2	10072	2460	2535	10072	5340	5415
ACTG_417	fall	2	2	19567	2460	2535	19567	5340	5415
ACTG_417	spring	2	2	17776	990	1065	17776	3870	3945
ACTG_417	spring	2	2	19093	990	1065	19093	3870	3945
ACTG_435	fall	6	2	10080	480	555	10080	3360	3435
ACTG_435	fall	6	2	10092	570	645	10092	3450	3525
ACTG_435	fall	6	2	34262	900	975	34262	3780	3855
ACTG_435	fall	6	2	34748	480	555	34748	3360	3435
ACTG_435	fall	6	2	34749	570	645	34749	3450	3525
ACTG_435	fall	6	2	34750	900	975	34750	3780	3855
ACTG_435	spring	6	2	17777	570	645	17777	3450	3525
ACTG_435	spring	6	2	17778	900	975	17778	3780	3855
ACTG_435	spring	6	2	20481	570	645	20481	3450	3525
ACTG_435	spring	6	2	20489	900	975	20489	3780	3855
ACTG_435	spring	6	2	43251	480	555	43251	3360	3435
ACTG_435	spring	6	2	43252	480	555	43252	3360	3435
ACTG_444	fall	1	2	49229	1920	1995	49229	4800	4875
ACTG_445	fall	6	2	10115	2100	2175	10115	4980	5055
ACTG_445	fall	6	2	19578	2100	2175	19578	4980	5055
ACTG_445	fall	6	2	43312	2190	2265	43312	5070	5145
ACTG_445	fall	6	2	43313	2190	2265	43313	5070	5145
ACTG_445	fall	6	2	47160	2370	2445	47160	5250	5325
ACTG_445	fall	6	2	47161	2370	2445	47161	5250	5325
ACTG_445	spring	6	2	17780	2100	2175	17780	4980	5055
ACTG_445	spring	6	2	19101	2100	2175	19101	4980	5055
ACTG_445	spring	6	2	36993	2280	2355	36993	5160	5235
ACTG_445	spring	6	2	36995	2280	2355	36995	5160	5235
ACTG_445	spring	6	2	40917	2190	2265	40917	5070	5145
ACTG_445	spring	6	2	40919	2190	2265	40919	5070	5145
ACTG_446	fall	4	2	10116	480	555	10116	3360	3435
ACTG_446	fall	4	2	19580	480	555	19580	3360	3435
ACTG_446	fall	4	2	48837	570	645	48837	3450	3525
ACTG_446	fall	4	2	48838	570	645	48838	3450	3525
ACTG_446	spring	4	2	17781	2190	2265	17781	5070	5145
ACTG_446	spring	4	2	19105	2190	2265	19105	5070	5145
ACTG_446	spring	4	2	36998	2370	2445	36998	5250	5325
ACTG_446	spring	4	2	36999	2370	2445	36999	5250	5325
ACTG_447	fall	2	2	50304	990	1065	50304	3870	3945
ACTG_447	fall	2	2	50305	990	1065	50305	3870	3945
ACTG_456	fall	2	2	10117	2100	2175	10117	4980	5055
ACTG_456	fall	2	2	19581	2100	2175	19581	4980	5055
ACTG_456	spring	2	2	17783	2190	2265	17783	5070	5145
ACTG_456	spring	2	2	19107	2190	2265	19107	5070	5145
ACTG_465	fall	2	2	10119	2460	2535	10119	5340	5415
ACTG_465	fall	2	2	19582	2460	2535	19582	5340	5415
ACTG_470	fall	6	2	34265	2370	2445	34265	5250	5325
ACTG_470	fall	6	2	34266	2370	2445	34266	5250	5325
ACTG_470	fall	6	3	34267	600	650	34267	3480	3530	34267	6360	6410
ACTG_470	fall	6	3	34268	600	650	34268	3480	3530	34268	6360	6410
ACTG_470	fall	6	3	39705	660	710	39705	3540	3590	39705	6420	6470
ACTG_470	fall	6	3	39706	660	710	39706	3540	3590	39706	6420	6470
ACTG_470	spring	4	3	34147	600	650	34147	3480	3530	34147	6360	6410
ACTG_470	spring	4	3	34148	600	650	34148	3480	3530	34148	6360	6410
ACTG_470	spring	4	3	37009	540	590	37009	3420	3470	37009	6300	6350
ACTG_470	spring	4	3	37010	540	590	37010	3420	3470	37010	6300	6350
ACTG_474	fall	6	3	10132	900	950	10132	3780	3830	10132	6660	6710
ACTG_474	fall	6	3	19583	900	950	19583	3780	3830	19583	6660	6710
ACTG_474	fall	6	3	32199	780	830	32199	3660	3710	32199	6540	6590
ACTG_474	fall	6	3	32200	780	830	32200	3660	3710	32200	6540	6590
ACTG_474	fall	6	3	35092	840	890	35092	3720	3770	35092	6600	6650
ACTG_474	fall	6	3	35100	840	890	35100	3720	3770	35100	6600	6650
ACTG_474	spring	8	3	17785	600	650	17785	3480	3530	17785	6360	6410
ACTG_474	spring	8	3	17786	720	770	17786	3600	3650	17786	6480	6530
ACTG_474	spring	8	3	19110	600	650	19110	3480	3530	19110	6360	6410
ACTG_474	spring	8	3	19111	720	770	19111	3600	3650	19111	6480	6530
ACTG_474	spring	8	3	40920	660	710	40920	3540	3590	40920	6420	6470
ACTG_474	spring	8	3	40921	660	710	40921	3540	3590	40921	6420	6470
ACTG_474	spring	8	3	41769	780	830	41769	3660	3710	41769	6540	6590
ACTG_474	spring	8	3	41770	780	830	41770	3660	3710	41770	6540	6590
ACTG_475	fall	2	1	10166	3780	3930
ACTG_475	fall	2	1	19585	3780	3930
ACTG_475	spring	2	2	17787	2280	2355	17787	5160	5235
ACTG_475	spring	2	2	19112	2280	2355	19112	5160	5235
ACTG_476	fall	1	1	44103	0	0
ACTG_476	spring	2	1	42724	3960	4110
ACTG_476	spring	2	1	42767	3960	4110
ACTG_484	fall	2	2	35093	2370	2445	35093	5250	5325
ACTG_484	fall	2	2	35101	2370	2445	35101	5250	5325
ACTG_485	fall	2	3	49158	780	830	49158	3660	3710	49158	6540	6590
ACTG_485	fall	2	3	49159	780	830	49159	3660	3710	49159	6540	6590
ACTG_485	spring	2	2	47215	900	975	47215	3780	3855
ACTG_485	spring	2	2	47216	900	975	47216	3780	3855
ACTG_492	fall	2	3	46140	600	650	46140	3480	3530	46140	6360	6410
ACTG_492	fall	2	3	46141	600	650	46141	3480	3530	46141	6360	6410
ACTG_492	spring	2	1	44549	2520	2685
ACTG_492	spring	2	1	44550	2520	2685
ACTG_493	fall	2	2	35396	900	975	35396	3780	3855
ACTG_493	fall	2	2	35397	900	975	35397	3780	3855
ACTG_493	spring	4	2	34149	990	1065	34149	3870	3945
ACTG_493	spring	4	2	34150	990	1065	34150	3870	3945
ACTG_493	spring	4	2	34151	900	975	34151	3780	3855
ACTG_493	spring	4	2	34152	900	975	34152	3780	3855
ACTG_494	fall	3	1	36439	1080	1260
ACTG_494	fall	3	1	39913	1080	1260
ACTG_494	fall	3	2	43877	2370	2445	43877	5250	5325
ACTG_494	spring	2	1	24959	2550	2700
ACTG_494	spring	2	1	24960	2550	2700
ACTG_495	fall	2	2		780	830		3660	3710
ACTG_495	fall	2	1	49160	6540	6650
ACTG_495	spring	2	2		780	830		3660	3710
ACTG_495	spring	2	1	47910	6540	6650
ACTG_500	fall	2	2	10175	990	1065	10175	3870	3945
ACTG_500	fall	2	1	10176	3960	4125
ACTG_500	spring	1	1	45972	5430	5580
ACTG_502	fall	2	2	10190	2460	2535	10190	5340	5415
ACTG_502	fall	2	2	50495	2280	2355	50495	5160	5235
ACTG_502	spring	1	1	47742	0	0
ACTG_503	fall	1	2	32551	2460	2535	32551	5340	5415
ACTG_503	spring	1	3	17797	840	890	17797	3720	3770	17797	6600	6650
ACTG_506	fall	1	1	10193	0	0
ACTG_506	spring	1	3	17799	840	890	17799	3720	3770	17799	6600	6650
ACTG_508	fall	1	2	27831	2190	2265	27831	5070	5145
ACTG_508	spring	1	2	17803	2100	2175	17803	4980	5055
ACTG_509	fall	1	1	10196	0	0
ACTG_509	spring	1	2	32706	2190	2265	32706	5070	5145
ACTG_510	fall	1	1	42985	0	0
ACTG_516	fall	1	1	10202	1080	1245
ACTG_516	spring	1	1	35295	5400	5565
ACTG_525	fall	1	1	33144	0	0
ACTG_534	fall	1	2	36154	900	975	36154	3780	3855
ACTG_534	spring	1	2	37016	900	975	37016	3780	3855
ACTG_535	fall	1	1	35398	0	0
ACTG_537	fall	1	1	39329	3960	4140
ACTG_537	spring	1	1	22551	3960	4125
ACTG_545	fall	1	2	50517	990	1065	50517	3870	3945
ACTG_565	fall	1	1	31520	0	0
ACTG_570	fall	2	3	33270	660	710	33270	3540	3590	33270	6420	6470
ACTG_570	fall	2	2	50514	2370	2445	50514	5250	5325
ACTG_570	spring	1	3	27467	540	590	27467	3420	3470	27467	6300	6350
ACTG_585	fall	1	3	28909	780	830	28909	3660	3710	28909	6540	6590
ACTG_585	spring	1	2	23028	900	975	23028	3780	3855
ACTG_590	fall	1	1	29589	0	0
ACTG_593	fall	1	2	25641	900	975	25641	3780	3855
ACTG_593	spring	1	2	35296	900	975	35296	3780	3855
ACTG_594	fall	1	1	46624	1080	1260
ACTG_594	spring	1	1	26292	2550	2700
ACTG_596	fall	1	1	37316	0	0
ACTG_596	spring	1	1	10019	0	0
ACTG_599	fall	1	1	42006	0	0
ACTG_599	spring	1	1	37114	0	0
