PHYS_100	fall	5	3	39514	660	710	39514	3540	3590	39514	6420	6470
PHYS_100	fall	5	3	39517	2040	2140	39517	3480	3580	39517	6360	6460
PHYS_100	fall	5	3	39518	780	830	39518	3660	3710	39518	6540	6590
PHYS_100	fall	5	3	40041	600	650	40041	3480	3530	40041	6360	6410
PHYS_100	fall	5	3	42027	840	890	42027	3720	3770	42027	6600	6650
PHYS_100	spring	1	3	39055	780	830	39055	3660	3710	39055	6540	6590
PHYS_112	fall	1	2	19356	2280	2355	19356	5160	5235
PHYS_112	spring	1	2	16990	2280	2355	16990	5160	5235
PHYS_118	fall	1	2	48299	2010	2085	48299	4890	4965
PHYS_131	fall	5	6		2010	2085		4890	4965		660	710		2370	2445		5250	5325		1020	1070
PHYS_131	fall	5	1	43417	540	590
PHYS_131	fall	5	2	43418	2100	2175	43418	4980	5055
PHYS_131	fall	5	1	43419	900	950
PHYS_131	fall	5	2	44647	2460	2535	44647	5340	5415
PHYS_131	spring	4	2	42589	2100	2175	42589	4980	5055
PHYS_131	spring	4	2	42590	2370	2445	42590	5250	5325
PHYS_131	spring	4	2	43431	2010	2085	43431	4890	4965
PHYS_131	spring	4	2	47751	1920	1995	47751	4800	4875
PHYS_132	fall	4	4		840	890		2190	2265		5070	5145		1950	2055
PHYS_132	fall	4	2	44671	480	530	44671	6240	6290
PHYS_132	fall	4	1	44672	720	770
PHYS_132	fall	4	2	44673	2280	2355	44673	5160	5235
PHYS_132	spring	4	4		2190	2265		5070	5145		840	890		1020	1070
PHYS_132	spring	4	1	42592	720	770
PHYS_132	spring	4	2	42593	2280	2355	42593	5160	5235
PHYS_132	spring	4	2	42594	2460	2535	42594	5340	5415
PHYS_141	fall	6	12		3540	3590		6420	6470		660	710		840	890		3780	3830		6660	6710		6720	6770		2010	2085		4890	4965		900	950		6660	6710		6720	6770
PHYS_141	fall	6	1	19369	6360	6410
PHYS_141	fall	6	1	19377	900	950
PHYS_141	fall	6	1	19381	540	590
PHYS_141	fall	6	2	34175	2280	2355	34175	5160	5235
PHYS_141	fall	6	1	34176	3660	3710
PHYS_141	spring	3	4		2010	2085		4890	4965		2370	2445		5250	5325
PHYS_141	spring	3	1	17009	900	950
PHYS_141	spring	3	1	26635	540	590
PHYS_142	fall	6	8		660	710		2190	2265		5070	5145		840	890		3720	3770		6600	6650		900	950		3720	3770
PHYS_142	fall	6	1	22369	720	770
PHYS_142	fall	6	2	26131	2100	2175	26131	4980	5055
PHYS_142	fall	6	1	27135	6540	6590
PHYS_142	fall	6	2	34179	2100	2175	34179	4980	5055
PHYS_142	fall	6	3	38464	540	590	38464	3420	3470	38464	6300	6350
PHYS_142	spring	3	3		660	710		2190	2265		5070	5145
PHYS_142	spring	3	1	17025	720	770
PHYS_142	spring	3	2	33802	2100	2175	33802	4980	5055
PHYS_144	fall	1	1	21505	3900	4010
PHYS_144	spring	1	1	17026	3900	4010
PHYS_145	fall	1	1	32394	3900	4010
PHYS_145	spring	1	1	31062	3900	4010
PHYS_215	fall	1	2	38375	720	830	38375	3600	3710
PHYS_230	fall	1	2	39515	2280	2355	39515	5160	5235
PHYS_240	fall	1	2	39516	2190	2265	39516	5070	5145
PHYS_240	spring	1	2	39056	2190	2265	39056	5070	5145
PHYS_241	fall	1	1	39773	3600	3710
PHYS_241	spring	1	1	39057	5160	5270
PHYS_245	spring	1	2	17037	2010	2085	17037	4890	4965
PHYS_260	fall	1	1	47095	2460	2510
PHYS_260	spring	1	1	46358	2460	2510
PHYS_401	fall	2	2		2370	2445		5250	5325
PHYS_401	fall	2	1	19412	900	950
PHYS_402	spring	2	2		2370	2445		5250	5325
PHYS_402	spring	2	1	17042	900	950
PHYS_411	fall	2	1		660	710
PHYS_411	fall	2	2	19413	2100	2175	19413	4980	5055
PHYS_412	spring	2	1		660	710
PHYS_412	spring	2	2	17043	2100	2175	17043	4980	5055
PHYS_421	fall	2	2		840	890		3720	3770
PHYS_421	fall	2	1	23648	6480	6590
PHYS_425	spring	1	1	31063	720	830
PHYS_431	spring	2	2		2010	2085		4890	4965
PHYS_431	spring	2	1	17047	540	590
PHYS_441	spring	2	2		600	650		6360	6410
PHYS_441	spring	2	1	17048	3480	3590
PHYS_450	spring	2	1		840	890
PHYS_450	spring	2	2	19641	2280	2355	19641	5160	5235
PHYS_461	fall	2	2		600	650		6360	6410
PHYS_461	fall	2	1	19414	3480	3590
PHYS_469	fall	1	1	35592	3870	4020
PHYS_475	fall	1	1	40602	3870	3980
PHYS_480	fall	1	1	39919	3600	3780
PHYS_480	spring	1	1	39669	2190	2370
PHYS_481	fall	2	1	19419	960	1070
PHYS_481	fall	2	1	23480	960	1070
PHYS_491	fall	1	1	42983	6360	6480
PHYS_501	fall	2	1		900	1010
PHYS_501	fall	2	1	19422	3660	3770
PHYS_502	spring	2	2		2370	2445		5250	5325
PHYS_502	spring	2	1	17055	900	950
PHYS_511	fall	2	1		660	770
PHYS_511	fall	2	1	19423	6420	6530
PHYS_512	spring	1	2	17056	660	770	17056	6420	6530
PHYS_513	fall	1	2	29912	2100	2175	29912	4980	5055
PHYS_513	spring	2	1		900	1010
PHYS_513	spring	2	1	47122	3660	3770
PHYS_515	fall	1	2	48404	720	830	48404	3600	3710
PHYS_531	fall	1	2	31175	2370	2445	31175	5250	5325
PHYS_531	spring	1	2	47123	780	890	47123	6540	6650
PHYS_532	fall	1	2	49107	540	650	49107	3420	3530
PHYS_533	fall	1	2	26144	2190	2265	26144	5070	5145
PHYS_533	spring	1	2	47847	540	650	47847	3420	3530
PHYS_534	spring	1	2	29974	2190	2265	29974	5070	5145
PHYS_540	fall	1	2	23826	2370	2445	23826	5250	5325
PHYS_551	fall	1	2	49108	660	770	49108	3540	3650
PHYS_552	spring	1	2	47846	660	770	47846	3540	3650
PHYS_561	fall	2	1		2280	2355
PHYS_561	fall	2	1	28840	6600	6675
PHYS_562	spring	1	2	47124	2190	2265	47124	5070	5145
PHYS_571	fall	2	1		660	710
PHYS_571	fall	2	2	48597	2100	2175	48597	4980	5055
PHYS_572	spring	2	2		2100	2175		4980	5055
PHYS_572	spring	2	1	47127	600	650
PHYS_594	fall	1	1	19432	6360	6480
PHYS_594	spring	1	1	17059	2280	2400
