PMPR___328	2	1	33446	3690	3800
PMPR___328	2	1	33447	3690	3800
PMPR___329	2	1	34678	5010	5060
PMPR___329	2	1	34679	5010	5060
PMPR___330	2	1	30046	4950	5000
PMPR___330	2	1	34185	4950	5000
PMPR___334	4	1	45455	870	920
PMPR___334	4	1	45456	870	920
PMPR___334	4	1	47107	2250	2300
PMPR___334	4	1	47108	2250	2300
PMPR___338	2	1	40977	2250	2360
PMPR___338	2	1	40978	2250	2360
PMPR___347	2	1	37002	3690	3800
PMPR___347	2	1	37003	3690	3800
PMPR___348	2	1	37004	870	980
PMPR___348	2	1	37005	870	980
PMPR___356	1	1	26903	2250	2360
PMPR___359	2	1	15081	5130	5180
PMPR___359	2	1	16024	3810	3860
PMPR___362	2	1	31407	3690	3800
PMPR___362	2	1	34187	3690	3800
PMPR___376	1	1	45457	870	980
PMPR___378	2	1	26347	3690	3800
PMPR___378	2	1	34188	3690	3800
PMPR___379	2	1	48015	3510	3620
PMPR___379	2	1	48016	3510	3620
PMPR___381	1	1	40611	630	740
PMPR___383	2	1	41755	3690	3800
PMPR___383	2	1	41756	3690	3800
PMPR___385	2	1	48321	4950	5000
PMPR___385	2	1	48322	4950	5000
PMPR___430	2	1	16071	870	980
PMPR___430	2	1	34017	870	980
PMPR___486	2	1	47354	3690	3740
PMPR___486	2	1	48010	3690	3740
PMPR___488	2	1	48568	2250	2360
PMPR___488	2	1	48569	2250	2360
