BME___101	3	2	45207	2010	2085	45207	4890	4965
BME___101	3	2	46479	480	555	46479	3360	3435
BME___101	3	2	46480	2010	2085	46480	4890	4965
BME___102	2	1	45209	6360	6410
BME___102	2	1	46481	6360	6410
BME___205	2	2	45210	2100	2175	45210	4980	5055
BME___205	2	2	46482	2100	2175	46482	4980	5055
BME___240	2	2	45413	2370	2445	45413	5250	5325
BME___240	2	2	46528	990	1065	46528	3870	3945
BME___250	2	3	45371	780	830	45371	3660	3710	45371	6540	6590
BME___250	2	3	46483	840	890	46483	3720	3770	46483	6600	6650
BME___310	2	2	45372	2100	2175	45372	4980	5055
BME___310	2	2	46484	2010	2085	46484	4890	4965
BME___325	2	2	45373	900	975	45373	3780	3855
BME___325	2	2	46529	2100	2175	46529	4980	5055
BME___332	2	2	46405	2010	2085	46405	4890	4965
BME___332	2	2	47732	2190	2265	47732	5070	5145
BME___339	2	2	45431	990	1065	45431	3870	3945
BME___339	2	2	46485	570	645	46485	3450	3525
BME___394	2	1	47310	3720	3770
BME___394	2	2	47735	660	735	47735	3540	3615
BME___396	2	2	46530	1920	1995	46530	4800	4875
BME___396	2	2	46860	1920	1995	46860	4800	4875
BME___397	1	2	45476	1920	1995	45476	4800	4875
BME___399	2	1	45516	3660	3710
BME___399	2	1	47111	3600	3650
BME___402	2	1	46528	2160	2260
BME___402	2	1	46529	2160	2260
BME___403	2	2	47463	480	530	47463	3360	3410
BME___403	2	2	47464	480	530	47464	3360	3410
BME___407	2	3	45935	840	890	45935	3720	3770	45935	6600	6650
BME___407	2	3	45936	840	890	45936	3720	3770	45936	6600	6650
BME___408	4	1	47255	720	830
BME___408	4	1	47256	720	830
BME___408	4	1	47472	660	750
BME___408	4	1	47473	660	750
BME___410	4	2	45477	2280	2355	45477	5160	5235
BME___410	4	2	45478	2280	2355	45478	5160	5235
BME___410	4	2	48463	2370	2445	48463	5250	5325
BME___410	4	2	48464	2370	2445	48464	5250	5325
BME___415	2	1	46501	750	890
BME___415	2	1	46502	750	890
BME___421	2	2	46531	2280	2355	46531	5160	5235
BME___421	2	2	46532	2280	2355	46532	5160	5235
BME___422	2	2	45482	825	900	45482	3705	3780
BME___422	2	2	45483	825	900	45483	3705	3780
BME___423	1	1	45510	5070	5240
BME___439	1	2	49383	570	645	49383	3450	3525
BME___450	2	1		840	890
BME___450	2	2	46899	2280	2355	46899	5160	5235
BME___452	2	2	45485	2280	2355	45485	5160	5235
BME___452	2	2	45487	2280	2355	45487	5160	5235
BME___455	2	2	45494	570	645	45494	3450	3525
BME___455	2	2	45496	570	645	45496	3450	3525
BME___456	4	3		720	890		900	1070		660	710
BME___456	4	1	45503	660	710
BME___456	4	1	45504	660	710
BME___456	4	1	45505	3540	3710
BME___460	4	2	45517	2460	2535	45517	5340	5415
BME___460	4	2	45518	2460	2535	45518	5340	5415
BME___460	4	2	47116	2460	2535	47116	5340	5415
BME___460	4	2	47117	2460	2535	47117	5340	5415
BME___462	2	2	45965	2190	2265	45965	5070	5145
BME___462	2	2	45966	2190	2265	45966	5070	5145
BME___471	2	2	46503	750	825	46503	3630	3705
BME___471	2	2	46504	750	825	46504	3630	3705
BME___472	2	2	46505	2190	2265	46505	5070	5145
BME___472	2	2	46506	2190	2265	46506	5070	5145
BME___475	2	2	45521	2370	2445	45521	5250	5325
BME___475	2	2	45522	2370	2445	45522	5250	5325
BME___479	8	1	45524	600	770
BME___479	8	1	45525	600	770
BME___479	8	1	46833	2040	2210
BME___479	8	1	46834	2040	2210
BME___479	8	1	47189	2040	2210
BME___479	8	1	47190	2040	2210
BME___479	8	1	49746	4920	5090
BME___479	8	1	49747	4920	5090
BME___480	2	2	46533	2280	2355	46533	5160	5235
BME___480	2	2	46534	2280	2355	46534	5160	5235
BME___483	2	2	45528	900	975	45528	3780	3855
BME___483	2	2	45529	900	975	45529	3780	3855
BME___494	11	2	45780	2010	2085	45780	4890	4965
BME___494	11	2	45781	2010	2085	45781	4890	4965
BME___494	11	1	46493	840	1010
BME___494	11	1	46495	840	1010
BME___494	11	2	46507	2010	2085	46507	4890	4965
BME___494	11	2	46508	2010	2085	46508	4890	4965
BME___494	11	2	46509	570	645	46509	3450	3525
BME___494	11	2	46510	570	645	46510	3450	3525
BME___494	11	2	46512	2370	2445	46512	5250	5325
BME___494	11	2	46513	2370	2445	46513	5250	5325
BME___494	11	1	47311	2190	2265
BME___504	1	1	48477	660	750
BME___520	1	2	49394	2370	2445	49394	5250	5325
BME___525	1	1	46535	3480	3630
BME___530	2	2	46516	2010	2085	46516	4890	4965
BME___530	2	2	47939	2010	2085	47939	4890	4965
BME___534	1	2	49615	2100	2175	49615	4980	5055
BME___538	1	2	45544	2100	2175	45544	4980	5055
BME___540	1	2	46536	480	555	46536	3360	3435
BME___542	1	2	48445	570	645	48445	3450	3525
BME___548	1	2	49218	2100	2175	49218	4980	5055
BME___562	1	1	46523	900	1050
BME___564	1	2	47261	2190	2265	47261	5070	5145
BME___574	1	2	49610	2370	2445	49610	5250	5325
BME___575	1	2	46537	2280	2355	46537	5160	5235
BME___576	1	2	47733	2280	2355	47733	5160	5235
BME___580	1	2	49280	990	1065	49280	3870	3945
BME___586	1	2	48152	900	975	48152	3780	3855
BME___594	6	1	45441	3540	3615
BME___594	6	2	46519	2280	2355	46519	5160	5235
BME___594	6	1	46520	2280	2330
BME___594	6	2	46521	2280	2355	46521	5160	5235
BME___594	6	2	46522	2370	2445	46522	5250	5325
BME___594	6	1	47418	870	920
BME___595	2	1	45346	3720	3770
BME___595	2	1	46517	3660	3710
