MATH_088	2	2	39491	1920	1970	39491	4800	4850
MATH_088	2	2	39899	2340	2390	39899	5220	5270
MATH_090	12	2	42726	540	615	42726	3420	3495
MATH_090	12	2	42727	780	855	42727	3660	3735
MATH_090	12	3	43323	900	950	43323	3780	3830	43323	6660	6710
MATH_090	12	3	43324	600	650	43324	3480	3530	43324	6360	6410
MATH_090	12	3	43325	480	530	43325	3360	3410	43325	6240	6290
MATH_090	12	3	43326	660	710	43326	3540	3590	43326	6420	6470
MATH_090	12	3	43328	720	770	43328	3600	3650	43328	6480	6530
MATH_090	12	3	43331	840	890	43331	3720	3770	43331	6600	6650
MATH_090	12	3	43332	540	590	43332	3420	3470	43332	6300	6350
MATH_090	12	3	43334	960	1010	43334	3840	3890	43334	6720	6770
MATH_090	12	2	46426	630	705	46426	3510	3585
MATH_090	12	3	48217	1020	1070	48217	3900	3950	48217	6780	6830
MATH_100	1	1	47479	3780	3830
MATH_104	3	2	45234	2280	2330	45234	5160	5210
MATH_104	3	2	46435	1980	2030	46435	4860	4910
MATH_104	3	2	46436	2100	2150	46436	4980	5030
MATH_105	2	3	46427	840	890	46427	3720	3770	46427	6600	6650
MATH_105	2	3	46434	720	770	46434	3600	3650	46434	6480	6530
MATH_109	5	2	43908	2100	2150	43908	4980	5030
MATH_109	5	2	43909	2340	2390	43909	5220	5270
MATH_109	5	2	43911	1980	2030	43911	4860	4910
MATH_109	5	2	43912	2280	2330	43912	5160	5210
MATH_109	5	2	43913	2040	2090	43913	4920	4970
MATH_110	8	3	39069	780	830	39069	3660	3710	39069	6540	6590
MATH_110	8	3	39500	960	1010	39500	3840	3890	39500	6720	6770
MATH_110	8	3	39507	840	890	39507	3720	3770	39507	6600	6650
MATH_110	8	3	40311	480	530	40311	3360	3410	40311	6240	6290
MATH_110	8	3	40535	720	770	40535	3600	3650	40535	6480	6530
MATH_110	8	3	41650	660	710	41650	3540	3590	41650	6420	6470
MATH_110	8	3	41926	600	650	41926	3480	3530	41926	6360	6410
MATH_110	8	3	43392	540	590	43392	3420	3470	43392	6300	6350
MATH_121	8	3	13000	900	950	13000	3780	3830	13000	6660	6710
MATH_121	8	3	13002	720	770	13002	3600	3650	13002	6480	6530
MATH_121	8	3	13005	660	710	13005	3540	3590	13005	6420	6470
MATH_121	8	3	13006	840	890	13006	3720	3770	13006	6600	6650
MATH_121	8	3	13008	780	830	13008	3660	3710	13008	6540	6590
MATH_121	8	3	34102	540	590	34102	3420	3470	34102	6300	6350
MATH_121	8	3	41658	960	1010	41658	3840	3890	41658	6720	6770
MATH_121	8	3	41897	600	650	41897	3480	3530	41897	6360	6410
MATH_125	7	3	35572	480	530	35572	3360	3410	35572	6240	6290
MATH_125	7	3	35579	840	890	35579	3720	3770	35579	6600	6650
MATH_125	7	3	35654	960	1010	35654	3840	3890	35654	6720	6770
MATH_125	7	3	35661	720	770	35661	3600	3650	35661	6480	6530
MATH_125	7	3	38594	660	710	38594	3540	3590	38594	6420	6470
MATH_125	7	3	41867	540	590	41867	3420	3470	41867	6300	6350
MATH_125	7	3	41890	600	650	41890	3480	3530	41890	6360	6410
MATH_140	3	2	13019	1980	2090	13019	4860	4970
MATH_140	3	2	13022	3480	3590	13022	6360	6470
MATH_140	3	2	40450	3660	3770	40450	6540	6650
MATH_141	4	2	16332	3420	3530	16332	6300	6410
MATH_141	4	2	16334	3540	3650	16334	6420	6530
MATH_141	4	2	29094	2100	2210	29094	4980	5090
MATH_141	4	2	42809	2220	2330	42809	5100	5210
MATH_160	3	3	45947	720	770	45947	3600	3650	45947	6480	6530
MATH_160	3	3	46100	600	650	46100	3480	3530	46100	6360	6410
MATH_160	3	3	48109	480	530	48109	3360	3410	48109	6240	6290
MATH_165	6	3	13105	480	530	13105	3360	3410	13105	6240	6290
MATH_165	6	3	13108	960	1010	13108	3840	3890	13108	6720	6770
MATH_165	6	3	16362	660	710	16362	3540	3590	16362	6420	6470
MATH_165	6	3	38345	780	830	38345	3660	3710	38345	6540	6590
MATH_165	6	3	41011	840	890	41011	3720	3770	41011	6600	6650
MATH_165	6	3	48894	900	950	48894	3780	3830	48894	6660	6710
MATH_170	1	3	38380	600	650	38380	3480	3530	38380	6360	6410
MATH_180	10	3	13413	780	830	13413	3660	3710	13413	6540	6590
MATH_180	10	3	13414	900	950	13414	3780	3830	13414	6660	6710
MATH_180	10	3	13415	540	590	13415	3420	3470	13415	6300	6350
MATH_180	10	3	13417	600	650	13417	3480	3530	13417	6360	6410
MATH_180	10	3	14167	840	890	14167	3720	3770	14167	6600	6650
MATH_180	10	3	24528	480	530	24528	3360	3410	24528	6240	6290
MATH_180	10	3	33988	1020	1070	33988	3900	3950	33988	6780	6830
MATH_180	10	3	43172	720	770	43172	3600	3650	43172	6480	6530
MATH_180	10	3	43851	960	1010	43851	3840	3890	43851	6720	6770
MATH_180	10	3	44629	660	710	44629	3540	3590	44629	6420	6470
MATH_181	8	3	13486	660	710	13486	3540	3590	13486	6420	6470
MATH_181	8	3	13489	840	890	13489	3720	3770	13489	6600	6650
MATH_181	8	3	13615	900	950	13615	3780	3830	13615	6660	6710
MATH_181	8	3	38832	960	1010	38832	3840	3890	38832	6720	6770
MATH_181	8	3	38946	780	830	38946	3660	3710	38946	6540	6590
MATH_181	8	3	46901	540	590	46901	3420	3470	46901	6300	6350
MATH_181	8	3	47387	1020	1070	47387	3900	3950	47387	6780	6830
MATH_181	8	3	48324	480	530	48324	3360	3410	48324	6240	6290
MATH_194	17	1	41823	1920	1970
MATH_194	17	1	41824	480	530
MATH_194	17	1	41825	3360	3410
MATH_194	17	1	41826	4800	4850
MATH_194	17	1	41828	6360	6410
MATH_194	17	1	41829	3780	3830
MATH_194	17	1	41830	6660	6710
MATH_194	17	1	42750	600	650
MATH_194	17	1	42751	900	950
MATH_194	17	1	42752	6540	6590
MATH_194	17	1	42754	6240	6290
MATH_194	17	1	42757	3480	3530
MATH_194	17	1	42758	5250	5300
MATH_194	17	1	42760	840	890
MATH_194	17	1	42761	6600	6650
MATH_194	17	1	42762	2370	2420
MATH_194	17	1	42763	780	830
MATH_210	10	3	13655	780	830	13655	3660	3710	13655	6540	6590
MATH_210	10	3	13658	840	890	13658	3720	3770	13658	6600	6650
MATH_210	10	3	13661	480	530	13661	3360	3410	13661	6240	6290
MATH_210	10	3	13666	600	650	13666	3480	3530	13666	6360	6410
MATH_210	10	3	13667	960	1010	13667	3840	3890	13667	6720	6770
MATH_210	10	3	30902	720	770	30902	3600	3650	30902	6480	6530
MATH_210	10	3	35181	540	590	35181	3420	3470	35181	6300	6350
MATH_210	10	3	39195	900	950	39195	3780	3830	39195	6660	6710
MATH_210	10	3	42994	1020	1070	42994	3900	3950	42994	6780	6830
MATH_210	10	3	43739	660	710	43739	3540	3590	43739	6420	6470
MATH_215	9	3	24546	1020	1070	24546	3900	3950	24546	6780	6830
MATH_215	9	3	28001	720	770	28001	3600	3650	28001	6480	6530
MATH_215	9	3	34754	540	590	34754	3420	3470	34754	6300	6350
MATH_215	9	3	38401	840	890	38401	3720	3770	38401	6600	6650
MATH_215	9	3	41817	600	650	41817	3480	3530	41817	6360	6410
MATH_215	9	3	42482	960	1010	42482	3840	3890	42482	6720	6770
MATH_215	9	3	42905	660	710	42905	3540	3590	42905	6420	6470
MATH_215	9	3	43411	780	830	43411	3660	3710	43411	6540	6590
MATH_215	9	3	44946	900	950	44946	3780	3830	44946	6660	6710
MATH_220	7	3	13689	1020	1070	13689	3900	3950	13689	6780	6830
MATH_220	7	3	13690	660	710	13690	3540	3590	13690	6420	6470
MATH_220	7	3	16462	540	590	16462	3420	3470	16462	6300	6350
MATH_220	7	3	29833	480	530	29833	3360	3410	29833	6240	6290
MATH_220	7	3	29979	780	830	29979	3660	3710	29979	6540	6590
MATH_220	7	3	42418	840	890	42418	3720	3770	42418	6600	6650
MATH_220	7	3	44636	720	770	44636	3600	3650	44636	6480	6530
MATH_294	5	2	23407	2160	2210	23407	5040	5090
MATH_294	5	2	25803	2220	2270	25803	5100	5150
MATH_294	5	2	42852	2100	2150	42852	4980	5030
MATH_294	5	2	43621	1980	2030	43621	4860	4910
MATH_294	5	2	43623	2040	2090	43623	4920	4970
MATH_300	7	1	13694	3720	3770
MATH_300	7	1	13695	840	890
MATH_300	7	1	16464	720	770
MATH_300	7	1	16465	3600	3650
MATH_300	7	1	16467	600	650
MATH_300	7	1	41503	3480	3530
MATH_300	7	1	44070	6360	6410
MATH_310	8	3	13696	960	1010	13696	3840	3890	13696	6720	6770
MATH_310	8	3	16471	600	650	16471	3480	3530	16471	6360	6410
MATH_310	8	3	33886	780	830	33886	3660	3710	33886	6540	6590
MATH_310	8	3	35180	480	530	35180	3360	3410	35180	6240	6290
MATH_310	8	3	37841	900	950	37841	3780	3830	37841	6660	6710
MATH_310	8	3	38284	720	770	38284	3600	3650	38284	6480	6530
MATH_310	8	3	38916	840	890	38916	3720	3770	38916	6600	6650
MATH_310	8	3	49734	540	590	49734	3420	3470	49734	6300	6350
MATH_313	3	3	34986	540	590	34986	3420	3470	34986	6300	6350
MATH_313	3	3	41704	600	650	41704	3480	3530	41704	6360	6410
MATH_313	3	3	48116	720	770	48116	3600	3650	48116	6480	6530
MATH_320	4	3	13705	540	590	13705	3420	3470	13705	6300	6350
MATH_320	4	3	33191	660	710	33191	3540	3590	33191	6420	6470
MATH_320	4	3	37993	780	830	37993	3660	3710	37993	6540	6590
MATH_320	4	3	37994	900	950	37994	3780	3830	37994	6660	6710
MATH_330	3	3	16475	600	650	16475	3480	3530	16475	6360	6410
MATH_330	3	3	28003	660	710	28003	3540	3590	28003	6420	6470
MATH_330	3	3	45485	780	830	45485	3660	3710	45485	6540	6590
MATH_410	1	3	24551	720	770	24551	3600	3650	24551	6480	6530
MATH_414	2	3	16476	660	710	16476	3540	3590	16476	6420	6470
MATH_414	2	3	41417	720	770	41417	3600	3650	41417	6480	6530
MATH_417	1	3	41062	660	710	41062	3540	3590	41062	6420	6470
MATH_419	1	3	39201	780	830	39201	3660	3710	39201	6540	6590
MATH_430	2	3	35753	720	770	35753	3600	3650	35753	6480	6530
MATH_430	2	3	43412	780	830	43412	3660	3710	43412	6540	6590
MATH_431	1	3	41222	780	830	41222	3660	3710	41222	6540	6590
MATH_435	1	3	13712	720	770	13712	3600	3650	13712	6480	6530
MATH_442	1	3	39208	900	950	39208	3780	3830	39208	6660	6710
MATH_445	2	3	13713	600	650	13713	3480	3530	13713	6360	6410
MATH_445	2	3	40609	780	830	40609	3660	3710	40609	6540	6590
MATH_480	1	3	36866	540	590	36866	3420	3470	36866	6300	6350
MATH_481	1	3	16480	600	650	16480	3480	3530	16480	6360	6410
MATH_494	1	3	38579	720	770	38579	3600	3650	38579	6480	6530
MATH_502	1	3	38305	780	830	38305	3660	3710	38305	6540	6590
MATH_504	1	3	42126	780	830	42126	3660	3710	42126	6540	6590
MATH_506	1	3	39212	540	590	39212	3420	3470	39212	6300	6350
MATH_507	1	2	40617	2100	2175	40617	4980	5055
MATH_511	1	3	46088	840	890	46088	3720	3770	46088	6600	6650
MATH_512	2	3	34413	600	650	34413	3480	3530	34413	6360	6410
MATH_512	2	3	37855	840	890	37855	3720	3770	37855	6600	6650
MATH_514	3	3	37598	600	650	37598	3480	3530	37598	6360	6410
MATH_514	3	3	40619	540	590	40619	3420	3470	40619	6300	6350
MATH_514	3	3	42674	660	710	42674	3540	3590	42674	6420	6470
MATH_515	2	3	35668	540	590	35668	3420	3470	35668	6300	6350
MATH_515	2	3	41066	660	710	41066	3540	3590	41066	6420	6470
MATH_516	1	3	13724	540	590	13724	3420	3470	13724	6300	6350
MATH_517	1	3	16483	780	830	16483	3660	3710	16483	6540	6590
MATH_518	1	3	40611	600	650	40611	3480	3530	40611	6360	6410
MATH_520	1	3	39213	780	830	39213	3660	3710	39213	6540	6590
MATH_525	2	3	40533	660	710	40533	3540	3590	40533	6420	6470
MATH_525	2	3	43414	600	650	43414	3480	3530	43414	6360	6410
MATH_531	1	3	39214	540	590	39214	3420	3470	39214	6300	6350
MATH_533	2	3	13727	660	710	13727	3540	3590	13727	6420	6470
MATH_533	2	3	42669	780	830	42669	3660	3710	42669	6540	6590
MATH_535	1	3	19436	840	890	19436	3720	3770	19436	6600	6650
MATH_537	1	3	48533	660	710	48533	3540	3590	48533	6420	6470
MATH_539	2	3	37062	660	710	37062	3540	3590	37062	6420	6470
MATH_539	2	3	41362	840	890	41362	3720	3770	41362	6600	6650
MATH_546	1	3	42128	840	890	42128	3720	3770	42128	6600	6650
MATH_547	2	3	37858	720	770	37858	3600	3650	37858	6480	6530
MATH_547	2	3	39216	840	890	39216	3720	3770	39216	6600	6650
MATH_548	1	3	40612	720	770	40612	3600	3650	40612	6480	6530
MATH_549	2	3	38306	600	650	38306	3480	3530	38306	6360	6410
MATH_549	2	3	40616	840	890	40616	3720	3770	40616	6600	6650
MATH_550	1	3	37861	780	830	37861	3660	3710	37861	6540	6590
MATH_551	1	3	38307	660	710	38307	3540	3590	38307	6420	6470
MATH_552	1	3	31610	720	770	31610	3600	3650	31610	6480	6530
MATH_553	1	3	31397	600	650	31397	3480	3530	31397	6360	6410
MATH_554	2	3	37862	720	770	37862	3600	3650	37862	6480	6530
MATH_554	2	3	41072	600	650	41072	3480	3530	41072	6360	6410
MATH_555	1	3	39215	840	890	39215	3720	3770	39215	6600	6650
MATH_568	1	3	42129	540	590	42129	3420	3470	42129	6300	6350
MATH_569	3	3	38308	720	770	38308	3600	3650	38308	6480	6530
MATH_569	3	3	40614	780	830	40614	3660	3710	40614	6540	6590
MATH_569	3	2	40618	2370	2445	40618	5250	5325
MATH_571	3	3	38742	840	890	38742	3720	3770	38742	6600	6650
MATH_571	3	3	39516	660	710	39516	3540	3590	39516	6420	6470
MATH_571	3	3	40615	780	830	40615	3660	3710	40615	6540	6590
MATH_576	1	3	35674	660	710	35674	3540	3590	35674	6420	6470
MATH_577	1	3	40006	720	770	40006	3600	3650	40006	6480	6530
MATH_578	1	3	39217	840	890	39217	3720	3770	39217	6600	6650
MATH_580	1	3	40613	840	890	40613	3720	3770	40613	6600	6650
MATH_582	1	3	38309	660	710	38309	3540	3590	38309	6420	6470
MATH_584	1	3	41073	720	770	41073	3600	3650	41073	6480	6530
MATH_585	1	3	37428	600	650	37428	3480	3530	37428	6360	6410
MATH_589	1	2	45850	900	950	45850	3780	3830
MATH_590	1	3	46089	540	590	46089	3420	3470	46089	6300	6350
