CS___100	1	3	10615	720	770	10615	3600	3650	10615	6480	6530
CS___107	2	3	10634	600	650	10634	3480	3530	10634	6360	6410
CS___107	2	3	17412	720	770	17412	3600	3650	17412	6480	6530
CS___109	4	2	36425	720	770	36425	3600	3650
CS___109	4	2	44904	540	590	44904	3420	3470
CS___109	4	2	46120	840	890	46120	3720	3770
CS___109	4	2	46121	600	650	46121	3480	3530
CS___111	5	3	34013	660	710	34013	3540	3590	34013	6420	6470
CS___111	5	3	34656	660	710	34656	3540	3590	34656	6420	6470
CS___111	5	3	40304	720	770	40304	3600	3650	40304	6480	6530
CS___111	5	2	40307	2190	2265	40307	5070	5145
CS___111	5	3	44929	900	950	44929	3780	3830	44929	6660	6710
CS___112	1	2	45363	2280	2355	45363	5160	5235
CS___141	6	3	34447	720	770	34447	3600	3650	34447	6480	6530
CS___141	6	3	34657	600	650	34657	3480	3530	34657	6360	6410
CS___141	6	3	40571	840	890	40571	3720	3770	40571	6600	6650
CS___141	6	3	42032	720	770	42032	3600	3650	42032	6480	6530
CS___141	6	3	42636	600	650	42636	3480	3530	42636	6360	6410
CS___141	6	3	47230	840	890	47230	3720	3770	47230	6600	6650
CS___151	6	3	34014	780	830	34014	3660	3710	34014	6540	6590
CS___151	6	3	34858	600	650	34858	3480	3530	34858	6360	6410
CS___151	6	3	40572	900	950	40572	3780	3830	40572	6660	6710
CS___151	6	3	40974	540	590	40974	3420	3470	40974	6300	6350
CS___151	6	3	42500	780	830	42500	3660	3710	42500	6540	6590
CS___151	6	3	47231	840	890	47231	3720	3770	47231	6600	6650
CS___211	5	2	34861	3660	3710	34861	6540	6590
CS___211	5	2	45953	3720	3770	45953	6600	6650
CS___211	5	2	45954	3840	3890	45954	6720	6770
CS___211	5	2	47008	3480	3530	47008	6360	6410
CS___211	5	2	47009	3840	3890	47009	6720	6770
CS___251	5	3	34460	540	590	34460	3420	3470	34460	6300	6350
CS___251	5	3	36203	780	830	36203	3660	3710	36203	6540	6590
CS___251	5	3	40507	900	950	40507	3780	3830	40507	6660	6710
CS___251	5	3	40573	780	830	40573	3660	3710	40573	6540	6590
CS___251	5	3	42499	960	1010	42499	3840	3890	42499	6720	6770
CS___261	5	2	36391	2370	2445	36391	5250	5325
CS___261	5	2	41014	2280	2355	41014	5160	5235
CS___261	5	2	42498	2010	2085	42498	4890	4965
CS___261	5	2	47017	1920	1995	47017	4800	4875
CS___261	5	2	47807	2280	2355	47807	5160	5235
CS___277	4	1	47010	600	650
CS___277	4	1	47806	960	1010
CS___277	4	1	48663	840	890
CS___277	4	1	49094	960	1010
CS___294	9	4		750	860		3630	3740		720	830		3600	3710
CS___294	9	1	43541	3840	3950
CS___294	9	1	44176	2460	2570
CS___294	9	1	46071	6510	6560
CS___294	9	1	46072	3900	3950
CS___294	9	1	46073	2400	2450
CS___294	9	1	47600	2400	2510
CS___294	9	1	48392	6480	6530
CS___294	9	1	49177	3840	3950
CS___301	6	2	10647	2190	2265	10647	5070	5145
CS___301	6	3	17422	720	770	17422	3600	3650	17422	6480	6530
CS___301	6	3	40574	900	950	40574	3780	3830	40574	6660	6710
CS___301	6	2	42220	2280	2355	42220	5160	5235
CS___301	6	2	45948	2370	2445	45948	5250	5325
CS___301	6	2	45949	2280	2355	45949	5160	5235
CS___341	3	2	34723	2010	2085	34723	4890	4965
CS___341	3	2	36202	2280	2355	36202	5160	5235
CS___341	3	3	42735	900	950	42735	3780	3830	42735	6660	6710
CS___342	3	2	35976	2190	2265	35976	5070	5145
CS___342	3	2	37162	2370	2445	37162	5250	5325
CS___342	3	2	40973	2280	2355	40973	5160	5235
CS___351	1	2	46812	2010	2085	46812	4890	4965
CS___361	4	2	36535	2280	2355	36535	5160	5235
CS___361	4	2	42221	2280	2355	42221	5160	5235
CS___361	4	2	47018	2460	2535	47018	5340	5415
CS___361	4	2	47808	2370	2445	47808	5250	5325
CS___362	4	2	36196	2100	2175	36196	4980	5055
CS___362	4	2	42222	1920	1995	42222	4800	4875
CS___362	4	2	47019	2370	2445	47019	5250	5325
CS___362	4	2	47809	2010	2085	47809	4890	4965
CS___377	17	2	36199	2010	2085	36199	4890	4965
CS___377	17	2	36312	2010	2085	36312	4890	4965
CS___377	17	2	38111	2100	2175	38111	4980	5055
CS___377	17	2	38340	2010	2085	38340	4890	4965
CS___377	17	2	39374	2460	2535	39374	5340	5415
CS___377	17	2	39429	2100	2175	39429	4980	5055
CS___377	17	2	40663	2190	2265	40663	5070	5145
CS___377	17	2	41404	2100	2175	41404	4980	5055
CS___377	17	2	41964	2280	2355	41964	5160	5235
CS___377	17	2	42236	2190	2265	42236	5070	5145
CS___377	17	2	44087	2280	2355	44087	5160	5235
CS___377	17	2	45931	900	975	45931	3780	3855
CS___377	17	2	47308	2370	2445	47308	5250	5325
CS___377	17	2	47309	990	1065	47309	3870	3945
CS___377	17	2	48290	2190	2265	48290	5070	5145
CS___377	17	2	48691	2370	2445	48691	5250	5325
CS___377	17	2	48692	2460	2535	48692	5340	5415
CS___378	2	2	45596	2010	2085	45596	4890	4965
CS___378	2	2	47249	2370	2445	47249	5250	5325
CS___394	3	1	44123	5160	5340
CS___394	3	2	46370	2370	2445	46370	5250	5325
CS___394	3	2	46371	2460	2535	46371	5340	5415
CS___401	18	3	10669	840	890	10669	3720	3770	10669	6600	6650
CS___401	18	2	10671	2010	2085	10671	4890	4965
CS___401	18	3	17454	540	590	17454	3420	3470	17454	6300	6350
CS___401	18	3	20262	840	890	20262	3720	3770	20262	6600	6650
CS___401	18	2	20264	2010	2085	20264	4890	4965
CS___401	18	3	20665	540	590	20665	3420	3470	20665	6300	6350
CS___401	18	2	35218	1020	1095	35218	3900	3975
CS___401	18	2	35219	1020	1095	35219	3900	3975
CS___401	18	2	39067	570	645	39067	3450	3525
CS___401	18	2	39068	570	645	39068	3450	3525
CS___401	18	2	41266	2280	2355	41266	5160	5235
CS___401	18	2	41267	2280	2355	41267	5160	5235
CS___401	18	2	41675	2010	2085	41675	4890	4965
CS___401	18	2	41676	2010	2085	41676	4890	4965
CS___401	18	2	43262	2370	2445	43262	5250	5325
CS___401	18	2	43263	2370	2445	43263	5250	5325
CS___401	18	2	43452	930	1005	43452	3810	3885
CS___401	18	2	43453	930	1005	43453	3810	3885
CS___402	2	3	48827	720	770	48827	3600	3650	48827	6480	6530
CS___402	2	3	48828	720	770	48828	3600	3650	48828	6480	6530
CS___407	2	2	44387	2280	2355	44387	5160	5235
CS___407	2	2	44388	2280	2355	44388	5160	5235
CS___411	8	3	10672	540	590	10672	3420	3470	10672	6300	6350
CS___411	8	3	20266	540	590	20266	3420	3470	20266	6300	6350
CS___411	8	2	38549	2190	2265	38549	5070	5145
CS___411	8	2	38550	2190	2265	38550	5070	5145
CS___411	8	2	42736	930	1005	42736	3810	3885
CS___411	8	2	42737	930	1005	42737	3810	3885
CS___411	8	3	44910	600	650	44910	3480	3530	44910	6360	6410
CS___411	8	3	44911	600	650	44911	3480	3530	44911	6360	6410
CS___415	2	2	42844	2100	2175	42844	4980	5055
CS___415	2	2	42845	2100	2175	42845	4980	5055
CS___418	8	2	41110	660	735	41110	3540	3615
CS___418	8	2	41111	660	735	41111	3540	3615
CS___418	8	2	42738	840	915	42738	3720	3795
CS___418	8	2	42739	840	915	42739	3720	3795
CS___418	8	2	43230	2190	2265	43230	5070	5145
CS___418	8	2	43231	2190	2265	43231	5070	5145
CS___418	8	2	44033	2370	2445	44033	5250	5325
CS___418	8	2	44034	2370	2445	44034	5250	5325
CS___421	4	2	28653	570	645	28653	3450	3525
CS___421	4	2	28654	570	645	28654	3450	3525
CS___421	4	2	43946	2010	2085	43946	4890	4965
CS___421	4	2	43947	2010	2085	43947	4890	4965
CS___422	8	2	19650	2190	2265	19650	5070	5145
CS___422	8	2	20669	2190	2265	20669	5070	5145
CS___422	8	2	44137	2190	2265	44137	5070	5145
CS___422	8	2	44138	2190	2265	44138	5070	5145
CS___422	8	2	47020	930	1005	47020	3810	3885
CS___422	8	2	47021	930	1005	47021	3810	3885
CS___422	8	2	47232	2280	2355	47232	5160	5235
CS___422	8	2	47233	2280	2355	47233	5160	5235
CS___423	2	2	49282	2280	2355	49282	5160	5235
CS___423	2	2	49283	2280	2355	49283	5160	5235
CS___424	4	2	33484	930	1005	33484	3810	3885
CS___424	4	2	33485	930	1005	33485	3810	3885
CS___424	4	2	40669	1920	1995	40669	4800	4875
CS___424	4	2	40670	1920	1995	40670	4800	4875
CS___425	2	2	38706	2100	2175	38706	4980	5055
CS___425	2	2	38721	2100	2175	38721	4980	5055
CS___426	4	1	27145	3480	3630
CS___426	4	1	27146	3480	3630
CS___426	4	1	41357	5250	5400
CS___426	4	1	41358	5250	5400
CS___427	6	1	45607	3660	3830
CS___427	6	1	45608	3660	3830
CS___427	6	1	48737	3420	3580
CS___427	6	1	48738	3420	3580
CS___427	6	1	48739	3660	3820
CS___427	6	1	48740	3660	3820
CS___428	2	2	43563	2370	2445	43563	5250	5325
CS___428	2	2	43564	2370	2445	43564	5250	5325
CS___440	8	3	29904	780	830	29904	3660	3710	29904	6540	6590
CS___440	8	3	29905	780	830	29905	3660	3710	29905	6540	6590
CS___440	8	3	38984	840	890	38984	3720	3770	38984	6600	6650
CS___440	8	3	38985	840	890	38985	3720	3770	38985	6600	6650
CS___440	8	3	41679	600	650	41679	3480	3530	41679	6360	6410
CS___440	8	3	41680	600	650	41680	3480	3530	41680	6360	6410
CS___440	8	3	43478	660	710	43478	3540	3590	43478	6420	6470
CS___440	8	3	43479	660	710	43479	3540	3590	43479	6420	6470
CS___441	2	2	39826	2460	2535	39826	5340	5415
CS___441	2	2	39827	2460	2535	39827	5340	5415
CS___442	4	3	33785	840	890	33785	3720	3770	33785	6600	6650
CS___442	4	3	33786	840	890	33786	3720	3770	33786	6600	6650
CS___442	4	3	38900	660	710	38900	3540	3590	38900	6420	6470
CS___442	4	3	38901	660	710	38901	3540	3590	38901	6420	6470
CS___450	4	2	10677	750	825	10677	3630	3705
CS___450	4	2	17432	750	825	17432	3630	3705
CS___450	4	2	19163	750	825	19163	3630	3705
CS___450	4	2	20271	750	825	20271	3630	3705
CS___453	2	2	47563	990	1065	47563	3870	3945
CS___453	2	2	47564	990	1065	47564	3870	3945
CS___454	2	2	45709	2100	2175	45709	4980	5055
CS___454	2	2	45710	2100	2175	45710	4980	5055
CS___455	2	2	48256	2190	2265	48256	5070	5145
CS___455	2	2	48257	2190	2265	48257	5070	5145
CS___461	2	2	42521	570	645	42521	3450	3525
CS___461	2	2	43861	570	645	43861	3450	3525
CS___463	4	2	43879	930	1005	43879	3810	3885
CS___463	4	2	43880	930	1005	43880	3810	3885
CS___463	4	3	45270	720	770	45270	3600	3650	45270	6480	6530
CS___463	4	3	45271	720	770	45271	3600	3650	45271	6480	6530
CS___466	4	2	26694	2010	2085	26694	4890	4965
CS___466	4	2	26695	2010	2085	26695	4890	4965
CS___466	4	2	28472	2370	2445	28472	5250	5325
CS___466	4	2	28473	2370	2445	28473	5250	5325
CS___468	2	2	48670	2190	2265	48670	5070	5145
CS___468	2	2	48671	2190	2265	48671	5070	5145
CS___472	2	2	47406	2100	2175	47406	4980	5055
CS___472	2	2	47407	2100	2175	47407	4980	5055
CS___473	2	2	47255	660	735	47255	3540	3615
CS___473	2	2	47256	660	735	47256	3540	3615
CS___474	6	2	10680	2460	2535	10680	5340	5415
CS___474	6	2	20205	2460	2535	20205	5340	5415
CS___474	6	2	38616	840	915	38616	3720	3795
CS___474	6	2	38617	840	915	38617	3720	3795
CS___474	6	2	38902	2190	2265	38902	5070	5145
CS___474	6	2	38903	2190	2265	38903	5070	5145
CS___476	4	2	32644	2280	2355	32644	5160	5235
CS___476	4	2	32645	2280	2355	32645	5160	5235
CS___476	4	2	42740	2370	2445	42740	5250	5325
CS___476	4	2	42741	2370	2445	42741	5250	5325
CS___477	2	2	48168	2460	2535	48168	5340	5415
CS___477	2	2	48169	2460	2535	48169	5340	5415
CS___478	4	2	37633	750	825	37633	3630	3705
CS___478	4	2	37634	750	825	37634	3630	3705
CS___478	4	2	41618	2370	2445	41618	5250	5325
CS___478	4	2	41619	2370	2445	41619	5250	5325
CS___479	2	1	45526	600	770
CS___479	2	1	47191	2040	2210
CS___480	8	3	10682	600	650	10682	3480	3530	10682	6360	6410
CS___480	8	3	13947	600	650	13947	3480	3530	13947	6360	6410
CS___480	8	2	17438	1020	1095	17438	3900	3975
CS___480	8	2	19171	1020	1095	19171	3900	3975
CS___480	8	2	41677	2460	2535	41677	5340	5415
CS___480	8	2	41678	2460	2535	41678	5340	5415
CS___480	8	2	43454	2460	2535	43454	5340	5415
CS___480	8	2	43455	2460	2535	43455	5340	5415
CS___483	2	2	48742	1920	1995	48742	4800	4875
CS___483	2	2	48743	1920	1995	48743	4800	4875
CS___484	2	2	46593	2280	2355	46593	5160	5235
CS___484	2	2	46594	2280	2355	46594	5160	5235
CS___485	2	2	49509	840	915	49509	3720	3795
CS___485	2	2	49510	840	915	49510	3720	3795
CS___487	2	2	28124	2370	2445	28124	5250	5325
CS___487	2	2	28125	2370	2445	28125	5250	5325
CS___488	2	2	48841	2370	2445	48841	5250	5325
CS___488	2	2	48842	2370	2445	48842	5250	5325
CS___489	2	2	48672	2100	2175	48672	4980	5055
CS___489	2	2	48673	2100	2175	48673	4980	5055
CS___491	9	1	26942	5160	5340
CS___491	9	1	27041	5160	5340
CS___491	9	2	30285	2100	2175	30285	4980	5055
CS___491	9	2	30757	2100	2175	30757	4980	5055
CS___491	9	2	38956	2190	2265	38956	5070	5145
CS___491	9	2	38963	2190	2265	38963	5070	5145
CS___491	9	2	41657	900	975	41657	3780	3855
CS___491	9	2	41667	900	975	41667	3780	3855
CS___491	9	2	42677	2370	2445	42677	5250	5325
CS___494	8	2	42278	1020	1095	42278	3900	3975
CS___494	8	2	42280	570	645	42280	3450	3525
CS___494	8	2	42281	570	645	42281	3450	3525
CS___494	8	2	42289	1020	1095	42289	3900	3975
CS___494	8	1	43965	840	1010
CS___494	8	2	44014	840	915	44014	3720	3795
CS___494	8	2	44015	840	915	44015	3720	3795
CS___494	8	1	46544	840	1010
CS___501	3	2	26929	900	975	26929	3780	3855
CS___501	3	3	33788	660	710	33788	3540	3590	33788	6420	6470
CS___501	3	2	34850	2460	2535	34850	5340	5415
CS___502	2	2	23104	2280	2355	23104	5160	5235
CS___502	2	3	41831	840	890	41831	3720	3770	41831	6600	6650
CS___505	2	2	41114	2280	2355	41114	5160	5235
CS___505	2	2	48674	2190	2265	48674	5070	5145
CS___506	1	2	47565	2280	2355	47565	5160	5235
CS___511	1	3	17442	660	710	17442	3540	3590	17442	6420	6470
CS___514	1	3	22882	600	650	22882	3480	3530	22882	6360	6410
CS___515	2	2	43364	930	1005	43364	3810	3885
CS___515	2	2	48741	2370	2445	48741	5250	5325
CS___516	1	2	47582	1020	1095	47582	3900	3975
CS___517	1	2	48253	2370	2445	48253	5250	5325
CS___519	1	2	49511	570	645	49511	3450	3525
CS___520	1	2	45269	2100	2175	45269	4980	5055
CS___521	1	2	43232	2010	2085	43232	4890	4965
CS___522	2	2	37373	2100	2175	37373	4980	5055
CS___522	2	2	45272	900	975	45272	3780	3855
CS___524	1	2	49285	2010	2085	49285	4890	4965
CS___526	1	1	38727	3840	3990
CS___529	2	2	43565	2280	2355	43565	5160	5235
CS___529	2	2	47569	2280	2355	47569	5160	5235
CS___532	2	2	45951	2550	2625	45951	5430	5505
CS___532	2	2	48790	2280	2355	48790	5160	5235
CS___533	1	1	46404	900	1050
CS___535	1	2	47491	930	1005	47491	3810	3885
CS___540	2	2	35014	2280	2355	35014	5160	5235
CS___540	2	2	37332	840	915	37332	3720	3795
CS___550	1	2	49286	2370	2445	49286	5250	5325
CS___553	2	2	24388	2460	2535	24388	5340	5415
CS___553	2	2	39828	990	1065	39828	3870	3945
CS___554	1	2	28126	2460	2535	28126	5340	5415
CS___559	1	2	25622	2010	2085	25622	4890	4965
CS___565	1	2	28478	2190	2265	28478	5070	5145
CS___566	2	2	33563	2370	2445	33563	5250	5325
CS___566	2	2	33741	2190	2265	33741	5070	5145
CS___568	2	2	45407	2190	2265	45407	5070	5145
CS___568	2	2	47481	2280	2355	47481	5160	5235
CS___569	1	2	27021	840	915	27021	3720	3795
CS___582	2	2	38342	2190	2265	38342	5070	5145
CS___582	2	1	47257	900	1050
CS___583	2	2	30286	2190	2265	30286	5070	5145
CS___583	2	2	45283	2280	2355	45283	5160	5235
CS___584	1	2	33487	2010	2085	33487	4890	4965
CS___586	2	1	22888	6600	6750
CS___586	2	2	45274	2010	2085	45274	4890	4965
CS___587	2	2	38056	1080	1155	38056	3960	4035
CS___587	2	2	44286	2370	2445	44286	5250	5325
CS___588	2	2	46235	1020	1095	46235	3900	3975
CS___588	2	2	48254	2460	2535	48254	5340	5415
CS___590	1	2	45284	990	1065	45284	3870	3945
CS___594	10	2	27441	2280	2355	27441	5160	5235
CS___594	10	2	29095	2010	2085	29095	4890	4965
CS___594	10	2	33648	660	735	33648	3540	3615
CS___594	10	2	33792	2280	2355	33792	5160	5235
CS___594	10	2	34724	2010	2085	34724	4890	4965
CS___594	10	2	40393	2190	2265	40393	5070	5145
CS___594	10	2	42607	990	1065	42607	3870	3945
CS___594	10	2	43136	2100	2175	43136	4980	5055
CS___594	10	2	43915	1020	1095	43915	3900	3975
CS___594	10	2	48277	930	1005	48277	3810	3885
