CHEM_100	1	2	13775	2010	2085	13775	4890	4965
CHEM_101	39	1	11085	600	650
CHEM_101	39	1	11096	6360	6410
CHEM_101	39	1	11101	6480	6530
CHEM_101	39	1	11106	4800	4850
CHEM_101	39	1	11113	780	830
CHEM_101	39	1	11121	660	710
CHEM_101	39	1	11146	2010	2060
CHEM_101	39	1	11157	4890	4940
CHEM_101	39	1	11162	3600	3650
CHEM_101	39	1	11174	6240	6290
CHEM_101	39	1	11177	900	950
CHEM_101	39	1	11184	1920	1970
CHEM_101	39	1	11217	3720	3770
CHEM_101	39	1	11226	3840	3890
CHEM_101	39	1	11230	3360	3410
CHEM_101	39	2	11232	540	590	11232	3420	3470
CHEM_101	39	1	11234	3540	3590
CHEM_101	39	1	18600	840	890
CHEM_101	39	1	18601	720	770
CHEM_101	39	1	18606	2220	2270
CHEM_101	39	1	21731	4980	5030
CHEM_101	39	1	21732	5280	5330
CHEM_101	39	1	25861	3480	3530
CHEM_101	39	1	27383	2280	2330
CHEM_101	39	1	27385	6660	6710
CHEM_101	39	1	30998	3780	3830
CHEM_101	39	1	30999	6540	6590
CHEM_101	39	1	31088	960	1010
CHEM_101	39	1	32735	2100	2150
CHEM_101	39	1	32736	6300	6350
CHEM_101	39	1	32940	3660	3710
CHEM_101	39	1	40728	480	530
CHEM_101	39	1	41599	2190	2240
CHEM_101	39	1	41600	5070	5120
CHEM_101	39	1	42997	6600	6650
CHEM_101	39	1	43133	5160	5210
CHEM_101	39	1	43134	5220	5270
CHEM_101	39	1	43628	5040	5090
CHEM_101	39	1	43629	2400	2450
CHEM_105	1	2	36618	480	530	36618	3360	3410
CHEM_115	1	3	48300	660	710	48300	3540	3590	48300	6420	6470
CHEM_116	1	3	11259	720	770	11259	3600	3650	11259	6480	6530
CHEM_118	1	3	18671	720	770	18671	3600	3650	18671	6480	6530
CHEM_122	6	3	39519	600	650	39519	3480	3530	39519	6360	6410
CHEM_122	6	3	39548	480	530	39548	3360	3410	39548	6240	6290
CHEM_122	6	3	39549	960	1010	39549	3840	3890	39549	6720	6770
CHEM_122	6	3	39551	840	890	39551	3720	3770	39551	6600	6650
CHEM_122	6	3	46086	660	710	46086	3540	3590	46086	6420	6470
CHEM_122	6	3	46087	540	590	46087	3420	3470	46087	6300	6350
CHEM_124	4	3	39707	900	950	39707	3780	3830	39707	6660	6710
CHEM_124	4	3	39708	660	710	39708	3540	3590	39708	6420	6470
CHEM_124	4	3	42010	540	590	42010	3420	3470	42010	6300	6350
CHEM_124	4	3	46093	480	530	46093	3360	3410	46093	6240	6290
CHEM_130	1	2	11293	2280	2355	11293	5160	5235
CHEM_222	1	2	11369	2190	2240	11369	5070	5120
CHEM_230	1	2	43569	2100	2175	43569	4980	5055
CHEM_232	5	2	11376	1920	1995	11376	4800	4875
CHEM_232	5	2	30736	2280	2355	30736	5160	5235
CHEM_232	5	2	33732	2100	2175	33732	4980	5055
CHEM_232	5	2	46095	2190	2265	46095	5070	5145
CHEM_232	5	2	46096	2010	2085	46096	4890	4965
CHEM_234	3	2	11552	2190	2265	11552	5070	5145
CHEM_234	3	2	33556	1920	1995	33556	4800	4875
CHEM_234	3	2	46098	2100	2175	46098	4980	5055
CHEM_240	1	2	43232	2100	2150	43232	4980	5030
CHEM_314	2	3	11586	660	710	11586	3540	3590	11586	6420	6470
CHEM_314	2	3	18752	720	770	18752	3600	3650	18752	6480	6530
CHEM_340	3	3	26424	900	950	26424	3780	3830	26424	6660	6710
CHEM_340	3	3	34164	840	890	34164	3720	3770	34164	6600	6650
CHEM_340	3	3	36607	660	710	36607	3540	3590	36607	6420	6470
CHEM_342	1	3	11589	780	830	11589	3660	3710	11589	6540	6590
CHEM_344	1	3	11603	840	890	11603	3720	3770	11603	6600	6650
CHEM_346	2	3	18762	780	830	18762	3660	3710	18762	6540	6590
CHEM_346	2	3	34166	840	890	34166	3720	3770	34166	6600	6650
CHEM_352	1	2	11610	2100	2175	11610	4980	5055
CHEM_414	1	3	32464	780	830	32464	3660	3710	32464	6540	6590
CHEM_415	1	1	27268	780	830
CHEM_421	1	2	43620	2100	2150	43620	4980	5030
CHEM_432	1	2	21515	2190	2265	21515	5070	5145
CHEM_444	1	2	21983	2010	2060	21983	4890	4940
CHEM_452	2	2	11805	2100	2175	11805	4980	5055
CHEM_452	2	2	36608	2190	2265	36608	5070	5145
CHEM_454	1	2	18907	2100	2175	18907	4980	5055
CHEM_458	2	2	33378	2190	2265	33378	5070	5145
CHEM_458	2	2	40935	2280	2355	40935	5160	5235
CHEM_475	1	1	40604	3870	3980
CHEM_480	2	1	39757	2190	2370
CHEM_480	2	1	40589	3600	3780
CHEM_500	1	2	11981	1020	1110	11981	6780	6870
CHEM_501	1	1	45173	5160	5270
CHEM_510	1	1	36751	3900	3950
CHEM_514	1	3	34840	600	650	34840	3480	3530	34840	6360	6410
CHEM_517	1	2	29280	2010	2085	29280	4890	4965
CHEM_519	1	2	41785	660	750	41785	3540	3630
CHEM_522	1	2	28046	2190	2265	28046	5070	5145
CHEM_524	1	2	42258	900	975	42258	3780	3855
CHEM_526	1	2	33559	2280	2355	33559	5160	5235
CHEM_527	1	2	46306	2190	2265	46306	5070	5145
CHEM_528	1	2	32463	2100	2175	32463	4980	5055
CHEM_529	1	2	48517	900	975	48517	3780	3855
CHEM_531	1	2	30660	2280	2355	30660	5160	5235
CHEM_532	1	2	25913	2100	2175	25913	4980	5055
CHEM_533	2	2	27485	2280	2355	27485	5160	5235
CHEM_533	2	2	31193	2010	2085	31193	4890	4965
CHEM_534	2	2	26461	2280	2355	26461	5160	5235
CHEM_534	2	2	34841	2010	2085	34841	4890	4965
CHEM_537	1	2	47456	2280	2355	47456	5160	5235
CHEM_539	1	2	38652	2010	2085	38652	4890	4965
CHEM_540	1	1	31037	3900	3950
CHEM_541	2	2	33559	2100	2175	33559	4980	5055
CHEM_541	2	3	39985	720	770	39985	3600	3650	39985	6480	6530
CHEM_542	1	3	12743	840	890	12743	3720	3770	12743	6600	6650
CHEM_548	1	3	34252	780	830	34252	3660	3710	34252	6540	6590
CHEM_549	1	3	36369	780	830	36369	3660	3710	36369	6540	6590
CHEM_551	1	2	29105	2100	2175	29105	4980	5055
CHEM_552	1	2	27228	2190	2265	27228	5070	5145
CHEM_555	1	2	39984	2190	2265	39984	5070	5145
CHEM_557	1	2	44064	2280	2355	44064	5160	5235
CHEM_558	2	2	25433	2190	2265	25433	5070	5145
CHEM_558	2	2	38948	2100	2175	38948	4980	5055
CHEM_559	1	2	35571	900	975	35571	3780	3855
CHEM_571	1	1	46394	2220	2390
CHEM_574	1	1	47609	3660	3830
