UPP__403	fall	2	1	27377	720	885
UPP__403	fall	2	1	27378	720	885
UPP__405	fall	2	1	45002	3600	3650
UPP__405	fall	2	1	45464	3600	3650
UPP__452	fall	2	1	48628	2280	2450
UPP__452	fall	2	1	48629	2280	2450
UPP__453	spring	2	1	47583	5250	5415
UPP__453	spring	2	1	47584	5250	5415
UPP__458	fall	3	1	43145	5430	5595
UPP__458	fall	3	1	43146	5430	5595
UPP__458	fall	3	1	49614	2550	2715
UPP__458	spring	1	1	41783	5430	5595
UPP__459	fall	1	1	43148	2550	2715
UPP__459	spring	1	1	41784	5430	5595
UPP__461	fall	6	1	33884	3990	4155
UPP__461	fall	6	1	39820	3990	4155
UPP__461	fall	6	1	42825	4890	5055
UPP__461	fall	6	1	42826	4890	5055
UPP__461	fall	6	1	42827	2370	2535
UPP__461	fall	6	1	42828	2370	2535
UPP__461	spring	4	1	33590	3990	4155
UPP__461	spring	4	1	33591	3990	4155
UPP__461	spring	4	1	42453	2370	2535
UPP__461	spring	4	1	42454	2370	2535
UPP__462	fall	2	1	46885	3780	3945
UPP__462	fall	2	1	46886	3780	3945
UPP__462	spring	2	1	44379	3600	3765
UPP__462	spring	2	1	44380	3600	3765
UPP__465	fall	2	1	42329	1080	1200
UPP__465	fall	2	1	42330	1080	1200
UPP__465	spring	2	1	45625	900	1065
UPP__465	spring	2	1	45626	900	1065
UPP__493	fall	2	1	49384	5250	5415
UPP__493	fall	2	1	49385	5250	5415
UPP__493	spring	4	1	44441	5070	5235
UPP__493	spring	4	1	44442	5070	5235
UPP__493	spring	4	1	48357	2370	2535
UPP__493	spring	4	1	48358	2370	2535
UPP__500	fall	3	1	13871	900	1065
UPP__500	fall	3	1	39795	2190	2355
UPP__500	fall	3	1	48732	3960	4125
UPP__500	spring	1	1	45329	2190	2355
UPP__501	fall	3	1	23430	3600	3765
UPP__501	fall	3	1	31007	3960	4125
UPP__501	fall	3	1	46870	900	1065
UPP__502	fall	3	1	13874	3420	3585
UPP__502	fall	3	1	46871	5250	5415
UPP__502	fall	3	1	48733	2550	2715
UPP__502	spring	1	1	45330	1080	1245
UPP__505	spring	1	1	26489	2550	2715
UPP__506	spring	5	1	26491	5250	5415
UPP__506	spring	5	1	36898	3960	4125
UPP__506	spring	5	1	41239	3600	3765
UPP__506	spring	5	1	44381	5430	5595
UPP__506	spring	5	1	48139	3780	3945
UPP__508	fall	1	1	45010	720	885
UPP__508	spring	1	1	42135	900	1065
UPP__530	spring	1	1	34817	720	885
UPP__531	fall	1	1	13886	900	1065
UPP__533	fall	1	1	13887	1080	1245
UPP__540	spring	1	1	41083	4890	5055
UPP__541	fall	1	1	42331	2550	2715
UPP__542	fall	1	1	48734	3630	3795
UPP__542	spring	1	1	45331	3960	4125
UPP__544	spring	1	1	44383	2160	2325
UPP__550	spring	1	1	41086	1080	1245
UPP__553	fall	1	1	23506	5430	5595
UPP__556	spring	1	1	44384	2550	2715
UPP__557	fall	1	1	42332	900	1065
UPP__558	fall	1	1	37522	1080	1245
UPP__558	spring	1	1	45332	5430	5595
UPP__560	spring	1	1	41089	3960	4125
UPP__562	fall	1	1	33052	3960	4125
UPP__564	fall	1	1	50089	2550	2715
UPP__564	spring	1	1	45333	1080	1245
UPP__565	fall	1	1	47250	2550	2715
UPP__565	spring	2	1	44385	1080	1245
UPP__565	spring	2	1	48359	5430	5595
UPP__566	fall	2	1	36715	2550	2715
UPP__566	fall	2	1	47251	1080	1245
UPP__567	fall	1	1	33646	3660	3810
UPP__570	spring	1	1	39542	2010	2175
UPP__571	fall	1	1	43769	2370	2535
UPP__572	fall	1	1	47252	1080	1245
UPP__575	fall	1	1	49521	3960	4125
UPP__583	fall	1	1	30315	720	885
UPP__583	spring	1	1	45334	720	885
UPP__588	fall	1	1	47253	540	705
UPP__594	fall	2	1	36473	2190	2355
UPP__594	fall	2	1	49929	2370	2535
UPP__594	spring	1	1	45627	3780	3945
UPP__595	fall	1	1	45011	5430	5505
UPP__595	spring	1	1	43272	2370	2505
