ART__101	fall	1	2	46639	1980	2030	46639	4860	4910
ART__101	spring	1	2	35213	540	590	35213	3420	3470
ART__110	spring	1	2	46493	2370	2445	46493	5250	5325
ART__112	fall	4	2	35837	780	830	35837	3660	3710
ART__112	fall	4	2	35867	1980	2030	35867	4860	4910
ART__112	fall	4	2	35869	2160	2210	35869	5040	5090
ART__112	fall	4	2	39525	2340	2390	39525	5220	5270
ART__112	spring	4	2	35215	780	830	35215	3660	3710
ART__112	spring	4	2	35217	960	1010	35217	3840	3890
ART__112	spring	4	2	38658	2160	2210	38658	5040	5090
ART__112	spring	4	2	40685	2340	2390	40685	5220	5270
ART__116	spring	1	3	40054	780	830	40054	3660	3710	40054	6540	6590
ART__130	fall	4	2	35871	780	830	35871	3660	3710
ART__130	fall	4	1	38247	6300	6410
ART__130	fall	4	2	39406	1980	2030	39406	4860	4910
ART__130	fall	4	2	39916	2160	2210	39916	5040	5090
ART__130	spring	4	2	35219	1011	1110	35219	3891	3990
ART__130	spring	4	2	38627	780	830	38627	3660	3710
ART__130	spring	4	2	39303	1980	2030	39303	4860	4910
ART__130	spring	4	2	40687	2160	2210	40687	5040	5090
ART__140	fall	3	2	35873	2160	2210	35873	5040	5090
ART__140	fall	3	2	35875	780	830	35875	3660	3710
ART__140	fall	3	2	35877	960	1010	35877	3840	3890
ART__140	spring	3	2	35221	540	590	35221	3420	3470
ART__140	spring	3	2	35832	780	830	35832	3660	3710
ART__140	spring	3	2	39297	2160	2210	39297	5040	5090
ART__150	fall	3	2	35881	540	590	35881	3420	3470
ART__150	fall	3	2	35883	1980	2030	35883	4860	4910
ART__150	fall	3	2	42853	2340	2390	42853	5220	5270
ART__150	spring	3	2	35223	1980	2030	35223	4860	4910
ART__150	spring	3	2	35835	2160	2210	35835	5040	5090
ART__150	spring	3	2	39301	2340	2390	39301	5220	5270
ART__151	fall	3	2	42470	2340	2390	42470	5220	5270
ART__151	fall	3	2	43431	540	590	43431	3420	3470
ART__151	fall	3	2	44905	960	1010	44905	3840	3890
ART__151	spring	3	2	41863	960	1010	41863	3840	3890
ART__151	spring	3	2	41865	780	830	41865	3660	3710
ART__151	spring	3	2	42793	540	590	42793	3420	3470
ART__160	fall	3	2	35885	540	590	35885	3420	3470
ART__160	fall	3	2	35889	960	1010	35889	3840	3890
ART__160	fall	3	2	35891	780	830	35891	3660	3710
ART__160	spring	4	2	35838	780	830	35838	3660	3710
ART__160	spring	4	2	36810	960	1010	36810	3840	3890
ART__160	spring	4	2	39305	2340	2390	39305	5220	5270
ART__160	spring	4	2	39307	2550	2600	39307	5430	5480
ART__170	fall	3	2	35893	540	590	35893	3420	3470
ART__170	fall	3	2	35897	960	1010	35897	3840	3890
ART__170	fall	3	2	35899	2160	2210	35899	5040	5090
ART__170	spring	3	2	35227	780	830	35227	3660	3710
ART__170	spring	3	2	35841	1980	2030	35841	4860	4910
ART__170	spring	3	2	39309	2340	2390	39309	5220	5270
ART__190	fall	5	2	38252	2370	2420	38252	5250	5300
ART__190	fall	5	2	38351	960	1000	38351	3840	3880
ART__190	fall	5	2	38352	2370	2420	38352	5250	5300
ART__190	fall	5	2	38378	540	590	38378	3420	3470
ART__190	fall	5	1	41938	6300	6400
ART__190	spring	1	2	37166	2550	2600	37166	5430	5480
ART__201	fall	1	2	42052	2100	2150	42052	4980	5030
ART__210	spring	1	2	41867	2100	2150	41867	4980	5030
ART__212	fall	1	2	35901	960	1010	35901	3840	3890
ART__212	spring	1	2	41876	1980	2030	41876	4860	4910
ART__223	fall	1	2	43434	2370	2445	43434	5250	5325
ART__230	fall	1	2	35903	540	590	35903	3420	3470
ART__230	spring	1	2	35232	540	590	35232	3420	3470
ART__240	fall	1	2	35907	540	590	35907	3420	3470
ART__240	spring	1	2	35234	1980	2030	35234	4860	4910
ART__250	fall	1	2	35909	780	830	35909	3660	3710
ART__250	spring	1	2	35236	720	770	35236	3600	3650
ART__260	fall	1	2	35911	960	1010	35911	3840	3890
ART__260	spring	1	2	35238	960	1010	35238	3840	3890
ART__261	fall	1	2	35913	1980	2030	35913	4860	4910
ART__261	spring	1	2	35240	1980	2030	35240	4860	4910
ART__270	fall	1	2	42065	1980	2030	42065	4860	4910
ART__272	fall	1	2	35915	2370	2420	35915	5250	5300
ART__272	spring	1	2	35243	540	590	35243	3420	3470
ART__274	fall	1	2	37252	540	590	37252	3420	3470
ART__274	spring	1	2	41871	1920	1970	41871	4800	4850
ART__275	fall	1	2	35921	1980	2030	35921	4860	4910
ART__280	fall	1	2	35923	2340	2390	35923	5220	5270
ART__290	fall	1	2	48535	2550	2600	48535	5430	5480
ART__310	fall	1	1	49242	660	810
ART__312	fall	1	2	35925	540	590	35925	3420	3470
ART__312	spring	1	2	35252	540	590	35252	3420	3470
ART__323	fall	1	1	43437	2160	2310
ART__330	fall	1	2	35927	960	1010	35927	3840	3890
ART__330	spring	2	2	35253	2340	2390	35253	5220	5270
ART__330	spring	2	1	41882	6300	6410
ART__340	fall	1	2	35931	1980	2030	35931	4860	4910
ART__350	fall	1	2	37254	2160	2210	37254	5040	5090
ART__350	spring	1	2	36814	960	1010	36814	3840	3890
ART__360	fall	1	2	35933	2340	2390	35933	5220	5270
ART__360	spring	1	2	35257	2340	2390	35257	5220	5270
ART__362	fall	2	2	35937	900	950	35937	3780	3830
ART__362	fall	2	2	47121	2370	2420	47121	5250	5300
ART__370	fall	1	2	42067	780	830	42067	3660	3710
ART__372	fall	2	2	35941	480	530	35941	3360	3410
ART__372	fall	2	2	41539	2220	2270	41539	5100	5150
ART__372	spring	1	2	35263	1980	2030	35263	4860	4910
ART__374	fall	2	2	35944	900	950	35944	3780	3830
ART__374	fall	2	2	41541	1980	2030	41541	4860	4910
ART__374	spring	1	2	40691	540	590	40691	3420	3470
ART__376	spring	1	2	35268	780	830	35268	3660	3710
ART__380	fall	1	2	35948	2400	2450	35948	5280	5330
ART__381	fall	2	2	35950	2340	2390	35950	5220	5270
ART__381	fall	2	2	39917	540	590	39917	3420	3470
ART__382	fall	1	2	37256	780	830	37256	3660	3710
ART__382	spring	1	2	40694	780	830	40694	3660	3710
ART__400	fall	1	1	42495	960	1110
ART__410	fall	1	1	43438	5250	5300
ART__454	fall	1	2	35962	780	830	35962	3660	3710
ART__456	fall	2	2	35964	780	830	35964	3660	3710
ART__456	fall	2	2	49246	2340	2390	49246	5220	5270
ART__457	fall	2	2	35966	2550	2595	35966	5430	5475
ART__457	fall	2	2	42304	2400	2450	42304	5280	5330
ART__457	spring	1	2	35285	2340	2390	35285	5220	5270
ART__460	fall	1	1	45019	2391	2490
ART__460	spring	1	1	43285	3471	3570
ART__470	fall	1	1	49579	695	775
ART__470	spring	1	1	44163	960	1010
ART__484	spring	1	1	42821	2490	2540
ART__485	spring	1	1	42823	2490	2540
ART__520	fall	2	1	35984	5250	5300
ART__520	fall	2	1	35986	6300	6350
ART__520	spring	1	1	36251	6540	6590
ART__540	spring	1	1	44164	1110	1260
ART__541	fall	1	1	46030	2340	2490
