US___100	spring	1	2	44454	720	770	44454	3600	3650
US___101	fall	1	1	38685	2370	2445
US___101	spring	1	1	38167	2370	2445
US___130	fall	1	1	38687	990	1065
US___130	spring	1	1	42615	0	0
US___140	spring	1	2	42253	660	735	42253	3540	3615
US___202	fall	1	1	38688	2100	2175
US___202	spring	1	1	38170	2010	2085
US___205	fall	1	1	42335	990	1065
US___220	fall	1	2	48754	2190	2265	48754	5070	5145
US___230	spring	1	1	43217	2100	2175
US___240	fall	1	1	42952	2010	2085
US___250	spring	1	2	42134	2460	2535	42134	5340	5415
US___261	fall	1	2	46383	2190	2265	46383	5070	5145
US___296	fall	1	1	48731	5280	5450
US___296	spring	1	1	45630	3900	4065
US___301	fall	1	1	45013	2280	2355
US___304	fall	1	1	45015	2460	2535
US___306	spring	1	2	39520	900	975	39520	3780	3855
US___308	fall	1	2	50358	900	975	50358	3780	3855
US___308	spring	1	2	39521	2010	2085	39521	4890	4965
US___361	fall	1	2	39805	2370	2445	39805	5250	5325
US___361	spring	1	2	45328	2280	2355	45328	5160	5235
US___390	fall	1	1	50393	2370	2535
US___390	spring	1	2	39943	2280	2355	39943	5160	5235
US___495	spring	1	1	39529	3600	3675
US___498	fall	1	1	39956	0	0
US___498	spring	1	1	38183	0	0
