PA___401	fall	4	1	40044	2550	2715
PA___401	fall	4	1	40045	2550	2715
PA___401	fall	4	1	40046	900	1070
PA___401	fall	4	1	40047	900	1070
PA___402	fall	1	1	40048	2550	2625
PA___403	fall	2	1	40050	1080	1260
PA___403	fall	2	1	40051	1080	1260
PA___403	spring	2	1	39640	2550	2715
PA___403	spring	2	1	40005	2550	2715
PA___434	fall	2	1	45183	5430	5595
PA___434	fall	2	1	45184	5430	5595
PA___434	spring	2	1	44171	3960	4130
PA___434	spring	2	1	44176	3960	4130
PA___435	spring	1	1	44846	3780	3855
PA___446	fall	1	1	45128	3960	4130
PA___446	spring	1	1	46531	3960	4125
PA___447	fall	1	1	28450	3420	3585
PA___452	fall	2	1	48622	2280	2450
PA___452	fall	2	1	48623	2280	2450
PA___453	fall	2	1	48424	2280	2450
PA___453	fall	2	1	48426	2280	2450
PA___453	spring	2	1	46591	5250	5415
PA___453	spring	2	1	46592	5250	5415
PA___467	spring	1	1	42188	2550	2715
PA___468	fall	1	1	43753	5250	5415
PA___470	spring	2	1	45542	5430	5595
PA___470	spring	2	1	45543	5430	5595
PA___494	fall	6	1	38643	2280	2450
PA___494	fall	6	1	38644	2280	2450
PA___494	fall	6	1	40480	3780	3945
PA___494	fall	6	1	40481	3780	3945
PA___494	fall	6	1	42580	2370	2535
PA___494	fall	6	1	42581	2370	2535
PA___494	spring	1	1	48007	1080	1250
PA___504	fall	2	1	32021	1080	1250
PA___504	fall	2	1	38645	1080	1250
PA___505	spring	1	1	47318	3780	3950
PA___506	spring	1	1	44342	1080	1250
PA___510	fall	1	1	44952	2190	2355
PA___511	fall	2	1	40468	2190	2355
PA___511	fall	2	1	42345	960	1130
PA___513	fall	1	1	40944	5070	5235
PA___513	spring	1	1	46536	3780	3945
PA___515	fall	1	1	40945	2040	2205
PA___515	spring	1	1	36907	1080	1250
PA___520	fall	1	1	46375	2370	2535
PA___521	fall	1	1	34666	5250	5415
PA___522	fall	1	1	42343	3960	4130
PA___524	fall	2	1	40053	3960	4140
PA___524	fall	2	1	41343	3960	4130
PA___526	fall	1	1	44953	5430	5595
PA___527	fall	1	1	43755	900	1070
PA___528	fall	1	1	46095	3960	4140
PA___529	fall	2	1	40054	3960	4140
PA___529	fall	2	1	41344	2550	2655
PA___531	fall	1	1	46096	3780	3950
PA___533	fall	1	1	38437	3780	3950
PA___540	fall	3	1	35741	3780	3950
PA___540	fall	3	1	40470	2340	2510
PA___540	fall	3	1	42346	900	1070
PA___541	fall	1	1	49196	900	1050
PA___541	spring	1	1	39659	2550	2715
PA___542	fall	1	1	43756	900	1070
PA___542	spring	1	1	40927	2280	2450
PA___544	fall	1	1	42347	900	1070
PA___544	spring	1	1	46535	5250	5415
PA___545	fall	1	1	33846	720	810
PA___546	spring	1	1	47320	2160	2250
PA___550	fall	2	1	37189	2550	2715
PA___550	fall	2	2	38646	780	950	38646	3660	3830
PA___552	fall	1	1	37188	5430	5595
PA___553	spring	1	1	38219	3960	4130
PA___554	fall	1	1	40946	2370	2535
PA___561	fall	1	1	40203	3960	4130
PA___561	spring	1	1	42813	5430	5595
PA___562	fall	1	1	46097	3780	3950
PA___562	spring	1	1	39663	3780	3945
PA___563	fall	1	1	44020	1080	1250
PA___567	fall	1	1	39442	1020	1170
PA___571	spring	1	1	45246	3960	4130
PA___572	fall	1	1	40250	3960	4130
PA___573	fall	2	1	40204	3960	4140
PA___573	fall	2	1	41345	3960	4130
PA___577	spring	1	1	44548	2400	2565
PA___590	fall	1	1	25082	1080	1260
PA___590	spring	1	1	23325	5430	5595
PA___591	fall	2	1	40205	6720	6830
PA___591	fall	2	1	40471	6720	6840
PA___592	spring	1	1	45244	6840	7010
PA___594	fall	2	1	41497	5070	5235
PA___594	fall	2	1	46098	3780	3950
PA___594	spring	1	1	46537	3780	3945
