COMM_100	fall	21	3	10525	660	710	10525	3540	3590	10525	6420	6470
COMM_100	fall	21	3	10531	900	950	10531	3780	3830	10531	6660	6710
COMM_100	fall	21	3	28146	780	830	28146	3660	3710	28146	6540	6590
COMM_100	fall	21	3	29956	840	890	29956	3720	3770	29956	6600	6650
COMM_100	fall	21	3	32341	600	650	32341	3480	3530	32341	6360	6410
COMM_100	fall	21	3	36318	600	650	36318	3480	3530	36318	6360	6410
COMM_100	fall	21	3	36319	600	650	36319	3480	3530	36319	6360	6410
COMM_100	fall	21	3	36321	780	830	36321	3660	3710	36321	6540	6590
COMM_100	fall	21	3	36322	780	830	36322	3660	3710	36322	6540	6590
COMM_100	fall	21	3	36893	840	890	36893	3720	3770	36893	6600	6650
COMM_100	fall	21	3	38964	660	710	38964	3540	3590	38964	6420	6470
COMM_100	fall	21	3	38965	780	830	38965	3660	3710	38965	6540	6590
COMM_100	fall	21	3	38966	720	770	38966	3600	3650	38966	6480	6530
COMM_100	fall	21	3	40441	600	650	40441	3480	3530	40441	6360	6410
COMM_100	fall	21	3	40442	840	890	40442	3720	3770	40442	6600	6650
COMM_100	fall	21	3	41693	780	830	41693	3660	3710	41693	6540	6590
COMM_100	fall	21	3	44115	540	590	44115	3420	3470	44115	6300	6350
COMM_100	fall	21	3	45972	540	590	45972	3420	3470	45972	6300	6350
COMM_100	fall	21	3	45973	540	590	45973	3420	3470	45973	6300	6350
COMM_100	fall	21	3	48224	720	770	48224	3600	3650	48224	6480	6530
COMM_100	fall	21	3	48225	900	950	48225	3780	3830	48225	6660	6710
COMM_100	spring	18	3	14962	600	650	14962	3480	3530	14962	6360	6410
COMM_100	spring	18	3	14964	900	950	14964	3780	3830	14964	6660	6710
COMM_100	spring	18	3	28726	840	890	28726	3720	3770	28726	6600	6650
COMM_100	spring	18	3	30029	540	590	30029	3420	3470	30029	6300	6350
COMM_100	spring	18	3	31947	960	1010	31947	3840	3890	31947	6720	6770
COMM_100	spring	18	3	35691	780	830	35691	3660	3710	35691	6540	6590
COMM_100	spring	18	3	35692	780	830	35692	3660	3710	35692	6540	6590
COMM_100	spring	18	3	35693	600	650	35693	3480	3530	35693	6360	6410
COMM_100	spring	18	3	35694	840	890	35694	3720	3770	35694	6600	6650
COMM_100	spring	18	3	35695	720	770	35695	3600	3650	35695	6480	6530
COMM_100	spring	18	3	36509	720	770	36509	3600	3650	36509	6480	6530
COMM_100	spring	18	3	37336	900	950	37336	3780	3830	37336	6660	6710
COMM_100	spring	18	3	38766	780	830	38766	3660	3710	38766	6540	6590
COMM_100	spring	18	3	41195	600	650	41195	3480	3530	41195	6360	6410
COMM_100	spring	18	3	42755	540	590	42755	3420	3470	42755	6300	6350
COMM_100	spring	18	3	44995	600	650	44995	3480	3530	44995	6360	6410
COMM_100	spring	18	3	44999	840	890	44999	3720	3770	44999	6600	6650
COMM_100	spring	18	3	47262	780	830	47262	3660	3710	47262	6540	6590
COMM_101	fall	1	2	10533	2010	2085	10533	4890	4965
COMM_101	spring	2	2		660	710		3540	3590
COMM_101	spring	2	1	14966	6420	6470
COMM_102	fall	1	2	42799	2370	2445	42799	5250	5325
COMM_102	spring	1	2	41250	2190	2265	41250	5070	5145
COMM_103	fall	1	2	24487	2190	2265	24487	5070	5145
COMM_103	spring	1	2	30035	2280	2355	30035	5160	5235
COMM_105	fall	3	2		2190	2355		900	1065
COMM_105	fall	3	1	37151	3780	3855
COMM_105	fall	3	1	47083	5070	5145
COMM_140	fall	1	2	26870	2010	2085	26870	4890	4965
COMM_140	spring	2	2	26509	2190	2265	26509	5070	5145
COMM_140	spring	2	2	26510	2010	2085	26510	4890	4965
COMM_200	fall	1	1	50148	0	0
COMM_200	spring	1	1	20297	0	0
COMM_203	fall	1	2	49422	2100	2175	49422	4980	5055
COMM_204	fall	2	2	34719	900	975	34719	3780	3855
COMM_204	fall	2	2	48175	2100	2175	48175	4980	5055
COMM_204	spring	1	2	30325	2280	2355	30325	5160	5235
COMM_205	fall	1	2	50092	2100	2175	50092	4980	5055
COMM_206	fall	1	2	41518	960	1035	41518	3840	3915
COMM_207	fall	1	2	34701	660	735	34701	3540	3615
COMM_207	spring	1	2	43451	840	890	43451	3720	3770
COMM_210	spring	1	2	48080	2100	2175	48080	4980	5055
COMM_216	fall	1	2	41520	2100	2175	41520	4980	5055
COMM_216	spring	1	2	40868	2100	2175	40868	4980	5055
COMM_220	fall	1	1	41519	0	0
COMM_220	spring	1	1	45058	0	0
COMM_225	fall	1	2	49949	2280	2355	49949	5160	5235
COMM_230	fall	1	2	49950	2190	2265	49950	5070	5145
COMM_230	spring	1	2	48315	2010	2085	48315	4890	4965
COMM_234	fall	1	2	28138	570	645	28138	3450	3525
COMM_240	fall	1	1	42686	0	0
COMM_240	spring	1	1	42081	0	0
COMM_250	fall	1	1	42551	0	0
COMM_250	spring	1	1	41196	0	0
COMM_260	fall	1	2	47446	2190	2265	47446	5070	5145
COMM_270	fall	1	2	50398	2280	2355	50398	5160	5235
COMM_270	spring	1	2	47268	2190	2265	47268	5070	5145
COMM_294	fall	2	2	49113	2010	2085	49113	4890	4965
COMM_294	fall	2	2	49513	2010	2085	49513	4890	4965
COMM_294	spring	2	2	47269	2190	2265	47269	5070	5145
COMM_294	spring	2	2	48291	570	645	48291	3450	3525
COMM_301	fall	2	2	10544	2280	2355	10544	5160	5235
COMM_301	fall	2	2	47447	2010	2085	47447	4890	4965
COMM_301	spring	2	2	14971	2010	2085	14971	4890	4965
COMM_301	spring	2	3	25669	780	830	25669	3660	3710	25669	6540	6590
COMM_303	fall	1	1	30896	0	0
COMM_311	fall	1	2	46084	2100	2175	46084	4980	5055
COMM_315	fall	1	2	28139	2100	2175	28139	4980	5055
COMM_323	fall	1	2	32343	2280	2355	32343	5160	5235
COMM_326	fall	2	2	44926	2280	2355	44926	5160	5235
COMM_326	fall	2	1	47110	5160	5235
COMM_330	fall	1	2	39394	2370	2445	39394	5250	5325
COMM_334	fall	1	1	50166	3780	3930
COMM_335	fall	1	2	49127	600	660	49127	3480	3540
COMM_335	spring	1	2	47447	660	735	47447	3540	3615
COMM_350	fall	2	2	45974	2100	2175	45974	4980	5055
COMM_350	fall	2	3	46051	840	900	46051	3720	3780	46051	6600	6660
COMM_360	fall	1	2	49115	2100	2175	49115	4980	5055
COMM_394	fall	5	1		2190	2265
COMM_394	fall	5	2	37406	2190	2265	37406	5070	5145
COMM_394	fall	5	2	47111	2010	2085	47111	4890	4965
COMM_394	fall	5	2	47433	1920	1995	47433	4800	4875
COMM_394	fall	5	1	47434	5070	5145
COMM_394	spring	1	2	45199	2010	2085	45199	4890	4965
COMM_410	spring	2	1	47972	2370	2520
COMM_410	spring	2	1	47973	2370	2520
COMM_416	fall	1	2	46496	2280	2355	46496	5160	5235
COMM_425	fall	1	1	45347	0	0
COMM_425	spring	1	1	44266	0	0
COMM_430	fall	1	2	42744	2190	2265	42744	5070	5145
COMM_435	fall	1	2	47112	2010	2085	47112	4890	4965
COMM_440	fall	1	1	50094	0	0
COMM_445	fall	1	1	49458	0	0
COMM_445	spring	1	1	45705	0	0
COMM_458	fall	2	2	28960	2100	2175	28960	4980	5055
COMM_458	fall	2	2	28961	2100	2175	28961	4980	5055
COMM_460	fall	2	1	28140	5070	5145
COMM_460	fall	2	1	28975	5070	5145
COMM_460	spring	1	2	31769	2370	2445	31769	5250	5325
COMM_465	fall	1	2	46052	2370	2445	46052	5250	5325
COMM_467	fall	1	1	34658	0	0
COMM_470	spring	1	2	48240	900	975	48240	3780	3855
COMM_490	fall	1	2	10569	2370	2445	10569	5250	5325
COMM_490	spring	1	2	20304	2100	2175	20304	4980	5055
COMM_491	fall	1	2	47453	2010	2085	47453	4890	4965
COMM_491	spring	2	1	42441	2280	2430
COMM_491	spring	2	2	48473	2010	2085	48473	4890	4965
COMM_493	fall	1	1	47604	0	0
COMM_493	spring	1	1	46263	0	0
COMM_494	fall	1	1	45718	3720	3870
COMM_498	fall	1	1	45934	0	0
COMM_498	spring	1	1	44144	0	0
COMM_500	fall	1	1	10572	2460	2610
COMM_501	spring	1	1	14981	5160	5310
COMM_502	fall	1	1	10573	3900	4050
COMM_502	spring	1	1	48019	2460	2610
COMM_504	fall	1	1	46128	5340	5490
COMM_508	fall	1	1	47450	6420	6570
COMM_508	spring	1	1	26518	3720	3870
COMM_522	fall	1	2	43862	2100	2175	43862	4980	5055
COMM_554	fall	1	1	43211	840	1010
COMM_567	fall	1	1	39441	1020	1170
COMM_570	fall	2	1	41061	3720	3870
COMM_570	fall	2	1	49459	3720	3870
COMM_580	spring	1	1	30043	5340	5490
COMM_591	fall	2	1	33390	900	1050
COMM_591	fall	2	1	49239	2280	2430
COMM_594	fall	3	1	30401	3720	3870
COMM_594	fall	3	1	40345	5040	5090
COMM_594	fall	3	1	49503	3900	4050
COMM_594	spring	1	1	47274	5160	5310
COMM_596	fall	1	1	36824	0	0
COMM_596	spring	1	1	10630	0	0
COMM_598	fall	1	1	36822	0	0
COMM_598	spring	1	1	35072	0	0
COMM_599	fall	1	1	39007	0	0
COMM_599	spring	1	1	35073	0	0
