ENER_420	spring	1	1	28397	0	0
ENER_422	fall	1	3	48855	660	710	48855	3540	3590	48855	6420	6470
ENER_422	spring	1	1	29391	0	0
ENER_424	fall	1	1	30354	0	0
ENER_429	fall	1	1	27880	0	0
ENER_450	spring	1	1	34385	0	0
ENER_451	spring	1	1	29388	0	0
ENER_453	fall	1	3	50409	540	590	50409	3420	3470	50409	6300	6350
ENER_483	fall	1	2	50365	2460	2535	50365	5340	5415
ENER_485	fall	1	2	50363	960	1035	50363	3840	3915
ENER_501	fall	1	1	30355	0	0
ENER_552	spring	1	1	28398	5400	5550
ENER_553	fall	1	3	29582	780	830	29582	3660	3710	29582	6540	6590
ENER_553	spring	1	2	47498	2550	2625	47498	5430	5505
ENER_554	fall	1	1	33083	2520	2670
