MIM__399	fall	1	1	42224	0	0
MIM__399	spring	1	1	41434	0	0
MIM__551	fall	1	1	42005	0	0
MIM__551	spring	1	2	40892	600	690	40892	3480	3570
MIM__553	fall	1	1	23145	0	0
MIM__553	spring	1	2	42796	600	690	42796	3480	3570
MIM__554	fall	1	2	44161	540	630	44161	3420	3510
MIM__560	spring	1	2	23029	1980	2070	23029	4860	4950
MIM__585	spring	1	2	45557	1980	2070	45557	4860	4950
MIM__594	spring	1	1	17629	2100	2190
MIM__595	fall	1	1	15656	720	780
MIM__595	spring	2	2		720	780		3810	3870
MIM__595	spring	2	1	17630	6330	6390
MIM__598	fall	1	1	17021	0	0
MIM__599	fall	1	1	46930	0	0
MIM__599	spring	1	1	12080	0	0
