DES__110	1	1	35834	720	770
DES__120	6	2	35844	780	830	35844	3660	3710
DES__120	6	2	35846	540	590	35846	3420	3470
DES__120	6	2	35848	540	590	35848	3420	3470
DES__120	6	2	35963	540	590	35963	3420	3470
DES__120	6	2	35967	540	590	35967	3420	3470
DES__120	6	2	35969	540	590	35969	3420	3470
DES__130	6	2	35849	1980	2030	35849	4860	4910
DES__130	6	2	35851	1980	2030	35851	4860	4910
DES__130	6	2	35853	1980	2030	35853	4860	4910
DES__130	6	2	36011	1980	2030	36011	4860	4910
DES__130	6	2	36013	1980	2030	36013	4860	4910
DES__130	6	2	36015	1980	2030	36015	4860	4910
DES__140	6	2	35856	600	700	35856	3480	3580
DES__140	6	2	35857	540	590	35857	3420	3470
DES__140	6	2	35859	600	700	35859	3480	3580
DES__140	6	2	36017	540	590	36017	3420	3470
DES__140	6	2	36019	540	590	36019	3420	3470
DES__140	6	2	36021	540	590	36021	3420	3470
DES__150	9	2	35861	1980	2030	35861	4860	4910
DES__150	9	2	35863	1980	2030	35863	4860	4910
DES__150	9	2	35865	1980	2030	35865	4860	4910
DES__150	9	2	36033	1980	2030	36033	4860	4910
DES__150	9	2	36035	1980	2030	36035	4860	4910
DES__150	9	2	36037	1980	2030	36037	4860	4910
DES__150	9	2	42038	960	1010	42038	3840	3890
DES__150	9	2	48315	2460	2560	48315	5340	5440
DES__150	9	2	48317	2460	2560	48317	5340	5440
DES__160	9	2	35990	780	830	35990	3660	3710
DES__160	9	2	35992	780	830	35992	3660	3710
DES__160	9	2	35994	540	590	35994	3420	3470
DES__160	9	2	36039	780	830	36039	3660	3710
DES__160	9	2	36041	960	1010	36041	3840	3890
DES__160	9	2	36043	2220	2270	36043	5100	5150
DES__160	9	2	46118	780	830	46118	3660	3710
DES__160	9	2	47374	960	1010	47374	3840	3890
DES__160	9	2	47375	1020	1120	47375	3900	4000
DES__170	7	2	35996	2220	2270	35996	5100	5150
DES__170	7	2	35998	2220	2270	35998	5100	5150
DES__170	7	2	36000	2220	2270	36000	5100	5150
DES__170	7	2	36045	2220	2270	36045	5100	5150
DES__170	7	2	36047	2220	2270	36047	5100	5150
DES__170	7	2	36049	2220	2270	36049	5100	5150
DES__170	7	2	46122	2400	2450	46122	5280	5330
DES__208	6	2	36010	780	830	36010	3660	3710
DES__208	6	2	36012	540	590	36012	3420	3470
DES__208	6	2	42042	540	590	42042	3420	3470
DES__208	6	2	45590	540	590	45590	3420	3470
DES__208	6	2	49149	2400	2450	49149	5280	5330
DES__208	6	2	49151	2400	2450	49151	5280	5330
DES__209	5	2	36055	2220	2270	36055	5100	5150
DES__209	5	2	36057	540	590	36057	3420	3470
DES__209	5	2	43018	540	590	43018	3420	3470
DES__209	5	2	44756	780	830	44756	3660	3710
DES__209	5	2	48026	1980	2030	48026	4860	4910
DES__220	2	2	36020	1980	2030	36020	4860	4910
DES__220	2	2	36022	2220	2270	36022	5100	5150
DES__222	3	2	36024	2220	2270	36024	5100	5150
DES__222	3	2	36026	2400	2450	36026	5280	5330
DES__222	3	2	42046	960	1010	42046	3840	3890
DES__230	2	2	36031	960	1010	36031	3840	3890
DES__230	2	2	36033	960	1010	36033	3840	3890
DES__231	2	2	36059	2220	2270	36059	5100	5150
DES__231	2	2	36061	2400	2450	36061	5280	5330
DES__235	1	2	37394	720	770	37394	3600	3650
DES__236	1	2	46110	720	770	46110	3600	3650
DES__240	2	2	36035	780	830	36035	3660	3710
DES__240	2	2	36039	780	830	36039	3660	3710
DES__241	2	2	36065	780	830	36065	3660	3710
DES__241	2	2	36067	780	830	36067	3660	3710
DES__250	3	2	36055	1980	2030	36055	4860	4910
DES__250	3	2	36059	2220	2270	36059	5100	5150
DES__250	3	2	45592	1980	2030	45592	4860	4910
DES__251	3	2	36073	1980	2030	36073	4860	4910
DES__251	3	2	36075	2220	2270	36075	5100	5150
DES__251	3	2	46355	780	830	46355	3660	3710
DES__255	4	2	42445	780	830	42445	3660	3710
DES__255	4	2	48502	2220	2270	48502	5100	5150
DES__255	4	2	49154	2400	2450	49154	5280	5330
DES__255	4	2	49156	2220	2270	49156	5100	5150
DES__256	3	2	41680	1980	2030	41680	4860	4910
DES__256	3	2	48028	2220	2270	48028	5100	5150
DES__256	3	2	48030	960	1010	48030	3840	3890
DES__308	2	2	48791	2220	2270	48791	5100	5150
DES__308	2	2	48793	2220	2270	48793	5100	5150
DES__309	2	2	47428	2220	2270	47428	5100	5150
DES__309	2	2	47430	2400	2450	47430	5280	5330
DES__322	2	2	36123	2400	2450	36123	5280	5330
DES__322	2	2	36125	540	590	36125	3420	3470
DES__326	2	1	36075	2220	2380
DES__326	2	1	36077	5100	5260
DES__330	2	2	36079	1980	2030	36079	4860	4910
DES__330	2	2	36081	540	590	36081	3420	3470
DES__331	2	2	36083	2220	2270	36083	5100	5150
DES__331	2	2	36085	1980	2030	36085	4860	4910
DES__350	2	2	36083	540	590	36083	3420	3470
DES__350	2	2	36085	2400	2450	36085	5280	5330
DES__355	2	1	42447	540	700
DES__355	2	1	48618	1980	2140
DES__357	2	2	43711	2220	2270	43711	5100	5150
DES__357	2	2	49225	780	830	49225	3660	3710
DES__410	1	1	46795	6300	6350
DES__411	1	1	46796	6360	6460
DES__420	6	1	36091	780	940
DES__420	6	1	45193	2220	2380
DES__420	6	1	45195	2220	2380
DES__420	6	1	45197	780	940
DES__420	6	1	45199	5100	5260
DES__420	6	1	45201	3660	3820
DES__421	4	1	36092	780	940
DES__421	4	1	44212	2220	2380
DES__421	4	1	44216	5100	5260
DES__421	4	2	44218	2220	2270	44218	5100	5150
DES__426	2	1	41208	3480	3640
DES__426	2	1	41209	3480	3640
DES__427	2	1	45609	3660	3830
DES__427	2	1	45610	3660	3830
DES__450	5	2	46963	780	830	46963	3660	3710
DES__450	5	2	47483	960	1010	47483	3840	3890
DES__450	5	1	48233	3660	3710
DES__450	5	2	48511	2400	2450	48511	5280	5330
DES__450	5	2	48514	1020	1120	48514	3900	4000
DES__458	1	2	48116	1980	2030	48116	4860	4910
DES__470	2	2	36107	540	590	36107	3420	3470
DES__470	2	2	36109	1980	2030	36109	4860	4910
DES__471	2	2	36106	540	590	36106	3420	3470
DES__471	2	2	36108	540	590	36108	3420	3470
DES__480	2	2	36111	540	590	36111	3420	3470
DES__480	2	2	36113	1980	2030	36113	4860	4910
DES__481	2	2	36110	1980	2030	36110	4860	4910
DES__481	2	2	36112	540	590	36112	3420	3470
DES__500	4	1	36116	6300	6460
DES__500	4	2	36118	1980	2030	36118	4860	4910
DES__500	4	1	38421	6300	6350
DES__500	4	1	38571	6300	6350
DES__501	1	1	36120	780	830
DES__502	1	1	36115	3840	3890
DES__510	1	2	36122	2220	2270	36122	5100	5150
DES__511	1	2	36117	780	830	36117	3660	3710
DES__512	1	2	36127	2220	2270	36127	5100	5150
DES__520	5	1	36124	5280	5330
DES__520	5	1	39759	2400	2450
DES__520	5	1	41139	5280	5330
DES__520	5	1	44133	3840	3890
DES__520	5	1	47435	960	1010
DES__531	1	2	36128	540	590	36128	3420	3470
DES__532	1	2	36121	2400	2450	36121	5280	5330
DES__540	1	2	36130	780	830	36130	3660	3710
DES__541	1	2	36130	2220	2270	36130	5100	5150
DES__550	2	4	36132	780	830	36132	3660	3710	36132	1980	2030	36132	4860	4910
DES__550	2	2	42541	2220	2270	42541	5100	5150
DES__551	1	2	36134	1980	2030	36134	4860	4910
