PUBH_100	2	1	39682	3780	3945
PUBH_100	2	2	48616	2280	2355	48616	5160	5235
PUBH_105	2	1	43988	6540	6650
PUBH_105	2	1	45676	6420	6530
PUBH_110	2	1	33756	2280	2355
PUBH_110	2	1	40878	2370	2445
PUBH_120	2	2	33423	2280	2355	33423	5160	5235
PUBH_120	2	2	34969	2190	2265	34969	5070	5145
PUBH_300	1	2	37266	540	650	37266	3420	3530
PUBH_301	1	1	38165	4890	5000
PUBH_310	1	1	34410	2370	2535
PUBH_320	2	1	34654	900	1010
PUBH_320	2	1	40869	5250	5325
PUBH_330	2	2	34653	2010	2085	34653	4890	4965
PUBH_330	2	2	39607	2100	2175	39607	4980	5055
PUBH_340	1	1	34412	900	950
PUBH_350	1	1	41075	900	1010
PUBH_360	1	1	34414	3780	3945
PUBH_370	1	1	35541	3780	3945
PUBH_390	2	2	39946	2280	2355	39946	5160	5235
PUBH_390	2	2	49536	2100	2175	49536	4980	5055
PUBH_394	1	1	41080	2370	2535
PUBH_395	2	1	40877	5040	5090
PUBH_395	2	1	41617	3600	3650
PUBH_410	1	1	39679	900	1010
PUBH_411	1	1	35512	900	1010
PUBH_420	1	1	43942	2370	2535
