NURS___204	4	1	39924	780	890
NURS___204	4	1	39925	6240	6410
NURS___204	4	1	39926	3770	4010
NURS___204	4	1	40822	6240	6480
NURS___212	4	1	39927	660	770
NURS___212	4	1	39929	480	530
NURS___212	4	1	39931	2190	2310
NURS___212	4	1	40828	480	540
NURS___221	6	1	39933	5160	5270
NURS___221	6	1	39936	2220	2330
NURS___221	6	1	39941	3630	3750
NURS___221	6	1	39983	600	710
NURS___221	6	1	40855	2400	2520
NURS___221	6	1	46326	3630	3750
NURS___223	6	2		5040	5150		900	1020
NURS___223	6	1	39942	540	650
NURS___223	6	2	39943	900	1010	39943	3780	3890
NURS___223	6	2	39944	1950	2070	39944	3390	3510
NURS___223	6	1	40859	2220	2340
NURS___223	6	1	44117	3390	3510
NURS___304	3	1	40885	6300	6410
NURS___304	3	1	40887	1020	1140
NURS___304	3	1	40888	2250	2490
NURS___322	3	1	31803	630	710
NURS___322	3	1	31804	1020	1130
NURS___322	3	1	34805	900	1020
NURS___331	5	1	40612	660	780
NURS___331	5	1	40614	4860	4980
NURS___331	5	1	40868	480	590
NURS___331	5	1	40870	780	900
NURS___331	5	1	40872	3690	3810
NURS___341	7	1	40618	6420	6540
NURS___341	7	1	40620	540	660
NURS___341	7	1	40862	6450	6560
NURS___341	7	1	40864	720	840
NURS___341	7	1	40866	3420	3530
NURS___341	7	1	44118	3450	3570
NURS___341	7	1	44492	1950	2070
NURS___354	3	1	40625	6600	6720
NURS___354	3	1	40626	2430	2550
NURS___354	3	1	40627	3630	3870
NURS___361	5	1	40628	6420	6540
NURS___361	5	1	40630	780	900
NURS___361	5	1	40874	6450	6570
NURS___361	5	1	40876	540	660
NURS___361	5	1	40878	3450	3570
NURS___371	6	1	40632	660	780
NURS___371	6	1	40634	3900	4020
NURS___371	6	1	40636	3390	3510
NURS___371	6	1	40880	600	710
NURS___371	6	1	40882	3900	4020
NURS___371	6	1	45321	3690	3810
NURS___385	3	1	31781	780	890
NURS___385	3	1	31783	540	650
NURS___385	3	1	40252	780	890
NURS___387	3	1	40638	840	960
NURS___387	3	1	40639	5340	5460
NURS___387	3	1	40640	2130	2310
NURS___403	2	1	37381	3660	3840
NURS___403	2	1	38547	540	660
NURS___404	2	1	31604	5100	5280
NURS___404	2	1	38280	1980	2160
NURS___406	3	1	38266	4860	5040
NURS___406	3	1	39419	540	720
NURS___406	3	1	42510	1980	2150
NURS___409	4	1	49552	780	960
NURS___409	4	1	49554	540	720
NURS___409	4	1	49556	480	660
NURS___409	4	1	49558	3630	3810
NURS___411	4	1	49560	6300	6480
NURS___411	4	1	49562	6540	6720
NURS___411	4	1	49564	1980	2160
NURS___411	4	1	49566	2190	2370
NURS___412	5	1		720	840
NURS___412	5	1	31780	4860	5090
NURS___412	5	1	38548	840	1080
NURS___412	5	1	40818	540	660
NURS___412	5	1	41930	4860	5090
NURS___414	1	1	31677	1980	2090
NURS___419	5	3		2220	2340		6540	6660		780	900
NURS___419	5	1	49568	600	720
NURS___419	5	1	49569	6360	6480
NURS___419	5	1	49570	6240	6360
NURS___419	5	2	49571	1950	2070	49571	3390	3510
NURS___420	4	1	48199	6480	6660
NURS___420	4	1	48200	6240	6420
NURS___420	4	1	48201	540	720
NURS___420	4	1	48202	2190	2370
NURS___421	2	1	37382	3420	3590
NURS___421	2	1	38549	720	900
NURS___422	2	1	37171	4860	5040
NURS___422	2	1	38370	5100	5280
NURS___423	5	1		5220	5340
NURS___423	5	1	48203	480	660
NURS___423	5	1	48205	720	900
NURS___423	5	1	48207	840	960
NURS___423	5	2	48209	1950	2070	48209	3390	3510
NURS___428	4	1	48211	720	840
NURS___428	4	1	48212	6480	6600
NURS___428	4	1	48213	5040	5160
NURS___428	4	1	48214	3630	3750
NURS___443	2	1	48215	6300	6420
NURS___443	2	1	48217	4860	4980
NURS___463	3	1	48219	540	660
NURS___463	3	1	48221	6300	6420
NURS___463	3	1	48223	3780	3900
NURS___511	1	1	49045	5040	5130
NURS___515	2	1	37626	6360	6470
NURS___515	2	1	48258	600	1020
NURS___518	2	2		5280	5340		5280	5340
NURS___518	2	1	48259	5280	5340
NURS___531	3	9		2220	2340		2220	2340		2220	2340		2220	2340		2220	2340		2220	2340		2220	2340		2220	2340		2220	2340
NURS___531	3	1	31646	1980	2090
NURS___531	3	1	33723	2220	2340
NURS___532	9	1	31628	5100	5250
NURS___532	9	1	31644	2175	2295
NURS___532	9	1	36485	2310	2430
NURS___532	9	1	36486	2040	2160
NURS___532	9	1	38649	2190	2310
NURS___532	9	1	38650	2160	2280
NURS___532	9	1	39921	3720	3840
NURS___532	9	1	40672	4890	5040
NURS___532	9	1	40778	5100	5220
NURS___533	3	1	31643	780	900
NURS___533	3	1	32376	3570	3660
NURS___533	3	1	44455	1080	1130
NURS___534	3	4		3600	3660		3600	3660		6540	6660		6540	6660
NURS___534	3	1	48261	3600	3660
NURS___534	3	1	49047	6540	6660
NURS___540	2	1		2040	2100
NURS___540	2	1	49050	2040	2100
NURS___542	2	1		6660	6720
NURS___542	2	1	43888	3660	3720
NURS___555	3	4		2340	2460		2340	2460		2340	2460		2340	2460
NURS___555	3	1	38632	2340	2460
NURS___555	3	1	48277	2340	2460
NURS___566	1	1	39527	5160	5270
NURS___568	1	1	43893	3480	3590
NURS___570	1	1	31669	3420	3590
NURS___571	1	1	31642	3420	3590
NURS___572	1	1	31643	5100	5330
NURS___573	1	1	31665	3660	3900
NURS___574	2	1	40782	3420	3590
NURS___574	2	1	43192	3420	3590
NURS___586	2	1	40819	2220	2330
NURS___586	2	1	42894	3660	3770
NURS___588	1	1	40785	3660	3780
