PHYS_100	6	3	39055	780	830	39055	3660	3710	39055	6540	6590
PHYS_100	6	3	39514	660	710	39514	3540	3590	39514	6420	6470
PHYS_100	6	3	39517	2040	2140	39517	3480	3580	39517	6360	6460
PHYS_100	6	3	39518	780	830	39518	3660	3710	39518	6540	6590
PHYS_100	6	3	40041	600	650	40041	3480	3530	40041	6360	6410
PHYS_100	6	3	42027	840	890	42027	3720	3770	42027	6600	6650
PHYS_112	2	2	16990	2280	2355	16990	5160	5235
PHYS_112	2	2	19356	2280	2355	19356	5160	5235
PHYS_118	1	2	48299	2010	2085	48299	4890	4965
PHYS_131	9	6		2010	2085		4890	4965		660	710		2370	2445		5250	5325		1020	1070
PHYS_131	9	2	42589	2100	2175	42589	4980	5055
PHYS_131	9	2	42590	2370	2445	42590	5250	5325
PHYS_131	9	1	43417	540	590
PHYS_131	9	2	43418	2100	2175	43418	4980	5055
PHYS_131	9	1	43419	900	950
PHYS_131	9	2	43431	2010	2085	43431	4890	4965
PHYS_131	9	2	44647	2460	2535	44647	5340	5415
PHYS_131	9	2	47751	1920	1995	47751	4800	4875
PHYS_132	7	8		840	890		2190	2265		5070	5145		1950	2055		2190	2265		5070	5145		840	890		1020	1070
PHYS_132	7	1	42592	720	770
PHYS_132	7	2	42593	2280	2355	42593	5160	5235
PHYS_132	7	2	42594	2460	2535	42594	5340	5415
PHYS_132	7	2	44671	480	530	44671	6240	6290
PHYS_132	7	1	44672	720	770
PHYS_132	7	2	44673	2280	2355	44673	5160	5235
PHYS_141	8	16		3540	3590		6420	6470		660	710		840	890		3780	3830		6660	6710		6720	6770		2010	2085		4890	4965		900	950		6660	6710		6720	6770		2010	2085		4890	4965		2370	2445		5250	5325
PHYS_141	8	1	17009	900	950
PHYS_141	8	1	19369	6360	6410
PHYS_141	8	1	19377	900	950
PHYS_141	8	1	19381	540	590
PHYS_141	8	1	26635	540	590
PHYS_141	8	2	34175	2280	2355	34175	5160	5235
PHYS_141	8	1	34176	3660	3710
PHYS_142	8	11		660	710		2190	2265		5070	5145		840	890		3720	3770		6600	6650		900	950		3720	3770		660	710		2190	2265		5070	5145
PHYS_142	8	1	17025	720	770
PHYS_142	8	1	22369	720	770
PHYS_142	8	2	26131	2100	2175	26131	4980	5055
PHYS_142	8	1	27135	6540	6590
PHYS_142	8	2	33802	2100	2175	33802	4980	5055
PHYS_142	8	2	34179	2100	2175	34179	4980	5055
PHYS_142	8	3	38464	540	590	38464	3420	3470	38464	6300	6350
PHYS_144	1	1	21505	3900	4010
PHYS_145	1	1	32394	3900	4010
PHYS_215	1	2	38375	720	830	38375	3600	3710
PHYS_230	1	2	39515	2280	2355	39515	5160	5235
PHYS_240	2	2	39056	2190	2265	39056	5070	5145
PHYS_240	2	2	39516	2190	2265	39516	5070	5145
PHYS_241	2	1	39057	5160	5270
PHYS_241	2	1	39773	3600	3710
PHYS_245	1	2	17037	2010	2085	17037	4890	4965
PHYS_260	2	1	46358	2460	2510
PHYS_260	2	1	47095	2460	2510
PHYS_401	2	2		2370	2445		5250	5325
PHYS_401	2	1	19412	900	950
PHYS_402	2	2		2370	2445		5250	5325
PHYS_402	2	1	17042	900	950
PHYS_411	2	1		660	710
PHYS_411	2	2	19413	2100	2175	19413	4980	5055
PHYS_412	2	1		660	710
PHYS_412	2	2	17043	2100	2175	17043	4980	5055
PHYS_421	2	2		840	890		3720	3770
PHYS_421	2	1	23648	6480	6590
PHYS_425	1	1	31063	720	830
PHYS_431	2	2		2010	2085		4890	4965
PHYS_431	2	1	17047	540	590
PHYS_441	2	2		600	650		6360	6410
PHYS_441	2	1	17048	3480	3590
PHYS_450	2	1		840	890
PHYS_450	2	2	19641	2280	2355	19641	5160	5235
PHYS_461	2	2		600	650		6360	6410
PHYS_461	2	1	19414	3480	3590
PHYS_469	1	1	35592	3870	4020
PHYS_475	1	1	40602	3870	3980
PHYS_480	2	1	39669	2190	2370
PHYS_480	2	1	39919	3600	3780
PHYS_481	2	1	19419	960	1070
PHYS_481	2	1	23480	960	1070
PHYS_491	1	1	42983	6360	6480
PHYS_501	2	1		900	1010
PHYS_501	2	1	19422	3660	3770
PHYS_511	2	1		660	770
PHYS_511	2	1	19423	6420	6530
PHYS_512	1	2	17056	660	770	17056	6420	6530
PHYS_513	2	1		900	1010
PHYS_513	2	1	47122	3660	3770
PHYS_515	1	2	48404	720	830	48404	3600	3710
PHYS_531	1	2	47123	780	890	47123	6540	6650
PHYS_532	1	2	49107	540	650	49107	3420	3530
PHYS_533	1	2	47847	540	650	47847	3420	3530
PHYS_540	1	2	23826	2370	2445	23826	5250	5325
PHYS_551	1	2	49108	660	770	49108	3540	3650
PHYS_552	1	2	47846	660	770	47846	3540	3650
PHYS_561	2	1		2280	2355
PHYS_561	2	1	28840	6600	6675
PHYS_571	2	1		660	710
PHYS_571	2	2	48597	2100	2175	48597	4980	5055
PHYS_572	2	2		2100	2175		4980	5055
PHYS_572	2	1	47127	600	650
PHYS_594	2	1	17059	2280	2400
PHYS_594	2	1	19432	6360	6480
