EPSY_100	fall	1	2	46130	2100	2175	46130	4980	5055
EPSY_100	spring	1	2	46319	2100	2175	46319	4980	5055
EPSY_150	fall	2	2	42587	2190	2265	42587	5070	5145
EPSY_150	fall	2	2	43932	2190	2265	43932	5070	5145
EPSY_160	fall	1	2	43954	2280	2355	43954	5160	5235
EPSY_160	spring	1	2	44573	2280	2355	44573	5160	5235
EPSY_210	fall	1	2	36510	2010	2085	36510	4890	4965
EPSY_210	spring	1	2	48382	2190	2265	48382	5070	5145
EPSY_242	fall	1	2	43234	2010	2085	43234	4890	4965
EPSY_242	spring	1	2	42158	2190	2265	42158	5070	5145
EPSY_255	fall	1	1	10826	0	0
EPSY_255	spring	1	2	44691	2100	2175	44691	4980	5055
EPSY_256	fall	1	2	46539	2190	2265	46539	5070	5145
EPSY_256	spring	1	1	37987	0	0
EPSY_257	fall	1	1	43692	3780	3930
EPSY_320	spring	1	2	42177	2280	2355	42177	5160	5235
EPSY_326	fall	1	2	45476	2370	2445	45476	5250	5325
EPSY_326	spring	1	1	47454	5340	5520
EPSY_340	fall	1	2	42556	2190	2265	42556	5070	5145
EPSY_340	spring	1	1	39578	3720	3890
EPSY_363	fall	1	2	39328	2280	2355	39328	5160	5235
EPSY_363	spring	1	1	37988	1020	1200
EPSY_370	fall	1	1	42588	0	0
EPSY_370	spring	1	1	48335	5340	5520
EPSY_371	fall	1	2	49501	2190	2265	49501	5070	5145
EPSY_373	fall	1	2	43921	2280	2355	43921	5160	5235
EPSY_374	spring	1	1	44652	1020	1200
EPSY_380	fall	1	1	37276	0	0
EPSY_382	fall	2	2	43699	2370	2445	43699	5250	5325
EPSY_382	fall	2	1	48829	3900	4080
EPSY_382	spring	1	1	44302	3900	4080
EPSY_383	spring	1	2	48266	2100	2175	48266	4980	5055
EPSY_384	fall	1	1	50339	3540	3710
EPSY_396	fall	1	1	40552	0	0
EPSY_396	spring	1	1	38717	0	0
EPSY_398	fall	1	1	44679	0	0
EPSY_398	spring	1	1	43565	0	0
EPSY_405	fall	1	1	36648	0	0
EPSY_414	fall	2	1	33675	1020	1200
EPSY_414	fall	2	1	43702	2460	2640
EPSY_414	spring	1	1	37989	2460	2640
EPSY_415	fall	1	1	28451	3900	4080
EPSY_416	fall	1	1	45006	5340	5520
EPSY_420	fall	2	1	37177	5340	5520
EPSY_420	fall	2	1	37208	5340	5520
EPSY_424	fall	1	1	43704	2280	2450
EPSY_426	fall	1	1	40116	3900	4080
EPSY_429	spring	1	1	37087	1020	1200
EPSY_440	spring	1	1	46635	0	0
EPSY_446	fall	1	1	21798	5340	5520
EPSY_451	fall	1	1	48150	0	0
EPSY_453	fall	1	1	48714	0	0
EPSY_453	spring	1	1	48062	0	0
EPSY_461	spring	1	1	44303	3900	4080
EPSY_464	spring	1	1	48267	1020	1200
EPSY_465	fall	1	1	40088	2460	2640
EPSY_466	fall	1	1	34574	2460	2640
EPSY_466	spring	1	1	14212	2460	2640
EPSY_471	fall	1	1	46143	2460	2640
EPSY_471	spring	1	1	46321	2460	2640
EPSY_482	fall	1	1	37576	1020	1200
EPSY_496	fall	1	1	49582	0	0
EPSY_496	spring	1	1	48567	0	0
EPSY_500	fall	1	1	37179	3780	3890
EPSY_501	fall	1	1	26898	3900	4080
EPSY_502	fall	1	1	45007	2460	2640
EPSY_503	fall	1	1	10841	2460	2640
EPSY_503	spring	1	1	33717	0	0
EPSY_505	fall	1	1	36313	0	0
EPSY_507	fall	1	1	37180	5340	5520
EPSY_508	fall	2	1	46615	3780	3890
EPSY_508	fall	2	1	46616	3780	3890
EPSY_508	spring	2	1	41212	3900	4080
EPSY_508	spring	2	1	41213	3900	4080
EPSY_509	fall	1	1	43701	0	0
EPSY_516	fall	1	1	45404	5340	5520
EPSY_517	fall	1	1	35451	2460	2640
EPSY_518	fall	1	1	41495	3900	4080
EPSY_519	fall	1	1	10845	5340	5520
EPSY_520	fall	1	1	41392	3900	4080
EPSY_520	spring	1	1	48063	3930	4110
EPSY_522	fall	6	1	48100	3960	4080
EPSY_522	fall	6	1	50479	3960	4110
EPSY_522	fall	6	1	50481	5400	5550
EPSY_522	fall	6	1	50483	2520	2670
EPSY_522	fall	6	1	50485	3960	4080
EPSY_522	fall	6	1	50488	5400	5550
EPSY_522	spring	2	1	25821	2520	2640
EPSY_522	spring	2	1	48428	3960	4080
EPSY_523	spring	1	1	42351	5340	5520
EPSY_528	fall	1	1	43705	3900	4080
EPSY_528	spring	1	1	40339	3900	4080
EPSY_530	fall	1	1	48782	5340	5520
EPSY_540	fall	1	1	48843	0	0
EPSY_542	spring	1	1	44306	2460	2640
EPSY_543	fall	1	1	43689	0	0
EPSY_546	fall	1	1	10855	5340	5520
EPSY_546	spring	1	1	30394	0	0
EPSY_547	fall	1	1	38885	0	0
EPSY_550	spring	1	1	42191	0	0
EPSY_551	fall	1	1	43708	0	0
EPSY_560	fall	1	1	33229	0	0
EPSY_561	fall	1	1	38591	0	0
EPSY_561	spring	1	1	33126	0	0
EPSY_562	fall	1	1	39340	0	0
EPSY_562	spring	1	1	40338	0	0
EPSY_564	fall	1	1	49470	2460	2640
EPSY_564	spring	1	1	46851	0	0
EPSY_565	fall	1	1	49471	0	0
EPSY_575	spring	1	1	48268	0	0
EPSY_583	fall	1	1	29640	0	0
EPSY_583	spring	1	1	44307	0	0
EPSY_584	fall	2	1	43445	2460	2640
EPSY_584	fall	2	1	43707	2460	2640
EPSY_584	spring	1	1	42787	2280	2460
EPSY_585	spring	1	1	42807	3900	4080
EPSY_587	fall	1	1	49472	1020	1200
EPSY_593	fall	1	1	44680	0	0
EPSY_593	spring	1	1	11467	0	0
EPSY_596	fall	1	1	35278	0	0
EPSY_596	spring	1	1	11478	0	0
EPSY_598	fall	1	1	35463	0	0
EPSY_598	spring	1	1	40174	0	0
EPSY_599	fall	1	1	44689	0	0
EPSY_599	spring	1	1	11493	0	0
