GWS___101	6	1	11862	4890	4965
GWS___101	6	2	15130	600	650	15130	3480	3530
GWS___101	6	1	21683	570	645
GWS___101	6	1	32988	2100	2175
GWS___101	6	1	42072	5160	5235
GWS___101	6	2	43353	600	650	43353	3480	3530
GWS___102	3	2	11894	840	890	11894	3720	3770
GWS___102	3	2	15134	840	890	15134	3720	3770
GWS___102	3	1	39042	900	975
GWS___120	1	3	34581	540	590	34581	3420	3470	34581	6300	6350
GWS___192	1	1	33411	2100	2175
GWS___203	1	2	11904	2010	2085	11904	4890	4965
GWS___204	3	2	30324	2280	2355	30324	5160	5235
GWS___204	3	2	34173	900	975	34173	3780	3855
GWS___204	3	2	48174	2100	2175	48174	4980	5055
GWS___211	3	2	34569	1920	1995	34569	4800	4875
GWS___211	3	2	34570	1920	1995	34570	4800	4875
GWS___211	3	2	43716	900	975	43716	3780	3855
GWS___224	2	2	11939	1920	1995	11939	4800	4875
GWS___224	2	2	30209	2010	2085	30209	4890	4965
GWS___232	1	1	24989	990	1065
GWS___238	2	1	34763	2100	2175
GWS___238	2	1	44399	2100	2175
GWS___244	2	2	30226	2460	2535	30226	5340	5415
GWS___244	2	2	34989	900	975	34989	3780	3855
GWS___245	5	2	46715	2010	2085	46715	4890	4965
GWS___245	5	3	46716	600	650	46716	3480	3530	46716	6360	6410
GWS___245	5	2	47476	2280	2355	47476	5160	5235
GWS___245	5	3	47479	540	590	47479	3420	3470	47479	6300	6350
GWS___245	5	2	47481	2190	2265	47481	5070	5145
GWS___247	5	2	46717	1920	1995	46717	4800	4875
GWS___247	5	3	46719	720	770	46719	3600	3650	46719	6480	6530
GWS___247	5	2	47466	2100	2175	47466	4980	5055
GWS___247	5	3	47468	600	650	47468	3480	3530	47468	6360	6410
GWS___247	5	2	47470	2190	2265	47470	5070	5145
GWS___248	1	2	46498	990	1065	46498	3870	3945
GWS___255	1	2	46217	480	555	46217	3360	3435
GWS___259	1	2	32997	600	650	32997	3480	3530
GWS___261	2	2	27176	900	975	27176	3780	3855
GWS___261	2	2	38024	2190	2265	38024	5070	5145
GWS___262	2	2	32226	2280	2355	32226	5160	5235
GWS___262	2	2	44940	990	1065	44940	3870	3945
GWS___263	2	2	33506	2460	2535	33506	5340	5415
GWS___263	2	2	48379	2370	2445	48379	5250	5325
GWS___272	2	2	30335	2280	2355	30335	5160	5235
GWS___272	2	3	36323	780	830	36323	3660	3710	36323	6540	6590
GWS___275	1	2	45415	840	890	45415	3720	3770
GWS___276	1	1	36577	2010	2085
GWS___290	1	2	46934	2370	2445	46934	5250	5325
GWS___292	2	2	24653	570	645	24653	3450	3525
GWS___292	2	2	28005	2370	2445	28005	5250	5325
GWS___294	5	2	11911	2100	2175	11911	4980	5055
GWS___294	5	2	34832	2190	2265	34832	5070	5145
GWS___294	5	2	37069	2100	2175	37069	4980	5055
GWS___294	5	2	43403	2280	2355	43403	5160	5235
GWS___294	5	2	47593	570	645	47593	3450	3525
GWS___304	1	3	27112	840	890	27112	3720	3770	27112	6600	6650
GWS___311	1	3	28136	660	710	28136	3540	3590	28136	6420	6470
GWS___315	1	2	37540	2100	2175	37540	4980	5055
GWS___345	1	2	49119	2190	2265	49119	5070	5145
GWS___356	1	2	28466	2010	2085	28466	4890	4965
GWS___394	1	2	38366	2100	2175	38366	4980	5055
GWS___403	2	1	36324	5250	5400
GWS___403	2	1	36366	5250	5400
GWS___404	2	1	41967	480	645
GWS___404	2	1	41968	480	645
GWS___406	2	2	46066	990	1065	46066	3870	3945
GWS___406	2	2	46067	990	1065	46067	3870	3945
GWS___410	2	1	47969	2370	2520
GWS___410	2	1	47971	2370	2520
GWS___424	4	1	42948	2370	2520
GWS___424	4	1	42949	2370	2520
GWS___424	4	1	46086	2370	2520
GWS___424	4	1	46087	2370	2520
GWS___425	6	2	31953	2100	2175	31953	4980	5055
GWS___425	6	2	31954	2100	2175	31954	4980	5055
GWS___425	6	2	33455	480	555	33455	3360	3435
GWS___425	6	2	33456	480	555	33456	3360	3435
GWS___425	6	1	35030	2190	2355
GWS___425	6	1	35031	2190	2355
GWS___428	2	1	32079	960	1125
GWS___428	2	1	32080	960	1125
GWS___438	4	2	35624	2370	2445	35624	5250	5325
GWS___438	4	2	35625	2370	2445	35625	5250	5325
GWS___438	4	2	44939	2100	2175	44939	4980	5055
GWS___438	4	2	44940	2100	2175	44940	4980	5055
GWS___439	2	1	37619	2370	2535
GWS___439	2	1	37621	2370	2535
GWS___443	2	2	37553	2280	2355	37553	5160	5235
GWS___443	2	2	37555	2280	2355	37555	5160	5235
GWS___444	2	2	40730	2280	2355	40730	5160	5235
GWS___444	2	2	40731	2280	2355	40731	5160	5235
GWS___455	4	1	43738	5250	5400
GWS___455	4	1	43739	5250	5400
GWS___455	4	1	45221	3780	3930
GWS___455	4	1	45251	3780	3930
GWS___458	4	2	34643	2280	2355	34643	5160	5235
GWS___458	4	2	34644	2280	2355	34644	5160	5235
GWS___458	4	2	48143	900	975	48143	3780	3855
GWS___458	4	2	48144	900	975	48144	3780	3855
GWS___462	2	2	39253	2010	2085	39253	4890	4965
GWS___462	2	2	39256	2010	2085	39256	4890	4965
GWS___463	2	1	43308	2370	2520
GWS___463	2	1	43309	2370	2520
GWS___484	2	2	33002	2460	2535	33002	5340	5415
GWS___484	2	2	33003	2460	2535	33003	5340	5415
GWS___494	7	1	34984	5250	5400
GWS___494	7	1	34985	5250	5400
GWS___494	7	2	35228	2280	2355	35228	5160	5235
GWS___494	7	2	35229	2280	2355	35229	5160	5235
GWS___494	7	2	35637	990	1065	35637	3870	3945
GWS___494	7	2	36362	990	1065	36362	3870	3945
GWS___494	7	1	38369	5250	5395
GWS___501	1	1	30112	2370	2520
GWS___502	1	1	28371	3780	3930
GWS___547	1	1	11963	5250	5420
GWS___594	1	1	38368	1080	1230
