SOC__100	4	2	13934	600	650	13934	3480	3530
SOC__100	4	3	38994	900	950	38994	3780	3830	38994	6660	6710
SOC__100	4	2	46153	1020	1070	46153	3900	3950
SOC__100	4	2	46155	1920	1995	46155	4800	4875
SOC__105	5	2	26714	990	1065	26714	3870	3945
SOC__105	5	2	28144	2370	2445	28144	5250	5325
SOC__105	5	2	32293	2460	2535	32293	5340	5415
SOC__105	5	3	38412	780	830	38412	3660	3710	38412	6540	6590
SOC__105	5	2	39785	1920	1995	39785	4800	4875
SOC__120	2	2	40270	840	890	40270	3720	3770
SOC__120	2	1	46849	2280	2355
SOC__201	3	2	13945	2010	2085	13945	4890	4965
SOC__201	3	2	13946	990	1065	13946	3870	3945
SOC__201	3	2	16143	570	645	16143	3450	3525
SOC__207	1	2	47091	2280	2355	47091	5160	5235
SOC__212	1	3	29552	480	530	29552	3360	3410	29552	6240	6290
SOC__215	1	2	30031	2190	2265	30031	5070	5145
SOC__224	2	2	13953	1920	1995	13953	4800	4875
SOC__224	2	2	29685	2010	2085	29685	4890	4965
SOC__225	2	2	24126	2100	2175	24126	4980	5055
SOC__225	2	2	27602	2280	2355	27602	5160	5235
SOC__226	1	1	36579	2010	2085
SOC__229	2	2	28546	2370	2445	28546	5250	5325
SOC__229	2	2	34471	2100	2175	34471	4980	5055
SOC__231	2	1	13959	2100	2175
SOC__231	2	2	40177	840	890	40177	3720	3770
SOC__241	1	2	37102	570	645	37102	3450	3525
SOC__244	2	2	26275	2370	2445	26275	5250	5325
SOC__244	2	2	28547	900	975	28547	3780	3855
SOC__245	2	1	34272	6480	6645
SOC__245	2	3	36675	840	890	36675	3720	3770	36675	6600	6650
SOC__246	1	2	41092	600	650	41092	3480	3530
SOC__251	3	2	28548	2100	2175	28548	4980	5055
SOC__251	3	3	31720	660	710	31720	3540	3590	31720	6420	6470
SOC__251	3	2	48298	2010	2085	48298	4890	4965
SOC__258	1	2	33567	2280	2355	33567	5160	5235
SOC__265	1	2	37302	900	975	37302	3780	3855
SOC__271	2	2	28958	2010	2085	28958	4890	4965
SOC__271	2	2	47087	2100	2175	47087	4980	5055
SOC__276	1	3	41093	660	710	41093	3540	3590	41093	6420	6470
SOC__290	2	1	42180	660	770
SOC__290	2	1	48365	600	710
SOC__300	2	2	27022	2280	2355	27022	5160	5235
SOC__300	2	2	31723	900	975	31723	3780	3855
SOC__385	1	2	38668	840	890	38668	3720	3770
SOC__405	3	1	38311	4860	5030
SOC__405	3	1	38312	2280	2445
SOC__405	3	1	45045	5160	5325
SOC__409	1	2	48703	2280	2355	48703	5160	5235
SOC__424	3	2	31350	2100	2175	31350	4980	5055
SOC__424	3	1	33448	5250	5415
SOC__424	3	2	35028	480	555	35028	3360	3435
SOC__425	3	3	32395	840	890	32395	3720	3770	32395	6600	6650
SOC__425	3	1	40513	2370	2535
SOC__425	3	1	42281	2370	2505
SOC__426	3	1	35021	900	1035
SOC__426	3	2	35389	570	645	35389	3450	3525
SOC__426	3	3	35589	660	710	35589	3540	3590	35589	6420	6470
SOC__428	1	1	31734	960	1125
SOC__433	2	2	36354	2280	2355	36354	5160	5235
SOC__433	2	1	39924	900	1050
SOC__440	3	2	33449	2190	2265	33449	5070	5145
SOC__440	3	1	35594	2280	2445
SOC__440	3	2	37407	2370	2445	37407	5250	5325
SOC__441	1	2	30050	2190	2265	30050	5070	5145
SOC__445	1	2	35596	570	645	35596	3450	3525
SOC__447	1	2	31736	2190	2265	31736	5070	5145
SOC__451	1	2	44865	570	645	44865	3450	3525
SOC__455	1	2	33450	570	645	33450	3450	3525
SOC__465	1	2	37103	900	975	37103	3780	3855
SOC__476	1	2	35019	900	975	35019	3780	3855
SOC__487	1	1	49601	600	735
SOC__490	2	1	30750	3480	3590
SOC__490	2	1	35601	2370	2445
SOC__500	1	1	31740	600	765
SOC__501	1	1	25010	780	945
SOC__502	1	1	48736	3420	3585
SOC__503	1	1	47073	1920	2085
SOC__509	2	1	32294	2280	2445
SOC__509	2	1	34596	4890	5055
SOC__515	1	1	46075	570	735
SOC__520	5	1	33804	4860	5030
SOC__520	5	1	42284	840	1005
SOC__520	5	1	42287	4890	5060
SOC__520	5	1	46424	4890	5055
SOC__520	5	1	46636	570	735
SOC__524	1	1	47105	3840	4005
SOC__528	1	1	33724	3660	3825
SOC__540	2	1	31752	5340	5505
SOC__540	2	1	39023	2280	2445
SOC__541	1	1	32594	5160	5325
SOC__542	1	1	43415	2280	2445
SOC__543	1	1	49463	3990	4140
SOC__547	3	1	30131	2010	2175
SOC__547	3	1	38300	5160	5325
SOC__547	3	1	38413	780	945
SOC__549	1	1	42212	5160	5325
SOC__585	1	1	26295	3720	3885
SOC__587	1	1	30132	3420	3585
SOC__593	1	1	35364	660	770
