HN___100	fall	1	1	48693	3630	3740
HN___100	spring	1	2	47527	2100	2150	47527	4980	5030
HN___110	fall	1	1	21646	0	0
HN___110	spring	1	1	15191	0	0
HN___190	fall	1	1	30238	0	0
HN___196	fall	1	2	26706	2190	2265	26706	5070	5145
HN___196	spring	1	2	20662	2190	2265	20662	5070	5145
HN___201	fall	1	2	45179	2370	2445	45179	5250	5325
HN___202	fall	1	1	26950	0	0
HN___202	spring	1	1	31981	0	0
HN___296	spring	1	2	30347	2370	2445	30347	5250	5325
HN___300	fall	1	1	12022	0	0
HN___300	spring	1	1	48295	0	0
HN___302	fall	1	1	45178	6330	6495
HN___306	spring	1	2	29327	2100	2180	29327	4980	5060
HN___307	fall	1	1	49505	3780	3885
HN___307	spring	1	1	26670	3780	3885
HN___308	fall	1	2	12176	540	615	12176	3420	3495
HN___309	spring	1	2	15193	2250	2325	15193	5130	5205
HN___311	fall	1	2	12177	2100	2180	12177	4980	5060
HN___313	spring	1	1	33451	660	840
HN___318	fall	1	2	43303	630	705	43303	3510	3585
HN___320	fall	1	2	12181	1980	2060	12181	4860	4940
HN___330	spring	1	1	15194	3660	3800
HN___332	fall	1	1	12187	2310	2440
HN___396	fall	1	1	50014	0	0
HN___396	spring	1	1	48565	0	0
HN___407	fall	1	1	38333	780	885
HN___410	fall	1	1	46598	0	0
HN___410	spring	1	1	44950	0	0
HN___413	fall	1	1	50397	6360	6540
HN___414	spring	1	1	44468	0	0
HN___420	spring	1	2	15198	510	590	15198	3390	3470
HN___423	spring	1	1	42666	3480	3630
HN___425	spring	1	1	45999	780	930
HN___440	fall	1	2	37609	2190	2270	37609	5070	5150
HN___440	spring	1	2	30348	2010	2085	30348	4890	4965
HN___502	fall	1	1	48444	6480	6540
HN___503	spring	1	1	33452	5370	5520
HN___510	fall	1	1	50370	2460	2625
HN___555	spring	1	1	40347	3900	3980
HN___560	fall	1	1	34664	1050	1155
HN___581	fall	1	1	50507	0	0
HN___581	spring	1	1	48422	0	0
HN___594	fall	5	1	41190	3930	4110
HN___594	fall	5	1	47829	3960	4050
HN___594	fall	5	1	48329	5370	5550
HN___594	fall	5	1	49265	5370	5460
HN___594	fall	5	1	49386	840	950
HN___594	spring	4	1	44952	6660	6750
HN___594	spring	4	1	44953	1020	1095
HN___594	spring	4	1	45991	1020	1200
HN___594	spring	4	1	47070	2460	2550
HN___596	fall	1	1	50016	0	0
HN___596	spring	1	1	11612	0	0
HN___597	fall	1	1	17484	0	0
HN___597	spring	1	1	11620	0	0
HN___598	fall	1	1	22598	0	0
HN___598	spring	1	1	11632	0	0
HN___599	fall	1	1	22599	0	0
HN___599	spring	1	1	11639	0	0
