RES__250	fall	2	2	47313	2280	2355	47313	5160	5235
RES__250	fall	2	2	48325	2100	2175	48325	4980	5055
RES__250	spring	2	1	46140	900	1050
RES__250	spring	2	2	47814	2100	2175	47814	4980	5055
RES__420	fall	2	2	47305	2010	2085	47305	4890	4965
RES__420	fall	2	2	49832	2010	2085	49832	4890	4965
RES__425	fall	1	2	47304	900	975	47304	3780	3855
RES__425	spring	2	1	47071	5340	5490
RES__425	spring	2	1	47100	5340	5490
RES__450	fall	1	2	47306	2100	2175	47306	4980	5055
RES__460	fall	2	2	49829	900	975	49829	3780	3855
RES__460	fall	2	2	49830	900	975	49830	3780	3855
RES__460	spring	2	2	46523	2010	2085	46523	4890	4965
RES__460	spring	2	2	47099	2010	2085	47099	4890	4965
RES__470	fall	1	2	48326	2280	2355	48326	5160	5235
RES__472	fall	2	2	47314	570	645	47314	3450	3525
RES__472	fall	2	2	48813	570	645	48813	3450	3525
RES__472	spring	2	2	45239	2280	2355	45239	5160	5235
RES__472	spring	2	2	45240	2280	2355	45240	5160	5235
RES__494	fall	2	1	49831	3900	4050
RES__494	fall	2	1	49888	3900	4050
