KN___100	3	2	29557	2100	2150	29557	4980	5030
KN___100	3	2	39689	2100	2150	39689	4980	5030
KN___100	3	1	46687	3660	3770
KN___110	2	2	45257	780	830	45257	3660	3710
KN___110	2	2	47368	780	830	47368	3660	3710
KN___130	5	2	39882	2100	2175	39882	4980	5055
KN___130	5	2	41934	2010	2085	41934	4890	4965
KN___130	5	2	42801	2550	2625	42801	5430	5505
KN___130	5	2	44231	2550	2625	44231	5430	5505
KN___130	5	2	45291	2010	2085	45291	4890	4965
KN___136	2	2	30408	540	590	30408	3420	3470
KN___136	2	2	38079	2010	2060	38079	4890	4940
KN___137	16	2	27628	720	770	27628	3600	3650
KN___137	16	2	27629	2160	2210	27629	5040	5090
KN___137	16	2	30413	600	650	30413	3480	3530
KN___137	16	2	30414	1980	2030	30414	4860	4910
KN___137	16	2	34309	2040	2090	34309	4920	4970
KN___137	16	2	34310	2100	2150	34310	4980	5030
KN___137	16	2	34808	660	710	34808	3540	3590
KN___137	16	2	36983	2220	2270	36983	5100	5150
KN___137	16	2	37223	660	710	37223	3540	3590
KN___137	16	2	37224	2220	2270	37224	5100	5150
KN___137	16	2	39677	600	650	39677	3480	3530
KN___137	16	2	39678	1980	2030	39678	4860	4910
KN___137	16	2	39679	2040	2090	39679	4920	4970
KN___137	16	2	40866	2100	2150	40866	4980	5030
KN___137	16	2	45292	720	770	45292	3600	3650
KN___137	16	2	45293	2160	2210	45293	5040	5090
KN___150	2	2	43322	2370	2445	43322	5250	5325
KN___150	2	2	44621	2190	2265	44621	5070	5145
KN___151	1	1	45260	4800	4850
KN___152	23	2	35741	660	710	35741	3540	3590
KN___152	23	1	37043	900	1000
KN___152	23	1	37055	480	580
KN___152	23	1	37057	4920	5020
KN___152	23	1	37059	4800	4900
KN___152	23	1	37060	6480	6580
KN___152	23	1	37061	6600	6690
KN___152	23	2	37318	660	710	37318	3540	3590
KN___152	23	1	37319	480	580
KN___152	23	1	37419	4800	4900
KN___152	23	1	37420	4920	5020
KN___152	23	1	37421	6480	6580
KN___152	23	1	37422	6600	6700
KN___152	23	1	38080	3360	3460
KN___152	23	1	38081	3780	3880
KN___152	23	1	38282	900	1000
KN___152	23	1	38283	3360	3460
KN___152	23	1	38285	3780	3880
KN___152	23	2	42924	480	530	42924	3360	3410
KN___152	23	1	42926	3660	3760
KN___152	23	1	42927	5280	5380
KN___152	23	1	47494	1980	2080
KN___152	23	1	47495	2100	2200
KN___194	11	2	38945	540	590	38945	3420	3470
KN___194	11	2	41851	540	590	41851	3420	3470
KN___194	11	2	42458	2100	2150	42458	4980	5030
KN___194	11	2	42459	2370	2420	42459	5250	5300
KN___194	11	1	42460	4800	4850
KN___194	11	2	44093	540	590	44093	3420	3470
KN___194	11	1	45294	6600	6700
KN___194	11	1	45295	600	650
KN___194	11	1	47848	600	650
KN___194	11	1	47849	3480	3530
KN___194	11	1	49235	600	650
KN___200	2	2	38122	780	830	38122	3660	3710
KN___200	2	2	39885	720	770	39885	3600	3650
KN___232	16	1	49476	480	645
KN___232	16	1	49477	660	825
KN___232	16	1	49478	840	1005
KN___232	16	1	49479	1020	1185
KN___232	16	1	49480	2100	2265
KN___232	16	1	49481	2280	2445
KN___232	16	1	49482	2460	2625
KN___232	16	1	49483	3360	3525
KN___232	16	1	49484	3540	3705
KN___232	16	1	49485	3720	3885
KN___232	16	1	49486	3900	4065
KN___232	16	1	49487	4980	5145
KN___232	16	1	49488	5160	5325
KN___232	16	1	49489	5340	5505
KN___232	16	1	49490	6240	6405
KN___232	16	1	49491	6420	6585
KN___233	15	1	47855	480	645
KN___233	15	1	47856	660	825
KN___233	15	1	47857	840	1005
KN___233	15	1	47858	1020	1185
KN___233	15	1	47859	2100	2265
KN___233	15	1	47860	2280	2445
KN___233	15	1	47861	2460	2625
KN___233	15	1	47862	3360	3525
KN___233	15	1	47863	3540	3705
KN___233	15	1	47864	3720	3885
KN___233	15	1	47865	3900	4065
KN___233	15	1	47866	4980	5145
KN___233	15	1	47867	5160	5325
KN___233	15	1	47868	5340	5505
KN___233	15	1	47869	6240	6405
KN___237	2	2	44496	2010	2085	44496	4890	4965
KN___237	2	2	45175	2010	2085	45175	4890	4965
KN___243	2	2	27636	2190	2240	27636	5070	5120
KN___243	2	2	29933	2190	2265	29933	5070	5145
KN___245	2	2	44237	660	710	44237	3540	3590
KN___245	2	2	45205	660	710	45205	3540	3590
KN___246	1	1	48656	600	650
KN___261	2	2	29842	2100	2175	29842	4980	5055
KN___261	2	2	36410	2100	2175	36410	4980	5055
KN___262	1	2	39902	780	830	39902	3660	3710
KN___300	1	3	39887	600	650	39887	3480	3530	39887	6360	6410
KN___331	2	2	27761	660	710	27761	3540	3590
KN___331	2	2	29961	660	710	29961	3540	3590
KN___336	4	2	44542	2190	2265	44542	5070	5145
KN___336	4	2	44543	2100	2175	44543	4980	5055
KN___336	4	2	45174	2190	2265	45174	5070	5145
KN___336	4	2	45340	2100	2175	45340	4980	5055
KN___337	3	2	37227	2280	2355	37227	5160	5235
KN___337	3	2	42309	2100	2175	42309	4980	5055
KN___337	3	2	43190	2280	2355	43190	5160	5235
KN___345	1	2	29975	720	770	29975	3600	3650
KN___352	2	3	27771	480	530	27771	3360	3410	27771	6240	6290
KN___352	2	3	29985	480	530	29985	3360	3410	29985	6240	6290
KN___361	3	2	29857	1920	1995	29857	4800	4875
KN___361	3	2	30415	1920	1995	30415	4800	4875
KN___361	3	2	43470	2010	2085	43470	4890	4965
KN___362	3	2	45273	2190	2265	45273	5070	5145
KN___362	3	2	45606	2100	2175	45606	4980	5055
KN___362	3	2	48323	2100	2175	48323	4980	5055
KN___372	3	2	27777	2280	2355	27777	5160	5235
KN___372	3	2	29994	2280	2355	29994	5160	5235
KN___372	3	2	42796	2010	2085	42796	4890	4965
KN___400	1	1	39888	5250	5415
KN___410	1	2	37228	2100	2175	37228	4980	5055
KN___431	1	2	42842	900	975	42842	3780	3855
KN___432	2	1	47426	3780	3945
KN___432	2	1	47889	2370	2535
KN___433	2	1	47890	900	1065
KN___433	2	1	48573	5250	5415
KN___434	1	1	47355	900	1065
KN___435	1	2	40239	2010	2085	40239	4890	4965
KN___438	1	1	45341	2100	2175
KN___441	1	3	48043	600	650	48043	3480	3530	48043	6360	6410
KN___442	1	3	30025	720	770	30025	3600	3650	30025	6480	6530
KN___445	1	1	44343	780	880
KN___447	1	1	44345	3780	3945
KN___448	1	2	39698	2100	2175	39698	4980	5055
KN___450	2	2	39762	720	770	39762	3600	3650
KN___450	2	2	41360	780	855	41360	3660	3735
KN___465	1	2	30416	2190	2265	30416	5070	5145
KN___472	2	2	27871	2370	2445	27871	5250	5325
KN___472	2	2	30032	2370	2445	30032	5250	5325
KN___491	3	1	45275	540	590
KN___491	3	1	47891	2100	2175
KN___491	3	1	48390	2190	2265
KN___494	3	2	33504	900	975	33504	3780	3855
KN___494	3	1	42094	6600	6720
KN___494	3	1	47550	2460	2550
KN___500	1	2	30417	2280	2355	30417	5160	5235
KN___501	1	1	31039	5100	5210
KN___503	1	2	39896	780	830	39896	3660	3710
KN___511	1	1	46452	3990	4065
KN___521	1	1	41400	900	1065
KN___531	1	1	49275	2370	2535
KN___532	1	1	47833	900	1065
KN___533	1	1	49276	3360	3525
KN___534	1	1	48083	480	645
KN___536	1	1	48090	3360	3525
KN___538	1	1	36227	1020	1140
KN___540	1	2	49002	2190	2265	49002	5070	5145
KN___542	1	2	49277	2100	2150	49277	4980	5030
KN___545	1	2	33762	780	855	33762	3660	3735
KN___547	1	2	47497	780	830	47497	3660	3710
KN___550	1	3	48990	540	590	48990	3420	3470	48990	6300	6350
KN___552	1	2	38469	2220	2295	38469	5100	5175
KN___554	1	2	45708	2190	2265	45708	5070	5145
KN___571	1	1	39706	2160	2325
KN___574	1	1	38473	3780	3950
KN___581	1	1	38833	6540	6590
KN___591	1	1	41361	3360	3525
KN___594	5	2	33640	2280	2355	33640	5160	5235
KN___594	5	1	37021	1920	2085
KN___594	5	2	38364	2370	2445	38364	5250	5325
KN___594	5	1	39895	5250	5415
KN___594	5	1	40423	2370	2470
