CLJ___101	3	2	27545	720	770	27545	3600	3650
CLJ___101	3	1	31171	2280	2355
CLJ___101	3	2	31172	720	770	31172	3600	3650
CLJ___102	1	1	27689	1020	1139
CLJ___110	1	1	27691	5160	5235
CLJ___114	4	1	27548	5160	5235
CLJ___114	4	1	47923	4980	5055
CLJ___114	4	1	48360	5070	5145
CLJ___114	4	1	49102	976	1050
CLJ___120	4	1	27550	5070	5145
CLJ___120	4	1	27693	5160	5235
CLJ___120	4	1	34169	4980	5055
CLJ___120	4	1	34559	4980	5055
CLJ___121	6	1	27552	2280	2355
CLJ___121	6	1	27695	2100	2175
CLJ___121	6	2	31760	660	710	31760	3540	3590
CLJ___121	6	1	35840	2010	2085
CLJ___121	6	2	36327	780	830	36327	3660	3710
CLJ___121	6	1	44816	3450	3525
CLJ___122	3	3	36534	780	830	36534	3660	3710	36534	6540	6590
CLJ___122	3	3	41192	780	830	41192	3660	3710	41192	6540	6590
CLJ___122	3	1	41193	6540	6590
CLJ___200	4	2	27663	780	830	27663	3660	3710
CLJ___200	4	2	39218	660	710	39218	3540	3590
CLJ___200	4	2	41615	840	890	41615	3720	3770
CLJ___200	4	1	43505	2010	2085
CLJ___210	5	2	27664	2190	2265	27664	5070	5145
CLJ___210	5	1	33146	1080	1230
CLJ___210	5	1	33347	1080	1230
CLJ___210	5	1	33348	3900	4070
CLJ___210	5	1	37343	3960	4110
CLJ___220	3	1	27697	2100	2175
CLJ___220	3	2	33144	840	890	33144	3720	3770
CLJ___220	3	2	33350	780	830	33350	3660	3710
CLJ___261	9	2	27560	2010	2085	27560	4890	4965
CLJ___261	9	2	27665	2490	2565	27665	5370	5445
CLJ___261	9	2	34628	570	645	34628	3450	3525
CLJ___261	9	1	35792	3900	4050
CLJ___261	9	2	41769	2100	2175	41769	4980	5055
CLJ___261	9	2	45950	2280	2355	45950	5160	5235
CLJ___261	9	3	46192	780	830	46192	3660	3710	46192	6540	6590
CLJ___261	9	2	46421	840	915	46421	3720	3795
CLJ___261	9	1	49233	3780	3930
CLJ___262	3	2	27666	900	975	27666	3780	3855
CLJ___262	3	2	33351	2280	2355	33351	5160	5235
CLJ___262	3	2	34268	2190	2265	34268	5070	5145
CLJ___265	1	2	48368	2280	2355	48368	5160	5235
CLJ___271	2	2	27667	2010	2085	27667	4890	4965
CLJ___271	2	2	47086	2100	2175	47086	4980	5055
CLJ___303	1	1	28130	1920	1995
CLJ___311	2	2	27668	2100	2175	27668	4980	5055
CLJ___311	2	1	46409	2520	2670
CLJ___321	3	2	44829	2100	2175	44829	4980	5055
CLJ___321	3	2	45215	2190	2265	45215	5070	5145
CLJ___321	3	2	46843	2280	2355	46843	5160	5235
CLJ___345	1	2	46852	2280	2355	46852	5160	5235
CLJ___350	2	2	27564	2100	2175	27564	4980	5055
CLJ___350	2	2	27670	2190	2265	27670	5070	5145
CLJ___355	3	1	27565	2370	2520
CLJ___355	3	1	27671	2370	2520
CLJ___355	3	1	49120	5250	5400
CLJ___356	2	2	43857	570	645	43857	3450	3525
CLJ___356	2	2	44258	2010	2085	44258	4890	4965
CLJ___361	2	1	37173	1080	1230
CLJ___361	2	1	43472	5400	5550
CLJ___363	2	2	46410	2190	2265	46410	5070	5145
CLJ___363	2	2	48369	2280	2355	48369	5160	5235
CLJ___374	2	2	46019	2280	2355	46019	5160	5235
CLJ___374	2	2	48104	2100	2175	48104	4980	5055
CLJ___375	1	2	48370	2010	2085	48370	4890	4965
CLJ___394	7	2	38387	2010	2085	38387	4890	4965
CLJ___394	7	2	43858	1080	1155	43858	3960	4035
CLJ___394	7	1	44257	2340	2490
CLJ___394	7	2	45217	2100	2175	45217	4980	5055
CLJ___394	7	2	46020	1080	1155	46020	3960	4035
CLJ___394	7	2	47102	2100	2175	47102	4980	5055
CLJ___394	7	2	49224	2010	2085	49224	4890	4965
CLJ___402	6	3	34194	840	890	34194	3720	3770	34194	6600	6650
CLJ___402	6	3	34598	840	890	34598	3720	3770	34598	6600	6650
CLJ___402	6	3	38388	840	890	38388	3720	3770	38388	6600	6650
CLJ___402	6	3	38398	840	890	38398	3720	3770	38398	6600	6650
CLJ___402	6	3	47336	840	890	47336	3720	3770	47336	6600	6650
CLJ___402	6	3	47339	840	890	47339	3720	3770	47339	6600	6650
CLJ___405	6	2	42461	900	975	42461	3780	3855
CLJ___405	6	2	42462	900	975	42462	3780	3855
CLJ___405	6	1	42603	1080	1260
CLJ___405	6	1	42604	1080	1260
CLJ___405	6	2	44784	2100	2175	44784	4980	5055
CLJ___405	6	2	44863	2100	2175	44863	4980	5055
CLJ___422	4	1	27675	900	1050
CLJ___422	4	1	33150	900	1050
CLJ___422	4	1	33155	900	1050
CLJ___422	4	1	37348	900	1050
CLJ___423	4	2	27572	2280	2355	27572	5160	5235
CLJ___423	4	2	27677	2100	2175	27677	4980	5055
CLJ___423	4	2	40858	2280	2355	40858	5160	5235
CLJ___423	4	2	44839	2100	2175	44839	4980	5055
CLJ___424	4	1	41798	2370	2520
CLJ___424	4	1	41799	2370	2520
CLJ___424	4	1	42262	2370	2520
CLJ___424	4	1	42263	2370	2520
CLJ___425	2	2	41231	2370	2445	41231	5250	5325
CLJ___425	2	2	41232	2010	2085	41232	4890	4965
CLJ___430	2	1	43715	900	1050
CLJ___430	2	1	43716	900	1050
CLJ___435	2	1	35793	3960	4110
CLJ___435	2	1	35842	3960	4110
CLJ___442	2	1	33343	5250	5400
CLJ___442	2	1	33344	5250	5400
CLJ___450	2	1	41322	5250	5400
CLJ___450	2	1	41323	5250	5400
CLJ___491	17	2	33345	2370	2445	33345	5250	5325
CLJ___491	17	2	33346	2370	2445	33346	5250	5325
CLJ___491	17	2	34195	2190	2265	34195	5070	5145
CLJ___491	17	1	34201	5340	5510
CLJ___491	17	2	34599	2190	2265	34599	5070	5145
CLJ___491	17	1	34600	5340	5510
CLJ___491	17	3	36384	840	890	36384	3720	3770	36384	6600	6650
CLJ___491	17	3	36385	840	890	36385	3720	3770	36385	6600	6650
CLJ___491	17	2	36652	2190	2265	36652	5070	5145
CLJ___491	17	2	36653	2190	2265	36653	5070	5145
CLJ___491	17	1	38392	900	1050
CLJ___491	17	1	38393	900	1050
CLJ___491	17	1	42314	900	1050
CLJ___491	17	2	42316	2370	2445	42316	5250	5325
CLJ___491	17	2	42317	2370	2445	42317	5250	5325
CLJ___491	17	3	42318	840	890	42318	3720	3770	42318	6600	6650
CLJ___491	17	3	42319	840	890	42319	3720	3770	42319	6600	6650
CLJ___492	13	1	30217	900	1050
CLJ___492	13	1	30251	900	1050
CLJ___492	13	2	31766	2190	2265	31766	5070	5145
CLJ___492	13	2	31897	2190	2265	31897	5070	5145
CLJ___492	13	3	38908	780	830	38908	3660	3710	38908	6540	6590
CLJ___492	13	3	38909	780	830	38909	3660	3710	38909	6540	6590
CLJ___492	13	3	39280	780	830	39280	3660	3710	39280	6540	6590
CLJ___492	13	3	39281	780	830	39281	3660	3710	39281	6540	6590
CLJ___492	13	2	39965	2100	2175	39965	4980	5055
CLJ___492	13	2	39966	2100	2175	39966	4980	5055
CLJ___492	13	2	40275	2280	2355	40275	5160	5235
CLJ___492	13	2	40276	2280	2355	40276	5160	5235
CLJ___492	13	2	47214	2190	2265	47214	5070	5145
CLJ___493	8	2	43503	2280	2355	43503	5160	5235
CLJ___493	8	2	43504	2280	2355	43504	5160	5235
CLJ___493	8	1	43717	3780	3930
CLJ___493	8	1	43718	3780	3930
CLJ___493	8	1	44840	2370	2520
CLJ___493	8	2	44841	2190	2265	44841	5070	5145
CLJ___493	8	1	45068	900	1050
CLJ___493	8	1	45069	900	1050
CLJ___500	1	1	27580	900	1070
CLJ___520	1	1	27683	3870	4040
CLJ___540	3	1	27581	3870	4040
CLJ___540	3	1	44951	2370	2520
CLJ___540	3	1	45001	2400	2570
CLJ___542	2	1	44568	1110	1260
CLJ___542	2	1	46403	3990	4140
CLJ___546	1	1	27684	5250	5390
CLJ___547	2	1	27685	960	1130
CLJ___547	2	1	38395	5250	5420
CLJ___560	1	1	27687	900	1070
CLJ___561	1	1	27584	2370	2540
CLJ___562	2	1	27688	3870	4040
CLJ___562	2	1	46884	2370	2540
CLJ___564	1	1	47104	2370	2540
CLJ___570	1	1	40951	5250	5415
CLJ___580	1	1	28933	570	680
CLJ___594	3	1	33221	5250	5420
CLJ___594	3	1	40587	6540	6710
CLJ___594	3	1	48939	900	1070
