MUS___100	6	2	12634	2010	2085	12634	4890	4965
MUS___100	6	2	28981	2370	2445	28981	5250	5325
MUS___100	6	2	32582	2460	2535	32582	5340	5415
MUS___100	6	2	38317	2280	2355	38317	5160	5235
MUS___100	6	2	39668	2010	2085	39668	4890	4965
MUS___100	6	2	42742	2190	2265	42742	5070	5145
MUS___101	5	3	12635	600	650	12635	3480	3530	12635	6360	6410
MUS___101	5	3	27580	1980	2030	27580	3420	3470	27580	6300	6350
MUS___101	5	2	32791	2010	2085	32791	4890	4965
MUS___101	5	3	33978	600	650	33978	3480	3530	33978	6360	6410
MUS___101	5	2	38053	2010	2085	38053	4890	4965
MUS___102	2	2	17461	2010	2085	17461	4890	4965
MUS___102	2	3	33428	540	590	33428	3420	3470	33428	6300	6350
MUS___107	8	2	12637	2100	2175	12637	4980	5055
MUS___107	8	3	17464	600	650	17464	3480	3530	17464	6360	6410
MUS___107	8	2	21579	2010	2085	21579	4890	4965
MUS___107	8	2	21701	2280	2355	21701	5160	5235
MUS___107	8	3	21702	660	710	21702	3540	3590	21702	6420	6470
MUS___107	8	3	36847	600	650	36847	3480	3530	36847	6360	6410
MUS___107	8	2	37431	2010	2085	37431	4890	4965
MUS___107	8	3	39670	540	590	39670	3420	3470	39670	6300	6350
MUS___108	1	1	41180	2100	2175
MUS___109	1	1	40782	4980	5055
MUS___113	1	2	28801	2010	2085	28801	4890	4965
MUS___114	7	3	21703	540	590	21703	3420	3470	21703	6300	6350
MUS___114	7	3	30881	960	1010	30881	3840	3890	30881	6720	6770
MUS___114	7	2	33533	1920	1995	33533	4800	4875
MUS___114	7	3	37205	720	770	37205	3600	3650	37205	6480	6530
MUS___114	7	3	38396	780	830	38396	3660	3710	38396	6540	6590
MUS___114	7	3	48237	720	770	48237	3600	3650	48237	6480	6530
MUS___114	7	3	48240	720	770	48240	3600	3650	48240	6480	6530
MUS___115	1	2	39695	2190	2265	39695	5070	5145
MUS___116	1	3	40007	780	830	40007	3660	3710	40007	6540	6590
MUS___117	3	2	26714	2010	2085	26714	4890	4965
MUS___117	3	2	30627	2100	2175	30627	4980	5055
MUS___117	3	2	34711	2100	2175	34711	4980	5055
MUS___118	4	3	37180	780	830	37180	3660	3710	37180	6540	6590
MUS___118	4	2	37963	2100	2175	37963	4980	5055
MUS___118	4	2	37964	2370	2445	37964	5250	5325
MUS___118	4	2	43878	2100	2175	43878	4980	5055
MUS___119	4	2	28962	2130	2205	28962	5010	5085
MUS___119	4	2	33968	2370	2445	33968	5250	5325
MUS___119	4	2	38407	2370	2445	38407	5250	5325
MUS___119	4	2	48644	2280	2355	48644	5160	5235
MUS___120	1	3	39696	660	710	39696	3540	3590	39696	6420	6470
MUS___127	4	3	23557	960	1010	23557	3840	3890	23557	6720	6770
MUS___127	4	3	31894	600	650	31894	3480	3530	31894	6360	6410
MUS___127	4	3	32581	960	1010	32581	3840	3890	32581	6720	6770
MUS___127	4	3	39678	600	650	39678	3480	3530	39678	6360	6410
MUS___160	7	2	27227	1170	1230	27227	4050	4110
MUS___160	7	2	29548	2520	2595	29548	5400	5475
MUS___160	7	2	30643	2190	2265	30643	5070	5145
MUS___160	7	2	32820	2280	2355	32820	5160	5235
MUS___160	7	2	33443	1110	1170	33443	3990	4050
MUS___160	7	2	38300	1020	1080	38300	3900	3960
MUS___160	7	2	39105	2520	2595	39105	5400	5475
MUS___161	1	2	48081	2100	2175	48081	4980	5055
MUS___165	1	2	49274	3600	3675	49274	6480	6555
MUS___167	1	3	47938	720	770	47938	3600	3650	47938	6480	6530
MUS___171	3	2	17475	2280	2355	17475	5160	5235
MUS___171	3	3	38510	720	770	38510	3600	3650	38510	6480	6530
MUS___171	3	3	47458	660	710	47458	3540	3590	47458	6420	6470
MUS___190	2	1	43743	900	1010
MUS___190	2	1	49027	6660	6770
MUS___191	1	3	48710	540	590	48710	3420	3470	48710	6300	6350
MUS___201	3	3	12713	600	650	12713	3480	3530	12713	6360	6410
MUS___201	3	3	34997	540	590	34997	3420	3470	34997	6300	6350
MUS___201	3	2	40696	2010	2085	40696	4890	4965
MUS___202	1	3	17515	540	590	17515	3420	3470	17515	6300	6350
MUS___220	3	1	28963	1080	1230
MUS___220	3	1	33729	1080	1245
MUS___220	3	1	38408	5070	5210
MUS___221	3	2	38406	2370	2445	38406	5250	5325
MUS___221	3	3	39629	720	770	39629	3600	3650	39629	6480	6530
MUS___221	3	2	39846	2100	2175	39846	4980	5055
MUS___223	2	3	39632	600	650	39632	3480	3530	39632	6360	6410
MUS___223	2	3	41022	600	650	41022	3480	3530	41022	6360	6410
MUS___227	4	3	12715	780	830	12715	3660	3710	12715	6540	6590
MUS___227	4	3	28964	720	770	28964	3600	3650	28964	6480	6530
MUS___227	4	3	29132	780	830	29132	3660	3710	29132	6540	6590
MUS___227	4	3	33439	960	1010	33439	3840	3890	33439	6720	6770
MUS___230	2	2	34602	2190	2265	34602	5070	5145
MUS___230	2	2	39700	2190	2265	39700	5070	5145
MUS___231	7	2	26715	2010	2085	26715	4890	4965
MUS___231	7	2	30628	2280	2355	30628	5160	5235
MUS___231	7	2	33534	2010	2085	33534	4890	4965
MUS___231	7	2	36550	2010	2085	36550	4890	4965
MUS___231	7	2	38608	2370	2445	38608	5250	5325
MUS___231	7	2	39157	2010	2085	39157	4890	4965
MUS___231	7	2	39633	2010	2085	39633	4890	4965
MUS___232	2	2	41208	2190	2265	41208	5070	5145
MUS___232	2	2	48649	2010	2085	48649	4890	4965
MUS___240	1	2	32399	2280	2355	32399	5160	5235
MUS___298	1	3	46214	600	650	46214	3480	3530	46214	6360	6410
MUS___300	1	2	12725	2100	2175	12725	4980	5055
MUS___301	1	2	17524	2190	2265	17524	5070	5145
MUS___302	3	2	12726	2190	2265	12726	5070	5145
MUS___302	3	3	35089	660	710	35089	3540	3590	35089	6420	6470
MUS___302	3	2	38024	2100	2175	38024	4980	5055
MUS___303	1	2	17525	2190	2265	17525	5070	5145
MUS___304	3	2	28802	660	735	28802	3540	3615
MUS___304	3	3	32400	600	650	32400	3480	3530	32400	6360	6410
MUS___304	3	3	34709	660	710	34709	3540	3590	34709	6420	6470
MUS___306	5	3	26716	660	710	26716	3540	3590	26716	6420	6470
MUS___306	5	2	30630	2100	2175	30630	4980	5055
MUS___306	5	2	33535	660	735	33535	6420	6495
MUS___306	5	2	36342	2190	2265	36342	5070	5145
MUS___306	5	3	39701	2010	2085	39701	4890	4965	39701	6330	6405
MUS___310	2	3	34710	720	770	34710	3600	3650	34710	6480	6530
MUS___310	2	2	39702	2010	2085	39702	4890	4965
MUS___311	2	3	34606	780	830	34606	3660	3710	34606	6540	6590
MUS___311	2	2	38648	2100	2175	38648	4980	5055
MUS___312	1	2	41515	2100	2175	41515	4980	5055
MUS___314	1	2	45288	780	855	45288	6540	6615
MUS___323	1	1	42086	2100	2175
MUS___324	1	2	47942	660	710	47942	3540	3590
MUS___325	1	2	49272	2280	2355	49272	5160	5235
MUS___326	1	1	48478	2010	2085
MUS___330	2	2	41023	2280	2355	41023	5160	5235
MUS___330	2	3	43240	660	710	43240	3540	3590	43240	6420	6470
MUS___340	1	2	47944	2280	2355	47944	5160	5235
MUS___350	1	3	49273	600	650	49273	3480	3530	49273	6360	6410
MUS___351	1	2	47946	2190	2265	47946	5070	5145
MUS___390	1	3	41024	660	710	41024	3540	3590	41024	6420	6470
MUS___396	1	3	42909	660	710	42909	3540	3590	42909	6420	6470
MUS___397	1	3	42910	540	590	42910	3420	3470	42910	6300	6350
