ED___100	fall	5	2	33201	2190	2265	33201	5070	5145
ED___100	fall	5	2	36762	2190	2265	36762	5070	5145
ED___100	fall	5	2	44097	2280	2355	44097	5160	5235
ED___100	fall	5	2	44098	2280	2355	44098	5160	5235
ED___100	fall	5	2	46040	2280	2355	46040	5160	5235
ED___100	spring	2	2	37980	2100	2175	37980	4980	5055
ED___100	spring	2	2	38691	2100	2175	38691	4980	5055
ED___101	fall	1	2	45004	780	855	45004	3660	3735
ED___131	spring	1	2	48226	660	710	48226	3540	3590
ED___135	fall	1	2	32277	2100	2175	32277	4980	5055
ED___135	spring	1	1	30398	0	0
ED___151	fall	4	1	32545	3780	3830
ED___151	fall	4	1	32546	3660	3710
ED___151	fall	4	1	32547	780	830
ED___151	fall	4	1	48977	900	950
ED___152	fall	1	1	38860	3540	3590
ED___152	spring	4	1	32255	600	650
ED___152	spring	4	1	32256	720	770
ED___152	spring	4	1	32257	3600	3650
ED___152	spring	4	1	47403	3480	3530
ED___160	fall	1	2	43953	2280	2355	43953	5160	5235
ED___160	spring	1	2	46705	2280	2355	46705	5160	5235
ED___194	fall	3	2	36145	1980	2090	36145	4860	4970
ED___194	fall	3	1	43683	3600	3650
ED___194	fall	3	2	46136	1980	2090	46136	4860	4970
ED___200	fall	3	2	28632	2280	2355	28632	5160	5235
ED___200	fall	3	2	28633	2280	2355	28633	5160	5235
ED___200	fall	3	2	42137	2280	2355	42137	5160	5235
ED___200	spring	2	2	13983	2010	2085	13983	4890	4965
ED___200	spring	2	2	41455	900	975	41455	3780	3855
ED___201	fall	2	2	43974	720	795	43974	3600	3675
ED___201	fall	2	2	48973	570	645	48973	3450	3525
ED___202	fall	1	2	49609	2190	2265	49609	5070	5145
ED___205	fall	2	2	32615	2370	2445	32615	5250	5325
ED___205	fall	2	2	36605	2280	2355	36605	5160	5235
ED___205	spring	2	2	37981	2190	2265	37981	5070	5145
ED___205	spring	2	2	38692	2280	2355	38692	5160	5235
ED___210	fall	1	2	21506	2010	2085	21506	4890	4965
ED___210	spring	1	2	48381	2190	2265	48381	5070	5145
ED___217	fall	1	2	43959	2190	2265	43959	5070	5145
ED___222	fall	1	2	41375	2190	2265	41375	5070	5145
ED___222	spring	1	2	39873	2190	2265	39873	5070	5145
ED___252	fall	1	1	37393	0	0
ED___252	spring	1	1	47647	0	0
ED___258	fall	1	2	39325	2010	2085	39325	4890	4965
ED___264	fall	1	2	49512	2100	2175	49512	4980	5055
ED___264	spring	1	2	47597	2100	2175	47597	4980	5055
ED___294	fall	4	2	42138	2280	2355	42138	5160	5235
ED___294	fall	4	1	42960	2310	2450
ED___294	fall	4	2	46701	2100	2175	46701	4980	5055
ED___294	fall	4	1	49599	2370	2520
ED___307	fall	2	1	38622	3480	3590
ED___307	fall	2	1	39766	6360	6470
ED___307	spring	3	1	37078	3720	3830
ED___307	spring	3	1	37092	3480	3590
ED___307	spring	3	1	37315	3480	3590
ED___316	fall	3	1	49979	540	710
ED___316	fall	3	1	49980	780	950
ED___316	fall	3	1	49981	1980	2150
ED___350	fall	4	1	20732	540	710
ED___350	fall	4	1	22589	780	950
ED___350	fall	4	1	42965	1980	2150
ED___350	fall	4	1	46622	2220	2390
ED___351	spring	4	1	20087	1980	2150
ED___351	spring	4	1	38655	2220	2390
ED___351	spring	4	1	41810	780	950
ED___351	spring	4	1	45196	540	710
ED___374	fall	1	1	46147	2010	2085
ED___394	fall	1	1	49677	5370	5430
ED___394	spring	1	2	47452	2190	2265	47452	5070	5145
ED___396	fall	1	1	17955	0	0
ED___396	spring	1	1	11207	0	0
ED___402	fall	1	1	28955	2520	2700
ED___402	spring	1	1	14003	5340	5520
ED___403	fall	1	1	43919	2460	2640
ED___416	fall	3	1	38637	3660	3830
ED___416	fall	3	1	38639	3420	3590
ED___416	fall	3	1	47136	3420	3590
ED___417	spring	4	1	37982	3660	3830
ED___417	spring	4	1	37983	3660	3830
ED___417	spring	4	1	46436	3660	3830
ED___417	spring	4	1	46439	5100	5270
ED___421	fall	1	1	23056	5340	5520
ED___422	fall	1	1	11869	5340	5520
ED___424	fall	2	1	36645	990	1170
ED___424	fall	2	1	36646	990	1170
ED___425	fall	3	1	41438	1020	1200
ED___425	fall	3	1	41440	2460	2640
ED___425	fall	3	1	49604	1020	1200
ED___432	fall	2	1	28639	1020	1200
ED___432	fall	2	1	28641	2460	2640
ED___445	fall	1	1	11898	1020	1200
ED___445	spring	1	1	20966	3900	4080
ED___461	fall	2	1	11901	1020	1200
ED___461	fall	2	1	44101	5340	5520
ED___470	fall	1	1	30461	960	1010
ED___471	spring	1	1	37080	0	0
ED___472	fall	1	1	12073	5340	5520
ED___472	spring	1	1	14024	3900	4080
ED___502	fall	1	1	12091	1020	1200
ED___502	spring	1	1	36212	2460	2640
ED___503	fall	1	1	12093	2460	2640
ED___503	spring	1	1	33718	0	0
ED___504	fall	2	1	36444	5340	5520
ED___504	fall	2	1	49689	5340	5520
ED___504	spring	1	1	35493	2460	2640
ED___505	fall	1	1	35439	3900	4080
ED___506	fall	1	1	39326	2460	2640
ED___506	spring	1	1	35468	5340	5520
ED___594	fall	3	1	38763	1020	1200
ED___594	fall	3	1	48867	5340	5520
ED___594	fall	3	1	49016	1020	1200
ED___594	spring	2	1	47642	2460	2640
ED___594	spring	2	1	48260	5340	5520
ED___596	fall	1	1	18014	0	0
ED___596	spring	1	1	11267	0	0
