CSC__225	fall	2	2	13597	2400	2475	13597	5280	5355
CSC__225	fall	2	1	13598	0	0
CSC__225	spring	2	2	13536	2400	2475	13536	5280	5355
CSC__225	spring	2	1	13539	0	0
CSC__275	fall	2	2	13693	2520	2595	13693	5400	5475
CSC__275	fall	2	1	13694	0	0
CSC__275	spring	2	2	13540	2520	2595	13540	5400	5475
CSC__275	spring	2	1	13541	0	0
CSC__302	fall	1	1	14241	0	0
CSC__302	spring	3	1	14155	2400	2500
CSC__302	spring	3	1	14156	0	0
CSC__302	spring	3	1	14191	0	0
CSC__305	fall	1	1	12197	0	0
CSC__305	spring	1	1	12154	0	0
CSC__316	fall	3	1	14805	0	0
CSC__316	fall	3	1	14815	0	0
CSC__316	fall	3	1	15419	0	0
CSC__316	spring	3	1	14731	0	0
CSC__316	spring	3	1	14732	0	0
CSC__316	spring	3	1	14780	0	0
CSC__366	fall	1	1	15174	0	0
CSC__366	spring	1	1	15113	0	0
CSC__367	fall	1	1	15175	0	0
CSC__367	spring	1	1	15114	0	0
CSC__368	fall	1	1	12379	0	0
CSC__368	spring	1	1	12333	0	0
CSC__376	fall	2	1	10446	720	820
CSC__376	fall	2	1	10447	0	0
CSC__376	spring	2	1	10395	720	820
CSC__376	spring	2	1	10396	0	0
CSC__385	fall	3	2	10448	2520	2620	10448	5400	5500
CSC__385	fall	3	1	11880	0	0
CSC__385	fall	3	1	12331	0	0
CSC__385	spring	2	2	10401	2520	2620	10401	5400	5500
CSC__385	spring	2	1	11792	0	0
CSC__388	fall	3	1	10451	3840	3940
CSC__388	fall	3	1	10453	0	0
CSC__388	fall	3	1	14016	0	0
CSC__388	spring	3	1	10398	3840	3940
CSC__388	spring	3	1	11797	0	0
CSC__388	spring	3	1	13908	0	0
CSC__389	fall	3	1	10455	840	940
CSC__389	fall	3	1	12231	0	0
CSC__389	fall	3	1	13710	0	0
CSC__389	spring	2	1	10399	840	940
CSC__389	spring	2	1	11803	0	0
CSC__405	fall	1	1	12198	0	0
CSC__405	spring	1	1	12162	0	0
CSC__430	fall	1	1	12438	0	0
CSC__430	spring	1	1	12344	0	0
CSC__437	fall	1	1	15190	0	0
CSC__437	spring	1	1	15115	0	0
CSC__438	fall	1	1	12643	0	0
CSC__438	spring	1	1	12554	0	0
CSC__452	fall	2	1	13986	0	0
CSC__452	fall	2	1	14315	2400	2500
CSC__452	spring	1	1	15141	0	0
CSC__453	spring	1	1	13913	0	0
CSC__470	fall	9	1	10459	0	0
CSC__470	fall	9	1	10460	0	0
CSC__470	fall	9	1	11881	600	700
CSC__470	fall	9	1	11952	0	0
CSC__470	fall	9	1	12201	0	0
CSC__470	fall	9	1	12261	0	0
CSC__470	fall	9	1	12288	0	0
CSC__470	fall	9	1	12328	0	0
CSC__470	fall	9	1	14316	0	0
CSC__470	spring	9	1	10411	0	0
CSC__470	spring	9	1	10412	0	0
CSC__470	spring	9	1	10413	0	0
CSC__470	spring	9	1	11820	0	0
CSC__470	spring	9	1	11993	0	0
CSC__470	spring	9	1	11818	0	0
CSC__470	spring	9	1	12292	0	0
CSC__470	spring	9	1	15021	600	700
CSC__470	spring	9	1	15201	0	0
CSC__471	fall	1	1	11882	0	0
CSC__471	spring	1	1	11848	0	0
CSC__472	fall	3	1	10463	3480	3580
CSC__472	fall	3	1	10464	0	0
CSC__472	fall	3	1	14188	2160	2260
CSC__472	spring	2	1	10415	3480	3580
CSC__472	spring	2	1	10416	0	0
CSC__478	fall	2	1	12329	0	0
CSC__478	fall	2	1	14191	0	0
CSC__478	spring	3	1	10417	3960	4060
CSC__478	spring	3	1	12244	0	0
CSC__478	spring	3	1	14211	0	0
CSC__482	fall	2	1	15037	0	0
CSC__482	fall	2	1	15418	0	0
CSC__482	spring	2	1	15009	2280	2380
CSC__482	spring	2	1	15032	0	0
CSC__484	spring	1	1	10420	0	0
CSC__501	fall	3	1	14809	5040	5140
CSC__501	fall	3	1	14927	0	0
CSC__501	fall	3	1	14950	2040	2140
CSC__501	spring	2	1	14734	5040	5140
CSC__501	spring	2	1	14872	0	0
CSC__532	fall	2	1	15067	5280	5380
CSC__532	fall	2	1	15181	0	0
CSC__532	spring	3	1	15012	5280	5380
CSC__532	spring	3	1	15014	0	0
CSC__532	spring	3	1	15047	6600	6700
CSC__533	fall	2	1	15068	0	0
CSC__533	fall	2	1	15645	3840	3940
CSC__533	spring	1	1	15610	2400	2500
CSC__534	fall	2	1	15193	0	0
CSC__534	fall	2	1	15231	3720	3820
CSC__534	spring	1	1	15496	3840	3940
CSC__535	fall	2	1	15192	0	0
CSC__535	fall	2	1	15320	2280	2380
CSC__535	spring	2	1	15116	0	0
CSC__535	spring	2	1	15532	2280	2380
CSC__540	fall	3	1	12651	2160	2260
CSC__540	fall	3	1	12652	0	0
CSC__540	fall	3	1	14306	2040	2140
CSC__540	spring	3	1	12462	2160	2260
CSC__540	spring	3	1	12463	0	0
CSC__540	spring	3	1	12819	2040	2140
CSC__561	fall	1	1	14771	0	0
CSC__561	spring	1	1	14735	5160	5260
CSC__562	fall	2	1	14772	4920	5020
CSC__562	fall	2	1	14928	0	0
CSC__562	spring	2	1	14737	4920	5020
CSC__562	spring	2	1	15020	0	0
CSC__564	fall	2	1	14331	3600	3700
CSC__564	fall	2	1	14830	0	0
CSC__564	spring	1	1	12662	3600	3700
CSC__570	fall	4	1	11884	0	0
CSC__570	fall	4	1	12771	720	820
CSC__570	fall	4	1	12838	840	940
CSC__570	fall	4	1	12839	0	0
CSC__570	spring	9	1	11851	0	0
CSC__570	spring	9	1	12019	0	0
CSC__570	spring	9	1	12075	720	820
CSC__570	spring	9	1	12568	0	0
CSC__570	spring	9	1	12816	0	0
CSC__570	spring	9	1	12823	0	0
CSC__570	spring	9	1	13917	0	0
CSC__570	spring	9	1	14184	0	0
CSC__570	spring	9	1	14231	840	940
CSC__572	fall	2	1	10484	960	1060
CSC__572	fall	2	1	14321	6480	6580
CSC__572	spring	2	1	10425	960	1060
CSC__572	spring	2	1	12223	0	0
CSC__577	fall	1	1	10501	0	0
