MOVI_105	fall	3	2		2190	2355		900	1065
MOVI_105	fall	3	1	42468	3780	3855
MOVI_105	fall	3	1	47084	5070	5145
MOVI_130	fall	1	2	44696	2100	2175	44696	4980	5055
MOVI_131	fall	2	1		900	1065
MOVI_131	fall	2	1	47487	3780	3855
MOVI_131	spring	2	1		2370	2445
MOVI_131	spring	2	1	46465	5250	5415
MOVI_132	fall	2	1		2370	2445
MOVI_132	fall	2	1	47455	5250	5415
MOVI_132	spring	2	1		900	975
MOVI_132	spring	2	1	46270	3780	3945
MOVI_208	fall	1	2	44703	2100	2175	44703	4980	5055
MOVI_225	fall	1	1	44736	5070	5145
MOVI_225	spring	1	1	43746	2010	2085
MOVI_229	fall	1	2	43802	2190	2265	43802	5070	5145
MOVI_229	spring	1	2	47086	2280	2355	47086	5160	5235
MOVI_230	fall	3	2		900	975		2370	2445
MOVI_230	fall	3	1	47483	3780	3945
MOVI_230	fall	3	1	47485	5250	5415
MOVI_230	spring	3	2		900	975		2370	2445
MOVI_230	spring	3	1	46708	3780	3945
MOVI_230	spring	3	1	46710	5250	5415
MOVI_232	fall	1	1	24425	3660	3770
MOVI_233	spring	1	1	22832	900	1010
MOVI_234	fall	1	2	29022	570	645	29022	3450	3525
MOVI_250	spring	1	2	48308	2370	2445	48308	5250	5325
MOVI_270	fall	1	2	49222	2280	2355	49222	5160	5235
MOVI_270	spring	1	2	36382	2280	2355	36382	5160	5235
MOVI_278	fall	1	1	39188	2460	2535
MOVI_280	fall	1	2	35644	900	975	35644	3780	3855
MOVI_331	fall	1	2	48074	2190	2265	48074	5070	5145
MOVI_331	spring	1	2	46724	2280	2355	46724	5160	5235
