EPID_400	fall	1	1	15886	4020	4110
EPID_403	fall	1	1	30731	0	0
EPID_404	spring	1	2	20280	1980	2085	20280	4860	4965
EPID_406	fall	1	1	23459	2310	2475
EPID_408	spring	1	2	38194	2475	2550	38194	5355	5430
EPID_409	spring	1	2	25547	1050	1155	25547	3930	4035
EPID_410	fall	1	1	24427	2160	2265
EPID_411	spring	1	2	14255	3630	3710	14255	6510	6590
EPID_412	fall	1	1	28471	4920	5025
EPID_414	fall	1	1	50390	3420	3525
EPID_428	fall	2	1	15916	5190	5295
EPID_428	fall	2	1	42512	5190	5295
EPID_494	fall	1	1	49678	3420	3525
EPID_500	fall	1	2	44131	2160	2265	44131	5040	5145
EPID_501	spring	1	2	26987	2220	2325	26987	5100	5205
EPID_509	fall	1	1	33766	2310	2430
EPID_510	fall	1	1	28463	0	0
EPID_510	spring	1	2	46483	2460	2565	46483	5340	5445
EPID_512	fall	1	1	39024	5160	5340
EPID_515	fall	1	1	15919	0	0
EPID_515	spring	1	1	46657	3780	3945
EPID_516	fall	1	1	41627	3720	3825
EPID_517	fall	6	2	40038	3480	3590	40038	6360	6470
EPID_517	fall	6	2	42511	3480	3590	42511	6360	6470
EPID_517	fall	6	2	45102	3480	3600	45102	6360	6480
EPID_517	fall	6	2	45379	3480	3590	45379	6360	6470
EPID_517	fall	6	2	47163	3480	3600	47163	6360	6480
EPID_517	fall	6	2	49497	3480	3600	49497	6360	6480
EPID_518	fall	1	1	48807	6300	6465
EPID_520	fall	1	1	27235	660	765
EPID_525	spring	1	1	47532	570	675
EPID_526	spring	1	1	39776	0	0
EPID_530	fall	3	1	33948	6420	6470
EPID_530	fall	3	2	46179	3480	3590	46179	6360	6470
EPID_530	fall	3	2	48810	3480	3590	48810	6360	6470
EPID_535	fall	1	1	44132	3810	3915
EPID_536	spring	1	1	34240	780	885
EPID_545	fall	1	1	48099	2280	2445
EPID_549	fall	1	1	30732	5280	5445
EPID_550	fall	1	2	47165	1980	2160	47165	4860	5040
EPID_555	spring	1	1	46484	1980	2145
EPID_571	spring	1	1	26793	4860	5010
