IP___400	fall	1	1	44463	0	0
IP___409	fall	1	1	45046	5160	5340
IP___431	fall	1	1	44417	0	0
IP___432	fall	1	1	44441	2520	2700
IP___434	fall	1	1	44411	3720	3840
IP___438	fall	1	1	44422	2280	2460
IP___469	fall	1	1	44443	0	0
IP___477	fall	1	1	44445	0	0
IP___490	fall	1	1	45049	0	0
IP___502	fall	2	3		6300	6540		6300	6540		6300	6540
IP___502	fall	2	1	45121	6300	6540
IP___521	fall	2	4		6540	6720		6540	6720		6540	6720		6540	6720
IP___521	fall	2	1	45172	6540	6600
IP___541	spring	1	1	47088	2520	2700
IP___594	fall	1	1	46122	1080	1200
