GLAS_100	fall	1	2	40132	780	830	40132	3660	3710
GLAS_100	spring	1	2	46223	780	830	46223	3660	3710
GLAS_105	fall	4	1	40127	6420	6470
GLAS_105	fall	4	1	40128	5070	5120
GLAS_105	fall	4	1	40130	6360	6410
GLAS_105	fall	4	1	40131	6480	6530
GLAS_105	spring	1	1	39125	6420	6470
GLAS_109	fall	1	2	42275	540	590	42275	3420	3470
GLAS_120	fall	2	2	40123	840	890	40123	3720	3770
GLAS_120	fall	2	1	46847	2280	2355
GLAS_120	spring	1	2	39128	840	890	39128	3720	3770
GLAS_123	fall	1	1	40025	2010	2085
GLAS_123	spring	1	1	38905	2010	2085
GLAS_125	fall	1	2	41026	2280	2355	41026	5160	5235
GLAS_200	fall	2	2	44619	2280	2355	44619	5160	5235
GLAS_200	fall	2	2	45177	2280	2355	45177	5160	5235
GLAS_209	fall	1	3	40023	660	710	40023	3540	3590	40023	6420	6470
GLAS_210	fall	1	2	40905	900	975	40905	3780	3855
GLAS_210	spring	1	2	39124	2010	2085	39124	4890	4965
GLAS_215	fall	1	2	49095	570	645	49095	3450	3525
GLAS_217	fall	2	1	44735	2370	2520
GLAS_217	fall	2	3	44748	780	830	44748	3660	3710	44748	6540	6590
GLAS_219	fall	2	2	42522	2190	2265	42522	5070	5145
GLAS_219	fall	2	2	42523	2190	2265	42523	5070	5145
GLAS_219	spring	1	2	43282	1920	1995	43282	4800	4875
GLAS_223	fall	1	2	42361	2280	2355	42361	5160	5235
GLAS_224	fall	1	2	41510	570	645	41510	3450	3525
GLAS_229	fall	1	2	42048	2190	2265	42048	5070	5145
GLAS_229	spring	1	2	47084	2280	2355	47084	5160	5235
GLAS_230	fall	1	1	40125	2370	2520
GLAS_231	fall	1	2	40034	2100	2175	40034	4980	5055
GLAS_231	spring	1	2	42801	2100	2175	42801	4980	5055
GLAS_232	fall	1	2	43548	2280	2355	43548	5160	5235
GLAS_242	fall	1	2	48375	480	555	48375	3360	3435
GLAS_244	fall	1	2	47032	480	555	47032	3360	3435
GLAS_248	fall	1	2	46497	990	1065	46497	3870	3945
GLAS_250	fall	1	2	40906	2010	2085	40906	4890	4965
GLAS_250	spring	1	2	39132	900	975	39132	3780	3855
GLAS_252	fall	1	2	48694	990	1065	48694	3870	3945
GLAS_255	fall	1	2	46219	480	555	46219	3360	3435
GLAS_255	spring	1	2	47039	480	555	47039	3360	3435
GLAS_263	fall	1	2	48378	2370	2445	48378	5250	5325
GLAS_263	spring	1	2	41748	2010	2085	41748	4890	4965
GLAS_264	spring	1	2	41190	900	975	41190	3780	3855
GLAS_271	fall	1	2	40081	600	650	40081	3480	3530
GLAS_272	fall	1	1	49129	570	645
GLAS_275	fall	1	1	40032	2100	2175
GLAS_279	fall	1	1	40022	930	1095
GLAS_290	fall	7	2	40126	900	975	40126	3780	3855
GLAS_290	fall	7	2	40135	990	1065	40135	3870	3945
GLAS_290	fall	7	2	42054	990	1065	42054	3870	3945
GLAS_290	fall	7	2	42572	2190	2265	42572	5070	5145
GLAS_290	fall	7	2	43966	990	1065	43966	3870	3945
GLAS_290	fall	7	2	43969	2010	2085	43969	4890	4965
GLAS_290	fall	7	2	46373	2100	2175	46373	4980	5055
GLAS_290	spring	3	2	39133	2100	2175	39133	4980	5055
GLAS_290	spring	3	2	39134	2190	2265	39134	5070	5145
GLAS_290	spring	3	2	42781	570	645	42781	3450	3525
GLAS_300	fall	1	1	49097	5250	5400
GLAS_300	spring	1	1	39136	5250	5400
GLAS_328	fall	1	3	40027	600	650	40027	3480	3530	40027	6360	6410
GLAS_390	fall	1	2	47034	2190	2265	47034	5070	5145
GLAS_394	fall	1	2	45424	2100	2175	45424	4980	5055
GLAS_428	fall	2	1	41143	960	1125
GLAS_428	fall	2	1	41144	960	1125
GLAS_437	fall	3	2	40895	2010	2085	40895	4890	4965
GLAS_437	fall	3	2	40896	2280	2355	40896	5160	5235
GLAS_437	fall	3	2	46642	2010	2085	46642	4890	4965
GLAS_438	fall	2	2	47183	2370	2445	47183	5250	5325
GLAS_438	fall	2	2	47185	2370	2445	47185	5250	5325
GLAS_458	fall	2	2	44941	2280	2355	44941	5160	5235
GLAS_458	fall	2	2	44942	2280	2355	44942	5160	5235
GLAS_458	spring	2	2	48140	900	975	48140	3780	3855
GLAS_458	spring	2	2	48141	900	975	48141	3780	3855
GLAS_463	fall	2	1	43310	2370	2520
GLAS_463	fall	2	1	43311	2370	2520
GLAS_465	fall	2	2	47037	990	1065	47037	3870	3945
GLAS_465	fall	2	2	47038	990	1065	47038	3870	3945
GLAS_465	spring	2	2	44402	900	975	44402	3780	3855
GLAS_465	spring	2	2	44403	900	975	44403	3780	3855
GLAS_471	fall	2	1	40019	2550	2700
GLAS_471	fall	2	1	40020	2550	2700
GLAS_471	spring	2	1	44569	5250	5400
GLAS_471	spring	2	1	44570	5250	5400
GLAS_473	fall	4	1	40035	2340	2505
GLAS_473	fall	4	1	40036	2340	2505
GLAS_473	fall	4	2	40937	2370	2445	40937	5250	5325
GLAS_473	fall	4	2	40939	2370	2445	40939	5250	5325
GLAS_490	fall	8	2	40133	2280	2355	40133	5160	5235
GLAS_490	fall	8	2	40134	900	975	40134	3780	3855
GLAS_490	fall	8	1	40186	5250	5400
GLAS_490	fall	8	2	40187	2280	2355	40187	5160	5235
GLAS_490	fall	8	2	40542	900	975	40542	3780	3855
GLAS_490	fall	8	2	40543	2370	2445	40543	5250	5325
GLAS_490	fall	8	2	45134	2370	2445	45134	5250	5325
GLAS_490	fall	8	1	48380	5250	5400
GLAS_490	spring	4	1	42776	5250	5400
GLAS_490	spring	4	1	42777	3960	4110
GLAS_490	spring	4	1	43365	5250	5400
GLAS_490	spring	4	1	43366	3960	4110
GLAS_494	fall	2	2	49012	2460	2535	49012	5340	5415
GLAS_494	fall	2	2	49014	2460	2535	49014	5340	5415
GLAS_494	spring	2	2	46848	2100	2175	46848	4980	5055
GLAS_494	spring	2	2	46849	2100	2175	46849	4980	5055
