BSTT___400	3	1		900	1010
BSTT___400	3	2	15814	2520	2625	15814	5400	5505
BSTT___400	3	1	40533	5160	5270
BSTT___401	1	2	17720	2100	2205	17720	4980	5085
BSTT___413	1	1	42117	6390	6495
BSTT___426	1	2	45497	2280	2355	45497	5160	5235
BSTT___494	1	2	41720	2340	2430	41720	5220	5310
BSTT___505	1	1	27049	3690	3810
BSTT___506	1	1	26736	2370	2550
BSTT___510	1	2	48161	570	645	48161	3450	3525
BSTT___511	1	2	46480	2100	2205	46480	4980	5085
BSTT___523	1	2	28453	840	945	28453	3720	3825
BSTT___524	1	2	28454	720	825	28454	3600	3705
BSTT___527	1	2	45498	2370	2445	45498	5250	5325
BSTT___528	1	2	44412	2010	2085	44412	4890	4965
BSTT___535	2	2	28455	2220	2295	28455	5100	5175
BSTT___535	2	2	42119	2220	2295	42119	5100	5175
BSTT___536	1	2	28456	780	855	28456	3660	3735
BSTT___537	1	2	28457	2040	2145	28457	4920	5025
BSTT___538	1	1	28458	6360	6465
BSTT___550	1	2	28846	600	705	28846	3480	3585
BSTT___561	4	2	30482	780	855	30482	3660	3735
BSTT___561	4	2	41413	780	855	41413	3660	3735
BSTT___561	4	2	46178	780	855	46178	3660	3735
BSTT___561	4	2	48809	780	855	48809	3660	3735
BSTT___562	5	2	32471	780	885	32471	3660	3765
BSTT___562	5	2	37477	780	900	37477	3660	3780
BSTT___562	5	2	42509	780	885	42509	3660	3765
BSTT___562	5	2	47170	780	890	47170	3660	3770
BSTT___562	5	2	49496	780	900	49496	3660	3780
BSTT___563	1	2	46481	900	1005	46481	3780	3885
BSTT___565	1	2	28461	900	1005	28461	3780	3885
BSTT___566	1	2	30483	900	1005	30483	3780	3885
BSTT___567	1	2	46482	780	885	46482	3660	3765
BSTT___568	1	2	40406	660	765	40406	3540	3645
BSTT___595	2	1	17729	6600	6645
BSTT___595	2	1	28462	6600	6645
