PPOL_100	fall	1	2	44643	660	710	44643	3540	3590
PPOL_100	spring	1	1	41096	2100	2175
PPOL_105	fall	2	2	46376	2280	2355	46376	5160	5235
PPOL_105	fall	2	2	50493	2280	2355	50493	5160	5235
PPOL_105	spring	1	2	46554	2010	2085	46554	4890	4965
PPOL_196	fall	2	2	46377	2370	2445	46377	5250	5325
PPOL_196	fall	2	2	46393	2370	2445	46393	5250	5325
PPOL_196	spring	1	2	44900	2100	2175	44900	4980	5055
PPOL_205	spring	1	2	45545	2100	2175	45545	4980	5055
PPOL_210	fall	1	2	45129	2010	2085	45129	4890	4965
PPOL_210	spring	1	2	44323	2370	2445	44323	5250	5325
PPOL_212	fall	1	2	42620	2280	2355	42620	5160	5235
PPOL_220	spring	2	2		960	1010		3840	3890
PPOL_220	spring	2	1	45235	6720	6770
PPOL_230	fall	2	2	44644	2190	2265	44644	5070	5145
PPOL_230	fall	2	2	44645	990	1065	44645	3870	3945
PPOL_230	spring	1	2	46101	2190	2265	46101	5070	5145
PPOL_231	fall	1	2	45130	900	975	45130	3780	3855
PPOL_232	fall	1	2	46093	990	1065	46093	3870	3945
PPOL_240	fall	1	2	42352	2370	2445	42352	5250	5325
PPOL_240	spring	2	2		780	830		3660	3710
PPOL_240	spring	2	1	41960	6540	6590
PPOL_296	fall	2	2	45131	2100	2175	45131	4980	5055
PPOL_296	fall	2	1	46213	5280	5510
PPOL_300	fall	1	2	42353	2100	2175	42353	4980	5055
PPOL_300	spring	1	2	41961	810	885	41961	3690	3765
PPOL_303	fall	2	1		2100	2175
PPOL_303	fall	2	1	42354	4980	5055
PPOL_303	spring	1	2	44200	900	975	44200	3780	3855
PPOL_305	fall	1	2	43758	2190	2265	43758	5070	5145
PPOL_305	spring	1	2	41100	2370	2445	41100	5250	5325
PPOL_307	fall	1	2	43759	2280	2355	43759	5160	5235
PPOL_307	spring	1	2	42098	540	615	42098	3420	3495
PPOL_309	fall	1	2	42355	2100	2175	42355	4980	5055
PPOL_309	spring	1	2	41120	2010	2085	41120	4890	4965
PPOL_330	fall	1	2	47157	660	735	47157	3540	3615
PPOL_330	spring	1	2	46558	900	975	46558	3780	3855
PPOL_396	fall	1	2	45132	2370	2445	45132	5250	5325
PPOL_405	fall	2	2	42694	2280	2355	42694	5160	5235
PPOL_405	fall	2	2	42695	2280	2355	42695	5160	5235
PPOL_405	spring	1	2	47346	2280	2355	47346	5160	5235
PPOL_430	fall	2	1	49803	3900	4050
PPOL_430	fall	2	1	49887	3900	4050
PPOL_430	spring	1	2	47347	2190	2265	47347	5070	5145
PPOL_467	spring	1	1	42226	2550	2715
PPOL_496	spring	1	1	47957	1020	1170
