ECE___115_23491	3	23491	480	530	23491	3360	3410	23491	6240	6290
ECE___115_24351	3	24351	480	530	24351	3360	3410	24351	6240	6290
ECE___115_43227	3	43227	540	590	43227	3420	3470	43227	6300	6350
ECE___115_44925	3	44925	540	590	44925	3420	3470	44925	6300	6350
ECE___115_48908	3	48908	780	830	48908	3660	3710	48908	6540	6590
ECE___210_11000	1	11000	1920	2090
ECE___210_11005	1	11005	4800	4970
ECE___210_11006	2	11006	960	1010	11006	3840	3890
ECE___210_18098	1	18098	5160	5330
ECE___210_18099	1	18099	1920	2090
ECE___210_18100	2	18100	840	890	18100	3720	3770
ECE___210_27394	1	27394	2280	2450
ECE___210_29139	1	29139	2280	2450
ECE___210_29431	1	29431	2100	2270
ECE___210_33775	1	33775	4980	5150
ECE___210_34010	1	34010	5160	5330
ECE___210_36502	1	36502	2100	2270
ECE___210_38200	1	38200	6420	6590
ECE___210_38915	1	38915	4980	5150
ECE___210_42106	2	42106	960	1010	42106	3840	3890
ECE___210_43228	2	43228	840	890	43228	3720	3770
ECE___210_46397	1	46397	4800	4970
ECE___210_47194	1	47194	660	830
ECE___225_11019	3	11019	540	590	11019	3420	3470	11019	6300	6350
ECE___225_18111	3	18111	540	590	18111	3420	3470	18111	6300	6350
ECE___265_11020	1	11020	4980	5150
ECE___265_11022	1	11022	6600	6770
ECE___265_18115	1	18115	4980	5150
ECE___265_18116	1	18116	4800	4970
ECE___265_18117	3	18117	600	650	18117	3480	3530	18117	6360	6410
ECE___265_24352	3	24352	660	710	24352	3540	3590	24352	6420	6470
ECE___265_32837	1	32837	1920	2090
ECE___265_33335	1	33335	4800	4970
ECE___265_34011	1	34011	2280	2450
ECE___265_38201	1	38201	660	830
ECE___265_47940	1	47940	3540	3710
ECE___265_48474	3	48474	600	650	48474	3480	3530	48474	6360	6410
ECE___266_40494	3	40494	840	890	40494	3720	3770	40494	6600	6650
ECE___266_41379	3	41379	900	950	41379	3780	3830	41379	6660	6710
ECE___267_11029	3	11029	900	950	11029	3780	3830	11029	6660	6710
ECE___294_46832	1	46832	2400	2450
ECE___310_11031	3	11031	480	530	11031	3360	3410	11031	6240	6290
ECE___310_18120	3	18120	660	710	18120	3540	3590	18120	6420	6470
ECE___311_11037	3	11037	720	770	11037	3600	3650	11037	6480	6530
ECE___311_18125	3	18125	660	710	18125	3540	3590	18125	6420	6470
ECE___317_11043	2	11043	2010	2085	11043	4890	4965
ECE___317_18129	3	18129	600	650	18129	3480	3530	18129	6360	6410
ECE___322_11050	3	11050	540	590	11050	3420	3470	11050	6300	6350
ECE___322_18133	3	18133	720	770	18133	3600	3650	18133	6480	6530
ECE___333_11054	3	11054	600	650	11054	3480	3530	11054	6360	6410
ECE___333_41538	3	41538	660	710	41538	3540	3590	41538	6420	6470
ECE___340_11056	1	11056	2100	2270
ECE___340_11059	1	11059	1920	2090
ECE___340_11067	3	11067	600	650	11067	3480	3530	11067	6360	6410
ECE___340_18139	1	18139	4980	5150
ECE___340_18140	1	18140	5160	5330
ECE___340_18143	3	18143	780	830	18143	3660	3710	18143	6540	6590
ECE___340_26921	1	26921	4800	4970
ECE___340_33336	1	33336	4800	4970
ECE___340_34012	1	34012	4980	5150
ECE___341_11068	3	11068	780	830	11068	3660	3710	11068	6540	6590
ECE___341_18144	3	18144	720	770	18144	3600	3650	18144	6480	6530
ECE___342_11072	1	11072	2280	2450
ECE___342_11076	1	11076	5160	5330
ECE___342_11080	3	11080	780	830	11080	3660	3710	11080	6540	6590
ECE___342_18148	1	18148	2100	2270
ECE___342_18150	3	18150	780	830	18150	3660	3710	18150	6540	6590
ECE___346_11090	2	11090	2190	2265	11090	5070	5145
ECE___346_18153	3	18153	840	890	18153	3720	3770	18153	6600	6650
ECE___347_11091	3	11091	900	950	11091	3780	3830	11091	6660	6710
ECE___350_11103	3	11103	900	950	11103	3780	3830	11103	6660	6710
ECE___350_18158	3	18158	780	830	18158	3660	3710	18158	6540	6590
ECE___366_22891	2	22891	2370	2445	22891	5250	5325
ECE___366_40492	2	40492	2010	2085	40492	4890	4965
ECE___367_11122	1	11122	2100	2270
ECE___367_11127	1	11127	2280	2450
ECE___367_11130	3	11130	900	950	11130	3780	3830	11130	6660	6710
ECE___367_33338	1	33338	4800	4970
ECE___394_46600	1	46600	3720	3830
ECE___396_11145	2	11145	780	830	11145	3660	3710
ECE___396_29320	1	29320	2280	2450
ECE___396_43233	2	43233	660	710	43233	3540	3590
ECE___397_44066	2	44066	540	590	44066	3420	3470
ECE___407_18299	3	18299	840	890	18299	3720	3770	18299	6600	6650
ECE___407_19097	3	19097	840	890	19097	3720	3770	19097	6600	6650
ECE___407_38343	3	38343	840	890	38343	3720	3770	38343	6600	6650
ECE___410_11153	3	11153	720	770	11153	3600	3650	11153	6480	6530
ECE___410_20234	3	20234	720	770	20234	3600	3650	20234	6480	6530
ECE___410_39398	3	39398	480	530	39398	3360	3410	39398	6240	6290
ECE___412_18232	3	18232	720	770	18232	3600	3650	18232	6480	6530
ECE___412_19188	3	19188	720	770	19188	3600	3650	19188	6480	6530
ECE___415_11155	2	11155	2190	2265	11155	5070	5145
ECE___415_20235	2	20235	2190	2265	20235	5070	5145
ECE___415_39399	2	39399	2190	2265	39399	5070	5145
ECE___417_24842	2	24842	2370	2445	24842	5250	5325
ECE___417_24843	2	24843	2370	2445	24843	5250	5325
ECE___417_39402	2	39402	2370	2445	39402	5250	5325
ECE___418_27922	3	27922	600	650	27922	3480	3530	27922	6360	6410
ECE___418_27923	3	27923	600	650	27923	3480	3530	27923	6360	6410
ECE___418_38344	3	38344	600	650	38344	3480	3530	38344	6360	6410
ECE___421_27639	2	27639	2190	2265	27639	5070	5145
ECE___421_30895	2	30895	2190	2265	30895	5070	5145
ECE___424_25776	3	25776	840	890	25776	3720	3770	25776	6600	6650
ECE___424_25777	3	25777	840	890	25777	3720	3770	25777	6600	6650
ECE___424_45672	2	45672	2190	2265	45672	5070	5145
ECE___424_45673	2	45673	2190	2265	45673	5070	5145
ECE___432_11176	2	11176	900	975	11176	3780	3855
ECE___432_20277	2	20277	900	975	20277	3780	3855
ECE___432_42494	3	42494	570	645	42494	3450	3525	42494	6330	6405
ECE___434_22898	2	22898	2100	2175	22898	4980	5055
ECE___434_22900	2	22900	2100	2175	22900	4980	5055
ECE___434_42496	2	42496	2100	2175	42496	4980	5055
ECE___436_18251	3	18251	600	650	18251	3480	3530	18251	6360	6410
ECE___436_19205	3	19205	600	650	19205	3480	3530	19205	6360	6410
ECE___436_38345	3	38345	600	650	38345	3480	3530	38345	6360	6410
ECE___437_24856	3	24856	900	950	24856	3780	3830	24856	6660	6710
ECE___437_24857	3	24857	900	950	24857	3780	3830	24857	6660	6710
ECE___437_39403	3	39403	900	950	39403	3780	3830	39403	6660	6710
ECE___437_39486	2	39486	990	1065	39486	3870	3945
ECE___437_39487	2	39487	990	1065	39487	3870	3945
ECE___440_35565	2	35565	2010	2085	35565	4890	4965
ECE___440_35566	2	35566	2010	2085	35566	4890	4965
ECE___445_11181	1	11181	6240	6350
ECE___445_11182	2	11182	990	1065	11182	3870	3945
ECE___445_19504	1	19504	3360	3530
ECE___445_22903	2	22903	990	1065	22903	3870	3945
ECE___445_36903	1	36903	6600	6770
ECE___448_26467	2	26467	2100	2175	26467	4980	5055
ECE___448_26469	2	26469	2100	2175	26469	4980	5055
ECE___449_18257	2	18257	2010	2085	18257	4890	4965
ECE___449_22783	2	22783	2010	2085	22783	4890	4965
ECE___451_24861	3	24861	600	650	24861	3480	3530	24861	6360	6410
ECE___451_24862	3	24862	600	650	24862	3480	3530	24862	6360	6410
ECE___452_27924	2	27924	900	975	27924	3780	3855
ECE___452_27925	2	27925	900	975	27925	3780	3855
ECE___454_44055	2	44055	2370	2445	44055	5250	5325
ECE___454_44057	2	44057	2370	2445	44057	5250	5325
ECE___458_21534	1	21534	2100	2210
ECE___458_21536	1	21536	840	1010
ECE___458_21538	2	21538	1080	1130	21538	3960	4010
ECE___458_22904	2	22904	1080	1130	22904	3960	4010
ECE___458_36904	1	36904	4980	5090
ECE___458_38092	1	38092	4800	4910
ECE___458_44172	2	44172	720	770	44172	3600	3650
ECE___458_44173	2	44173	720	770	44173	3600	3650
ECE___458_44174	1	44174	2280	2390
ECE___464_43298	2	43298	2190	2265	43298	5070	5145
ECE___464_43299	2	43299	2190	2265	43299	5070	5145
ECE___465_11185	2	11185	2190	2265	11185	5070	5145
ECE___465_18260	2	18260	2190	2265	18260	5070	5145
ECE___465_19212	2	19212	2190	2265	19212	5070	5145
ECE___465_20294	2	20294	2190	2265	20294	5070	5145
ECE___465_42497	2	42497	2190	2265	42497	5070	5145
ECE___466_22905	2	22905	2370	2445	22905	5250	5325
ECE___466_22906	2	22906	2370	2445	22906	5250	5325
ECE___466_24975	2	24975	2010	2085	24975	4890	4965
ECE___466_24976	2	24976	2010	2085	24976	4890	4965
ECE___466_41528	2	41528	2010	2085	41528	4890	4965
ECE___467_11190	1	11190	3720	3890
ECE___467_11194	2	11194	2010	2085	11194	4890	4965
ECE___467_22912	2	22912	2010	2085	22912	4890	4965
ECE___467_24206	1	24206	660	830
ECE___467_39159	1	39159	3540	3710
ECE___467_41529	2	41529	2100	2175	41529	4980	5055
ECE___467_41530	2	41530	2100	2175	41530	4980	5055
ECE___467_41531	1	41531	840	1010
ECE___467_41532	1	41532	6600	6770
ECE___469_18263	2	18263	2190	2265	18263	5070	5145
ECE___469_19213	2	19213	2190	2265	19213	5070	5145
ECE___491_27646	1	27646	5340	5490
ECE___491_33930	3	33930	900	950	33930	3780	3830	33930	6660	6710
ECE___491_34030	1	34030	660	710
ECE___491_35201	3	35201	900	950	35201	3780	3830	35201	6660	6710
ECE___491_40057	1	40057	5340	5490
ECE___491_41118	2	41118	900	975	41118	3780	3855
ECE___491_41119	2	41119	900	975	41119	3780	3855
ECE___491_41434	3	41434	540	590	41434	3420	3470	41434	6300	6350
ECE___491_42096	2	42096	2010	2085	42096	4890	4965
ECE___491_42097	2	42097	2010	2085	42097	4890	4965
ECE___491_42804	2	42804	900	975	42804	3780	3855
ECE___491_42805	2	42805	900	975	42805	3780	3855
ECE___491_43229	2	43229	960	1035	43229	3840	3915
ECE___491_43230	2	43230	960	1035	43230	3840	3915
ECE___491_45436	2	45436	2370	2445	45436	5250	5325
ECE___491_45437	2	45437	2370	2445	45437	5250	5325
ECE___491_45537	2	45537	2370	2445	45537	5250	5325
ECE___491_45538	2	45538	2370	2445	45538	5250	5325
ECE___491_47601	3	47601	720	770	47601	3600	3650	47601	6480	6530
ECE___491_47602	3	47602	720	770	47602	3600	3650	47602	6480	6530
ECE___508_47685	2	47685	990	1065	47685	3870	3945
ECE___516_22928	2	22928	900	975	22928	3780	3855
ECE___517_25553	2	25553	2280	2355	25553	5160	5235
ECE___520_30051	2	30051	2010	2085	30051	4890	4965
ECE___521_33324	2	33324	2010	2085	33324	4890	4965
ECE___522_31673	2	31673	2280	2355	31673	5160	5235
ECE___523_44925	2	44925	2370	2445	44925	5250	5325
ECE___526_39035	2	39035	2010	2085	39035	4890	4965
ECE___532_11210	1	11210	5340	5490
ECE___533_11211	3	11211	660	710	11211	3540	3590	11211	6420	6470
ECE___534_26574	2	26574	2100	2175	26574	4980	5055
ECE___540_26041	2	26041	2370	2445	26041	5250	5325
ECE___541_49493	3	49493	600	650	49493	3480	3530	49493	6360	6410
ECE___542_26476	2	26476	2190	2265	26476	5070	5145
ECE___545_18288	2	18288	990	1065	18288	3870	3945
ECE___550_27928	2	27928	2280	2355	27928	5160	5235
ECE___551_33329	2	33329	2460	2535	33329	5340	5415
ECE___552_31678	2	31678	2460	2535	31678	5340	5415
ECE___559_25621	2	25621	2010	2085	25621	4890	4965
ECE___565_11219	2	11219	2190	2265	11219	5070	5145
ECE___566_33562	2	33562	2370	2445	33562	5250	5325
ECE___566_33742	2	33742	2190	2265	33742	5070	5145
ECE___567_18292	2	18292	2100	2175	18292	4980	5055
ECE___568_43914	2	43914	990	1065	43914	3870	3945
ECE___569_24980	2	24980	840	915	24980	3720	3795
ECE___572_20840	3	20840	780	830	20840	3660	3710	20840	6540	6590
ECE___572_48241	2	48241	900	975	48241	3780	3855
ECE___594_34717	2	34717	990	1065	34717	3870	3945
ECE___594_36706	2	36706	2280	2355	36706	5160	5235
ECE___594_43011	2	43011	2100	2175	43011	4980	5055
ECE___594_44918	2	44918	2280	2355	44918	5160	5235
ECE___594_44943	3	44943	840	890	44943	3720	3770	44943	6600	6650
ECE___595_27061	1	27061	6420	6510
ECE___595_30135	1	30135	6420	6510
