RELS_100	fall	1	3	37429	600	650	37429	3480	3530	37429	6360	6410
RELS_101	fall	1	2	38477	2190	2265	38477	5070	5145
RELS_106	fall	1	2	38470	2160	2210	38470	5040	5090
RELS_117	fall	1	2	37592	2280	2355	37592	5160	5235
RELS_117	spring	1	3	44332	600	650	44332	3480	3530	44332	6360	6410
RELS_120	fall	1	3	13465	720	770	13465	3600	3650	13465	6480	6530
RELS_120	spring	1	2	39908	2190	2265	39908	5070	5145
RELS_124	fall	1	2	40956	2100	2175	40956	4980	5055
RELS_125	fall	1	2	42469	2010	2085	42469	4890	4965
RELS_125	spring	1	2	36877	2010	2085	36877	4890	4965
RELS_126	fall	2	2	38720	2100	2175	38720	4980	5055
RELS_126	fall	2	2	48962	2280	2355	48962	5160	5235
RELS_127	fall	1	3	39380	840	890	39380	3720	3770	39380	6600	6650
RELS_128	fall	1	2	48678	2370	2445	48678	5250	5325
RELS_130	fall	1	2	13470	2100	2175	13470	4980	5055
RELS_130	spring	1	2	47487	2280	2355	47487	5160	5235
RELS_150	fall	1	3	30192	840	890	30192	3720	3770	30192	6600	6650
RELS_175	spring	1	2	46615	720	770	46615	3600	3650
RELS_177	fall	1	1	40764	0	0
RELS_208	fall	1	2	38234	2010	2085	38234	4890	4965
RELS_215	fall	1	2	44165	2010	2085	44165	4890	4965
RELS_225	spring	1	2	25706	2010	2085	25706	4890	4965
RELS_230	fall	1	2	32074	2190	2265	32074	5070	5145
RELS_230	spring	1	2	46420	2100	2175	46420	4980	5055
RELS_232	spring	1	2	47500	2370	2445	47500	5250	5325
RELS_233	fall	1	2	40957	900	975	40957	3780	3855
RELS_241	fall	1	1	41516	2370	2445
RELS_242	fall	1	3	26577	720	770	26577	3600	3650	26577	6480	6530
RELS_243	fall	1	2	40440	570	645	40440	3450	3525
RELS_250	fall	1	2	42633	990	1065	42633	3870	3945
RELS_255	fall	1	1	42480	3780	3930
RELS_279	fall	1	2	38478	2370	2445	38478	5250	5325
RELS_293	fall	1	2	37094	990	1065	37094	3870	3945
RELS_295	fall	1	2	41494	2370	2445	41494	5250	5325
RELS_311	fall	1	3	28137	660	710	28137	3540	3590	28137	6420	6470
RELS_392	fall	1	2	39379	2190	2265	39379	5070	5145
RELS_399	fall	1	1	45901	0	0
RELS_399	spring	1	1	44838	0	0
RELS_494	fall	4	1	45548	930	1080
RELS_494	fall	4	1	45549	930	1080
RELS_494	fall	4	1	46475	2370	2520
RELS_494	fall	4	1	46476	2370	2520
RELS_495	fall	2	2	33769	2100	2175	33769	4980	5055
RELS_495	fall	2	2	33770	2100	2175	33770	4980	5055
