ME___118	1	2	48600	2010	2085	48600	4890	4965
ME___205	5	3	12405	840	890	12405	3720	3770	12405	6600	6650
ME___205	5	3	15795	840	890	15795	3720	3770	15795	6600	6650
ME___205	5	3	35098	600	650	35098	3480	3530	35098	6360	6410
ME___205	5	3	38129	540	590	38129	3420	3470	38129	6300	6350
ME___205	5	3	38920	840	890	38920	3720	3770	38920	6600	6650
ME___210	4	3	12407	600	650	12407	3480	3530	12407	6360	6410
ME___210	4	3	15796	600	650	15796	3480	3530	15796	6360	6410
ME___210	4	3	38130	720	770	38130	3600	3650	38130	6480	6530
ME___210	4	3	43498	840	890	43498	3720	3770	43498	6600	6650
ME___211	4	3	12429	720	770	12429	3600	3650	12429	6480	6530
ME___211	4	3	21434	780	830	21434	3660	3710	21434	6540	6590
ME___211	4	3	35391	780	830	35391	3660	3710	35391	6540	6590
ME___211	4	3	38070	840	890	38070	3720	3770	38070	6600	6650
ME___250	9	3	12457	540	590	12457	3420	3470	12457	6300	6350
ME___250	9	3	15805	540	590	15805	3420	3470	15805	6300	6350
ME___250	9	3	35050	900	950	35050	3780	3830	35050	6660	6710
ME___250	9	3	35096	660	710	35096	3540	3590	35096	6420	6470
ME___250	9	3	36292	660	710	36292	3540	3590	36292	6420	6470
ME___250	9	3	36752	840	890	36752	3720	3770	36752	6600	6650
ME___250	9	3	38912	960	1010	38912	3840	3890	38912	6720	6770
ME___250	9	2	43500	2010	2085	43500	4890	4965
ME___250	9	2	44195	2160	2235	44195	5040	5115
ME___261	2	3	12472	840	890	12472	3720	3770	12472	6600	6650
ME___261	2	3	24298	840	890	24298	3720	3770	24298	6600	6650
ME___308	4	3	15806	780	830	15806	3660	3710	15806	6540	6590
ME___308	4	3	29574	720	770	29574	3600	3650	29574	6480	6530
ME___308	4	2	35399	2280	2355	35399	5160	5235
ME___308	4	3	35710	540	590	35710	3420	3470	35710	6300	6350
ME___312	4	2	19567	2190	2265	19567	5070	5145
ME___312	4	2	22457	1920	1995	22457	4800	4875
ME___312	4	3	35719	960	1010	35719	3840	3890	35719	6720	6770
ME___312	4	3	43501	600	650	43501	3480	3530	43501	6360	6410
ME___320	3	2	12477	2370	2445	12477	5250	5325
ME___320	3	2	15808	2280	2355	15808	5160	5235
ME___320	3	3	48430	960	1010	48430	3840	3890	48430	6720	6770
ME___321	4	3	12488	600	650	12488	3480	3530	12488	6360	6410
ME___321	4	3	15812	840	890	15812	3720	3770	15812	6600	6650
ME___321	4	3	37327	660	710	37327	3540	3590	37327	6420	6470
ME___321	4	3	39449	660	710	39449	3540	3590	39449	6420	6470
ME___325	4	3	12491	660	710	12491	3540	3590	12491	6420	6470
ME___325	4	3	15813	660	710	15813	3540	3590	15813	6420	6470
ME___325	4	3	35400	540	590	35400	3420	3470	35400	6300	6350
ME___325	4	3	38817	540	590	38817	3420	3470	38817	6300	6350
ME___328	3	3	48020	720	770	48020	3600	3650	48020	6480	6530
ME___328	3	3	48025	660	710	48025	3540	3590	48025	6420	6470
ME___328	3	3	49735	780	830	49735	3660	3710	49735	6540	6590
ME___341	3	2	12500	840	890	12500	3720	3770
ME___341	3	2	36800	960	1010	36800	3840	3890
ME___341	3	2	36969	780	830	36969	3660	3710
ME___347	10	1	39389	4800	4910
ME___347	10	1	39390	4920	5030
ME___347	10	1	39391	5040	5150
ME___347	10	1	39392	5160	5270
ME___347	10	2	40126	720	770	40126	3600	3650
ME___347	10	2	40150	540	590	40150	3420	3470
ME___347	10	1	40151	4800	4910
ME___347	10	1	40153	5040	5150
ME___347	10	1	40154	5310	5420
ME___347	10	2	43177	600	650	43177	3480	3530
ME___370	4	2	33053	2460	2535	33053	5340	5415
ME___370	4	3	33178	840	890	33178	3720	3770	33178	6600	6650
ME___370	4	2	35401	1920	1995	35401	4800	4875
ME___370	4	3	42477	780	830	42477	3660	3710	42477	6540	6590
ME___380	4	3	12554	480	530	12554	3360	3410	12554	6240	6290
ME___380	4	3	15847	540	590	15847	3420	3470	15847	6300	6350
ME___380	4	3	35402	540	590	35402	3420	3470	35402	6300	6350
ME___380	4	3	42668	600	650	42668	3480	3530	42668	6360	6410
ME___396	5	2	12555	2010	2060	12555	4890	4940
ME___396	5	2	37914	660	710	37914	3540	3590
ME___396	5	2	40060	960	1010	40060	3840	3890
ME___396	5	2	40066	1020	1070	40066	3900	3950
ME___396	5	2	40900	2190	2240	40900	5070	5120
ME___401	4	2	32254	2280	2355	32254	5160	5235
ME___401	4	2	32255	2280	2355	32255	5160	5235
ME___401	4	3	47247	720	770	47247	3600	3650	47247	6480	6530
ME___401	4	3	47248	720	770	47248	3600	3650	47248	6480	6530
ME___410	2	3	44818	600	650	44818	3480	3530	44818	6360	6410
ME___410	2	3	44819	600	650	44819	3480	3530	44819	6360	6410
ME___411	2	2	32259	720	770	32259	3600	3650
ME___411	2	2	32260	720	770	32260	3600	3650
ME___412	2	2	39453	1020	1095	39453	3900	3975
ME___412	2	2	39454	1020	1095	39454	3900	3975
ME___413	2	2	40947	2370	2445	40947	5250	5325
ME___413	2	2	40948	2370	2445	40948	5250	5325
ME___415	2	2	33271	2190	2265	33271	5070	5145
ME___415	2	2	33389	2190	2265	33389	5070	5145
ME___416	2	2	44820	2370	2445	44820	5250	5325
ME___416	2	2	44821	2370	2445	44821	5250	5325
ME___419	2	2	31434	2280	2355	31434	5160	5235
ME___419	2	2	31443	2280	2355	31443	5160	5235
ME___421	2	3	12506	720	770	12506	3600	3650	12506	6480	6530
ME___421	2	3	20381	720	770	20381	3600	3650	20381	6480	6530
ME___422	2	3	33075	660	710	33075	3540	3590	33075	6420	6470
ME___422	2	3	33429	660	710	33429	3540	3590	33429	6420	6470
ME___424	2	2	32699	2370	2445	32699	5250	5325
ME___424	2	2	32700	2370	2445	32700	5250	5325
ME___426	2	2	31455	2280	2355	31455	5160	5235
ME___426	2	2	31903	2280	2355	31903	5160	5235
ME___429	2	2	29092	960	1035	29092	3840	3915
ME___429	2	2	29093	960	1035	29093	3840	3915
ME___444	4	1	27413	5160	5330
ME___444	4	1	28572	5160	5330
ME___444	4	1	39039	2370	2550
ME___444	4	1	39040	2370	2550
ME___445	1	1	31457	2370	2550
ME___449	2	2	19209	2010	2085	19209	4890	4965
ME___449	2	2	23636	2010	2085	23636	4890	4965
ME___481	2	2	49200	2370	2445	49200	5250	5325
ME___481	2	2	49201	2370	2445	49201	5250	5325
ME___494	10	2	12524	2010	2085	12524	4890	4965
ME___494	10	2	20426	2010	2085	20426	4890	4965
ME___494	10	2	32346	2370	2445	32346	5250	5325
ME___494	10	2	32347	2370	2445	32347	5250	5325
ME___494	10	2	33578	2370	2445	33578	5250	5325
ME___494	10	2	33579	2370	2445	33579	5250	5325
ME___494	10	2	39097	2280	2355	39097	5160	5235
ME___494	10	3	39451	960	1010	39451	3840	3890	39451	6720	6770
ME___494	10	3	39452	960	1010	39452	3840	3890	39452	6720	6770
ME___494	10	2	48920	2280	2355	48920	5160	5235
ME___499	2	1	27805	3900	3950
ME___499	2	1	38363	3900	3950
ME___501	1	2	33077	2190	2265	33077	5070	5145
ME___502	1	2	49199	2190	2265	49199	5070	5145
ME___504	2	2	33078	2370	2445	33078	5250	5325
ME___504	2	2	39400	2010	2085	39400	4890	4965
ME___505	1	2	31436	2370	2445	31436	5250	5325
ME___510	1	2	47106	840	915	47106	3720	3795
ME___512	1	2	35405	1050	1125	35405	3930	4005
ME___514	1	2	44822	2010	2085	44822	4890	4965
ME___515	1	2	40742	540	615	40742	3420	3495
ME___517	1	2	48458	2010	2085	48458	4890	4965
ME___518	1	2	39468	2280	2355	39468	5160	5235
ME___520	1	2	49395	2370	2445	49395	5250	5325
ME___521	1	2	33279	960	1035	33279	3840	3915
ME___525	1	2	49204	2370	2445	49204	5250	5325
ME___528	2	2	32258	780	855	32258	3660	3735
ME___528	2	2	40645	2190	2265	40645	5070	5145
ME___536	1	2	40743	2190	2265	40743	5070	5145
ME___541	1	3	49494	600	650	49494	3480	3530	49494	6360	6410
ME___542	1	2	45845	2370	2445	45845	5250	5325
ME___547	3	2	24396	840	915	24396	3720	3795
ME___547	3	3	39521	840	890	39521	3720	3770	39521	6600	6650
ME___547	3	1	40683	3840	3990
ME___562	1	1	42663	900	1050
ME___574	1	2	49611	2370	2445	49611	5250	5325
ME___594	7	2	27650	2280	2355	27650	5160	5235
ME___594	7	2	31438	2010	2085	31438	4890	4965
ME___594	7	2	33550	630	705	33550	3510	3585
ME___594	7	2	33551	780	855	33551	3660	3735
ME___594	7	2	38559	780	855	38559	3660	3735
ME___594	7	2	39828	570	645	39828	3450	3525
ME___594	7	2	40660	570	645	40660	3450	3525
