MLS__115	1	1	14977	3960	4035
MLS__131	3	2	14979	600	675	14979	3480	3555
MLS__131	3	2	15209	2040	2115	15209	4920	4995
MLS__131	3	2	14918	600	675	14918	3480	3555
MLS__132	2	1	14980	5040	5220
MLS__132	2	1	14919	720	890
MLS__225	1	1	15172	1080	1200
MLS__415	1	1	15574	540	660
MLS__425	1	1	15575	720	900
MLS__432	1	1	15576	3600	3780
MLS__433	1	2	15582	1920	2040	15582	3360	3480
MLS__449	1	1	15001	2160	2340
MLS__497	1	1	15255	600	780
MLS__434	1	1	15606	3600	3770
MLS__442	1	1	15074	2160	2330
MLS__443	1	2	15608	1920	2040	15608	3360	3480
MLS__468	1	1	15075	5040	5270
MLS__498	1	1	15079	600	780
