NUSP___515	1	1	31652	3480	3660
NUSP___516	1	1	31462	1980	2160
NUSP___517	1	1	31653	1980	2150
NUSP___525	2	1	31819	2520	2570
NUSP___525	2	1	44427	2460	2510
NUSP___526	1	1	34686	3900	3950
NUSP___527	1	1	34687	2460	2510
NUSP___528	1	1	42548	1080	1130
NUSP___529	2	1	31887	5340	5390
NUSP___529	2	1	44044	1020	1080
NUSP___534	1	1	41328	5100	5270
NUSP___535	2	2		1980	2150		1980	2150
NUSP___535	2	1	45567	1980	2150
NUSP___536	1	1	41929	3420	3600
NUSP___548	1	1	31469	4920	5030
NUSP___550	1	1	31627	3750	3920
NUSP___553	1	1	31657	3390	3630
NUSP___554	1	1	31470	3390	3560
NUSP___555	1	1	31473	540	780
NUSP___556	1	1	31658	540	810
NUSP___557	1	1	31475	3420	3690
NUSP___559	1	1	31660	2040	2150
NUSP___590	1	1	31663	5460	5580
