NURS_204	fall	4	1	39924	780	890
NURS_204	fall	4	1	39925	6240	6410
NURS_204	fall	4	1	39926	3770	4010
NURS_204	fall	4	1	40822	6240	6480
NURS_212	fall	4	1	39927	660	770
NURS_212	fall	4	1	39929	480	530
NURS_212	fall	4	1	39931	2190	2310
NURS_212	fall	4	1	40828	480	540
NURS_221	fall	6	1	39933	5160	5270
NURS_221	fall	6	1	39936	2220	2330
NURS_221	fall	6	1	39941	3630	3750
NURS_221	fall	6	1	39983	600	710
NURS_221	fall	6	1	40855	2400	2520
NURS_221	fall	6	1	46326	3630	3750
NURS_223	fall	6	2		5040	5150		900	1020
NURS_223	fall	6	1	39942	540	650
NURS_223	fall	6	2	39943	900	1010	39943	3780	3890
NURS_223	fall	6	2	39944	1950	2070	39944	3390	3510
NURS_223	fall	6	1	40859	2220	2340
NURS_223	fall	6	1	44117	3390	3510
NURS_228	fall	1	1	50456	1920	2040
NURS_233	spring	3	1	39360	1980	2160
NURS_233	spring	3	1	39407	540	720
NURS_233	spring	3	1	39408	3630	3810
NURS_254	spring	3	1	39361	2280	2400
NURS_254	spring	3	1	39409	4860	5040
NURS_254	spring	3	1	39410	2280	2460
NURS_304	fall	3	1	40885	6300	6410
NURS_304	fall	3	1	40887	1020	1140
NURS_304	fall	3	1	40888	2250	2490
NURS_321	spring	4	2		840	960		1950	2070
NURS_321	spring	4	1	39362	660	830
NURS_321	spring	4	1	39412	5160	5280
NURS_321	spring	4	1	39414	3390	3510
NURS_322	fall	1	1	31803	630	710
NURS_331	fall	3	1	40868	480	590
NURS_331	fall	3	1	40870	780	900
NURS_331	fall	3	1	40872	3690	3810
NURS_331	spring	2	1	40612	660	780
NURS_331	spring	2	1	40614	4860	4980
NURS_341	fall	4	1	40862	6450	6560
NURS_341	fall	4	1	40864	720	840
NURS_341	fall	4	1	40866	3420	3530
NURS_341	fall	4	1	44118	3450	3570
NURS_341	spring	3	1	40618	6420	6540
NURS_341	spring	3	1	40620	540	660
NURS_341	spring	3	1	44492	1950	2070
NURS_351	spring	3	1	39364	480	600
NURS_351	spring	3	1	39416	6300	6420
NURS_351	spring	3	1	39418	2130	2250
NURS_354	spring	3	1	40625	6600	6720
NURS_354	spring	3	1	40626	2430	2550
NURS_354	spring	3	1	40627	3630	3870
NURS_361	fall	3	1	40874	6450	6570
NURS_361	fall	3	1	40876	540	660
NURS_361	fall	3	1	40878	3450	3570
NURS_361	spring	2	1	40628	6420	6540
NURS_361	spring	2	1	40630	780	900
NURS_371	fall	3	1	40880	600	710
NURS_371	fall	3	1	40882	3900	4020
NURS_371	fall	3	1	45321	3690	3810
NURS_371	spring	3	1	40632	660	780
NURS_371	spring	3	1	40634	3900	4020
NURS_371	spring	3	1	40636	3390	3510
NURS_385	fall	3	1	31781	780	890
NURS_385	fall	3	1	31783	540	650
NURS_385	fall	3	1	40252	780	890
NURS_387	spring	3	1	40638	840	960
NURS_387	spring	3	1	40639	5340	5460
NURS_387	spring	3	1	40640	2130	2310
NURS_403	fall	2	1	37381	3660	3840
NURS_403	fall	2	1	38547	540	660
NURS_404	spring	2	1	31604	5100	5280
NURS_404	spring	2	1	38280	1980	2160
NURS_406	fall	1	1	42510	1980	2150
NURS_406	spring	2	1	38266	4860	5040
NURS_406	spring	2	1	39419	540	720
NURS_409	fall	8	1	49552	780	960
NURS_409	fall	8	1	49554	480	660
NURS_409	fall	8	1	49556	480	660
NURS_409	fall	8	1	49558	3630	3810
NURS_409	fall	8	1	50329	3660	3840
NURS_409	fall	8	1	50331	3420	3600
NURS_409	fall	8	1	50333	480	660
NURS_409	fall	8	1	50335	870	1050
NURS_411	fall	4	1	49560	6240	6420
NURS_411	fall	4	1	49562	6540	6720
NURS_411	fall	4	1	49564	1980	2160
NURS_411	fall	4	1	49566	2130	2310
NURS_412	fall	3	1		720	840
NURS_412	fall	3	1	31780	4800	5030
NURS_412	fall	3	1	40818	540	660
NURS_412	spring	1	1	41930	4860	5090
NURS_414	fall	1	1	31677	1980	2090
NURS_419	fall	9	6		2220	2340		2220	2340		6540	6660		780	900		5100	5220		3660	3780
NURS_419	fall	9	1	49568	540	660
NURS_419	fall	9	1	49569	6300	6420
NURS_419	fall	9	1	49570	6240	6360
NURS_419	fall	9	2	49571	1950	2070	49571	3390	3510
NURS_419	fall	9	1	50319	3480	3600
NURS_419	fall	9	1	50320	4920	5040
NURS_419	fall	9	1	50321	6240	6360
NURS_419	fall	9	2	50322	510	630	50322	3390	3510
NURS_420	spring	4	1	48199	6480	6660
NURS_420	spring	4	1	48200	6240	6420
NURS_420	spring	4	1	48201	540	720
NURS_420	spring	4	1	48202	2190	2370
NURS_421	fall	2	1	37382	3420	3590
NURS_421	fall	2	1	38549	720	900
NURS_422	spring	2	1	37171	4860	5040
NURS_422	spring	2	1	38370	5100	5280
NURS_423	spring	5	1		5220	5340
NURS_423	spring	5	1	48203	480	660
NURS_423	spring	5	1	48205	720	900
NURS_423	spring	5	1	48207	840	960
NURS_423	spring	5	2	48209	1950	2070	48209	3390	3510
NURS_428	spring	4	1	48211	720	840
NURS_428	spring	4	1	48212	6480	6600
NURS_428	spring	4	1	48213	5040	5160
NURS_428	spring	4	1	48214	3630	3750
NURS_433	fall	5	1		2460	2580
NURS_433	fall	5	1	50218	840	1080
NURS_433	fall	5	1	50220	840	1080
NURS_433	fall	5	2	50222	1950	2070	50222	3390	3510
NURS_433	fall	5	1	50224	3900	4020
NURS_438	fall	4	1	50229	6600	6780
NURS_438	fall	4	1	50230	6600	6780
NURS_438	fall	4	1	50231	3630	3810
NURS_438	fall	4	1	50232	960	1140
NURS_443	fall	3	1	50233	6420	6540
NURS_443	fall	3	1	50235	2130	2250
NURS_443	fall	3	1	50237	540	660
NURS_443	spring	2	1	48215	6300	6420
NURS_443	spring	2	1	48217	4860	4980
NURS_453	fall	2	1	50239	660	780
NURS_453	fall	2	1	50241	720	840
NURS_463	fall	2	1	50243	660	780
NURS_463	fall	2	1	50245	6300	6420
NURS_463	spring	3	1	48219	540	660
NURS_463	spring	3	1	48221	6300	6420
NURS_463	spring	3	1	48223	3780	3900
NURS_473	fall	3	1	50247	6420	6540
NURS_473	fall	3	1	50249	2280	2400
NURS_473	fall	3	1	50251	780	900
NURS_502	fall	4	1	50311	4860	5040
NURS_502	fall	4	1	50312	720	900
NURS_502	fall	4	1	50313	660	840
NURS_502	fall	4	1	50318	5100	5280
NURS_511	fall	1	1	49045	5040	5130
NURS_515	fall	2	1	37626	6360	6470
NURS_515	fall	2	1	48258	600	1020
NURS_517	spring	2	2		3450	3540		3450	3540
NURS_517	spring	2	1	43191	3450	3540
NURS_518	fall	2	2		5280	5340		5280	5340
NURS_518	fall	2	1	48259	5280	5340
NURS_518	spring	2	1		5340	5385
NURS_518	spring	2	1	46937	5340	5385
NURS_531	fall	1	1	31646	1980	2090
NURS_531	spring	2	9		2220	2340		2220	2340		2220	2340		2220	2340		2220	2340		2220	2340		2220	2340		2220	2340		2220	2340
NURS_531	spring	2	1	33723	2220	2340
NURS_533	fall	2	1	31643	780	900
NURS_533	fall	2	1	32376	3570	3660
NURS_533	spring	1	1	44455	1080	1130
NURS_534	fall	3	4		3600	3660		3600	3660		6540	6660		6540	6660
NURS_534	fall	3	1	48261	3600	3660
NURS_534	fall	3	1	49047	6540	6660
NURS_540	fall	2	1		2040	2100
NURS_540	fall	2	1	49050	2040	2100
NURS_542	fall	2	1		6660	6720
NURS_542	fall	2	1	43888	3660	3720
NURS_553	spring	1	1	46938	5280	5325
NURS_555	fall	1	1	38632	2160	2280
NURS_566	fall	1	1	39527	5160	5270
NURS_568	fall	1	1	43893	3480	3590
NURS_570	fall	1	1	31669	3420	3590
NURS_571	spring	1	1	31642	3420	3590
NURS_572	spring	1	1	31643	5100	5330
NURS_573	fall	1	1	31665	5100	5340
NURS_574	fall	1	1	40782	3420	3590
NURS_574	spring	1	1	43192	3420	3590
NURS_586	fall	1	1	40819	2220	2330
NURS_586	spring	1	1	42894	3660	3770
NURS_588	fall	1	1	40785	3660	3780
