MCS__160	1	3	48242	720	770	48242	3600	3650	48242	6480	6530
MCS__260	2	3	12337	840	890	12337	3720	3770	12337	6600	6650
MCS__260	2	3	42917	600	650	42917	3480	3530	42917	6360	6410
MCS__275	4	3	16583	780	830	16583	3660	3710	16583	6540	6590
MCS__275	4	3	39224	960	1010	39224	3840	3890	39224	6720	6770
MCS__275	4	3	41701	540	590	41701	3420	3470	41701	6300	6350
MCS__275	4	3	44167	720	770	44167	3600	3650	44167	6480	6530
MCS__320	3	3	24851	840	890	24851	3720	3770	24851	6600	6650
MCS__320	3	3	43978	780	830	43978	3660	3710	43978	6540	6590
MCS__320	3	3	43996	900	950	43996	3780	3830	43996	6660	6710
MCS__360	2	3	12356	600	650	12356	3480	3530	12356	6360	6410
MCS__360	2	3	40516	600	650	40516	3480	3530	40516	6360	6410
MCS__361	1	3	36568	840	890	36568	3720	3770	36568	6600	6650
MCS__394	1	3	43420	720	770	43420	3600	3650	43420	6480	6530
MCS__401	18	3	12374	840	890	12374	3720	3770	12374	6600	6650
MCS__401	18	2	12375	2010	2085	12375	4890	4965
MCS__401	18	3	16607	540	590	16607	3420	3470	16607	6300	6350
MCS__401	18	3	20263	840	890	20263	3720	3770	20263	6600	6650
MCS__401	18	2	20265	2010	2085	20265	4890	4965
MCS__401	18	3	20666	540	590	20666	3420	3470	20666	6300	6350
MCS__401	18	2	35220	1020	1095	35220	3900	3975
MCS__401	18	2	35221	1020	1095	35221	3900	3975
MCS__401	18	2	39069	570	645	39069	3450	3525
MCS__401	18	2	39070	570	645	39070	3450	3525
MCS__401	18	2	41268	2280	2355	41268	5160	5235
MCS__401	18	2	41269	2280	2355	41269	5160	5235
MCS__401	18	2	41681	2010	2085	41681	4890	4965
MCS__401	18	2	41682	2010	2085	41682	4890	4965
MCS__401	18	2	43268	2370	2445	43268	5250	5325
MCS__401	18	2	43269	2370	2445	43269	5250	5325
MCS__401	18	2	43457	930	1005	43457	3810	3885
MCS__401	18	2	43458	930	1005	43458	3810	3885
MCS__415	2	2	42767	2370	2445	42767	5250	5325
MCS__415	2	2	42768	2370	2445	42768	5250	5325
MCS__421	4	3	34232	660	710	34232	3540	3590	34232	6420	6470
MCS__421	4	3	34233	660	710	34233	3540	3590	34233	6420	6470
MCS__421	4	3	47092	540	590	47092	3420	3470	47092	6300	6350
MCS__421	4	3	47577	540	590	47577	3420	3470	47577	6300	6350
MCS__423	2	3	38586	660	710	38586	3540	3590	38586	6420	6470
MCS__423	2	3	38587	660	710	38587	3540	3590	38587	6420	6470
MCS__425	2	3	39218	720	770	39218	3600	3650	39218	6480	6530
MCS__425	2	3	39219	720	770	39219	3600	3650	39219	6480	6530
MCS__441	2	3	43421	540	590	43421	3420	3470	43421	6300	6350
MCS__441	2	3	43422	540	590	43422	3420	3470	43422	6300	6350
MCS__471	4	3	34756	600	650	34756	3480	3530	34756	6360	6410
MCS__471	4	3	34757	600	650	34757	3480	3530	34757	6360	6410
MCS__471	4	3	43764	780	830	43764	3660	3710	43764	6540	6590
MCS__471	4	3	43765	780	830	43765	3660	3710	43765	6540	6590
MCS__472	2	3	45076	720	770	45076	3600	3650	45076	6480	6530
MCS__472	2	3	45077	720	770	45077	3600	3650	45077	6480	6530
MCS__481	4	3	39523	840	890	39523	3720	3770	39523	6600	6650
MCS__481	4	3	39524	840	890	39524	3720	3770	39524	6600	6650
MCS__481	4	3	40620	540	590	40620	3420	3470	40620	6300	6350
MCS__481	4	3	40621	540	590	40621	3420	3470	40621	6300	6350
MCS__501	3	2	30832	900	975	30832	3780	3855
MCS__501	3	2	34849	2460	2535	34849	5340	5415
MCS__501	3	3	38244	660	710	38244	3540	3590	38244	6420	6470
MCS__507	1	3	43423	660	710	43423	3540	3590	43423	6420	6470
MCS__521	1	3	38317	780	830	38317	3660	3710	38317	6540	6590
MCS__541	2	3	39525	780	830	39525	3660	3710	39525	6540	6590
MCS__541	2	3	40624	780	830	40624	3660	3710	40624	6540	6590
MCS__548	1	3	39221	660	710	39221	3540	3590	39221	6420	6470
MCS__549	1	3	43424	540	590	43424	3420	3470	43424	6300	6350
MCS__563	1	3	42081	660	710	42081	3540	3590	42081	6420	6470
MCS__571	1	3	34237	540	590	34237	3420	3470	34237	6300	6350
MCS__572	1	3	39222	720	770	39222	3600	3650	39222	6480	6530
MCS__573	1	3	40622	600	650	40622	3480	3530	40622	6360	6410
MCS__582	1	3	45127	540	590	45127	3420	3470	45127	6300	6350
MCS__583	1	3	44948	600	650	44948	3480	3530	44948	6360	6410
MCS__584	1	3	43425	600	650	43425	3480	3530	43425	6360	6410
MCS__590	1	3	38318	840	890	38318	3720	3770	38318	6600	6650
MCS__591	2	3	37067	720	770	37067	3600	3650	37067	6480	6530
MCS__591	2	3	40623	720	770	40623	3600	3650	40623	6480	6530
