ASP__021	fall	1	3	33562	660	710	33562	3540	3590	33562	6420	6470
ASP__021	spring	1	3	33063	660	710	33063	3540	3590	33063	6420	6470
ASP__060	fall	3	2	10232	2280	2355	10232	5160	5235
ASP__060	fall	3	2	10255	2010	2085	10255	4890	4965
ASP__060	fall	3	3	10262	660	710	10262	3540	3590	10262	6420	6470
ASP__080	fall	1	3	35645	780	830	35645	3660	3710	35645	6540	6590
ASP__080	spring	1	3	33064	720	770	33064	3600	3650	33064	6480	6530
ASP__081	fall	1	3	48069	720	770	48069	3600	3650	48069	6480	6530
ASP__081	spring	1	3	46682	600	650	46682	3480	3530	46682	6360	6410
ASP__084	fall	1	1	48071	0	0
ASP__085	fall	2	1	48238	1980	2090
ASP__085	fall	2	1	49005	780	890
ASP__085	spring	2	1	46905	1980	2090
ASP__085	spring	2	1	46906	900	1010
ASP__090	fall	3	2	10303	2100	2175	10303	4980	5055
ASP__090	fall	3	2	10305	2010	2085	10305	4890	4965
ASP__090	fall	3	3	10399	900	950	10399	3780	3830	10399	6660	6710
ASP__092	fall	4	2	10332	780	880	10332	3660	3760
ASP__092	fall	4	2	27238	780	880	27238	3660	3760
ASP__092	fall	4	3	33190	600	650	33190	3480	3530	33190	6360	6410
ASP__092	fall	4	2	34845	780	870	34845	3660	3750
ASP__095	fall	1	1	27863	900	1050
ASP__096	fall	1	1	29780	0	0
ASP__096	spring	1	1	10138	0	0
