EOHS___401	1	1	42990	780	885
EOHS___402	1	2	42102	780	870	42102	3660	3750
EOHS___405	1	1	14531	3660	3765
EOHS___421	1	1	44095	3660	3765
EOHS___424	1	1	49400	6270	6330
EOHS___425	1	1	34501	5220	5340
EOHS___426	1	1	34502	1950	2130
EOHS___427	1	1	46685	6360	6480
EOHS___440	1	1	21584	5340	5490
EOHS___441	2	3	30316	960	1010	30316	3840	3890	30316	6720	6770
EOHS___441	2	3	30317	960	1010	30317	3840	3890	30317	6720	6770
EOHS___460	2	2	28479	570	645	28479	3450	3525
EOHS___460	2	2	28480	570	645	28480	3450	3525
EOHS___480	1	1	33759	3960	4050
EOHS___494	1	1	48882	6540	6600
EOHS___495	3	1	14574	3600	3650
EOHS___495	3	1	33760	3600	3650
EOHS___495	3	1	41627	3600	3650
EOHS___501	1	2	43306	2220	2310	43306	5100	5190
EOHS___502	1	2	42103	900	1005	42103	3780	3885
EOHS___503	1	1	42991	3780	3900
EOHS___511	1	1	43016	2040	2160
EOHS___530	1	2	33949	3480	3590	33949	6360	6470
EOHS___551	1	2	33473	900	990	33473	3780	3870
EOHS___553	1	1	26746	2040	2160
EOHS___563	1	1	34500	540	720
EOHS___571	1	1	26747	4860	5010
EOHS___594	2	1	38051	4860	4910
EOHS___594	2	1	48918	3420	3570
EOHS___595	1	1	36520	3660	3710
