LAW__400	2	1	44022	1080	1260
LAW__400	2	1	45318	1080	1260
LAW__402	12	2	43843	2235	2325	43843	5115	5205
LAW__402	12	2	43844	2235	2325	43844	5115	5205
LAW__402	12	2	44286	2220	2310	44286	5100	5190
LAW__402	12	2	44354	2220	2310	44354	5100	5190
LAW__402	12	2	44576	2220	2310	44576	5100	5190
LAW__402	12	2	44577	2220	2310	44577	5100	5190
LAW__402	12	2	44578	2220	2310	44578	5100	5190
LAW__402	12	2	44579	2220	2310	44579	5100	5190
LAW__402	12	2	44580	2220	2310	44580	5100	5190
LAW__402	12	1	44581	3960	4140
LAW__402	12	2	44582	2220	2310	44582	5100	5190
LAW__402	12	1	44583	3960	4140
LAW__403	2	2	44290	780	870	44290	3660	3750
LAW__403	2	2	44358	2220	2310	44358	5100	5190
LAW__404	2	2	44356	2220	2310	44356	5100	5190
LAW__404	2	2	46043	2220	2310	46043	5100	5190
LAW__412	18	2	43845	2070	2160	43845	4950	5040
LAW__412	18	2	43847	2070	2160	43847	4950	5040
LAW__412	18	2	43848	2070	2160	43848	4950	5040
LAW__412	18	2	43849	2070	2160	43849	4950	5040
LAW__412	18	2	43850	2070	2160	43850	4950	5040
LAW__412	18	2	43851	630	720	43851	3510	3600
LAW__412	18	2	43852	2070	2160	43852	4950	5040
LAW__412	18	2	43856	630	720	43856	3510	3600
LAW__412	18	2	43857	2070	2160	43857	4950	5040
LAW__412	18	2	43858	630	720	43858	3510	3600
LAW__412	18	1	43860	1080	1260
LAW__412	18	1	43861	1080	1260
LAW__412	18	2	44360	2070	2160	44360	4950	5040
LAW__412	18	2	44584	2070	2160	44584	4950	5040
LAW__412	18	1	44664	1080	1260
LAW__412	18	2	44990	2070	2160	44990	4950	5040
LAW__412	18	1	45201	1080	1260
LAW__412	18	2	46815	630	720	46815	3510	3600
LAW__422	19	2	43863	930	1020	43863	3810	3900
LAW__422	19	2	43864	630	720	43864	3510	3600
LAW__422	19	2	43865	2370	2460	43865	5250	5340
LAW__422	19	2	43866	2370	2460	43866	5250	5340
LAW__422	19	2	43867	2070	2160	43867	4950	5040
LAW__422	19	2	44363	2235	2325	44363	5115	5205
LAW__422	19	2	44585	630	720	44585	3510	3600
LAW__422	19	2	44586	630	720	44586	3510	3600
LAW__422	19	2	44587	630	720	44587	3510	3600
LAW__422	19	2	44588	2235	2325	44588	5115	5205
LAW__422	19	2	44589	2235	2325	44589	5115	5205
LAW__422	19	1	44590	1080	1260
LAW__422	19	1	44591	1080	1260
LAW__422	19	1	44592	1080	1260
LAW__422	19	1	44593	3960	4140
LAW__422	19	2	44594	630	720	44594	3510	3600
LAW__422	19	2	44650	630	720	44650	3510	3600
LAW__422	19	1	45014	2520	2700
LAW__422	19	2	49550	630	720	49550	3510	3600
LAW__430	2	1	43877	2520	2700
LAW__430	2	1	44365	2520	2700
LAW__432	1	1	45148	2520	2640
LAW__433	1	1	43886	3960	4080
LAW__434	1	1	46938	1080	1200
LAW__436	1	1	44376	3780	3900
LAW__437	7	1	43881	5220	5340
LAW__437	7	1	43882	3960	4080
LAW__437	7	1	44371	600	720
LAW__437	7	1	44596	3780	3900
LAW__437	7	1	44597	5400	5520
LAW__437	7	1	48066	2340	2460
LAW__437	7	1	48096	600	720
LAW__438	1	1	49168	3960	4080
LAW__439	2	1	45452	1080	1260
LAW__439	2	1	48393	1080	1260
LAW__440	1	1	47876	4920	5040
LAW__445	1	1	46939	5400	5580
LAW__457	1	1	48550	3660	3780
LAW__460	5	2	43829	2070	2160	43829	4950	5040
LAW__460	5	2	47123	630	720	47123	3510	3600
LAW__460	5	1	47877	1080	1260
LAW__460	5	1	47878	1080	1260
LAW__460	5	2	48391	630	720	48391	3510	3600
LAW__470	1	1	43833	2220	2340
LAW__474	3	1	43832	3960	4140
LAW__474	3	1	44344	5400	5580
LAW__474	3	2	47189	795	885	47189	3675	3765
LAW__480	2	1	45006	5400	5580
LAW__480	2	1	45084	5400	5580
LAW__481	1	1	49237	2520	2700
LAW__482	1	2	49166	2235	2325	49166	5115	5205
LAW__484	1	1	44352	2520	2700
LAW__485	1	1	43834	3960	4080
LAW__486	1	1	43769	3660	3840
LAW__489	1	1	46124	540	720
LAW__500	2	2	43903	540	630	43903	3420	3510
LAW__500	2	2	44393	630	720	44393	3510	3600
LAW__501	1	1	47124	1080	1200
LAW__502	2	1	49236	1080	1260
LAW__502	2	1	49250	1080	1260
LAW__503	1	1	43819	2520	2700
LAW__512	1	1	43837	3480	3600
LAW__517	1	1	49167	5205	5385
LAW__521	1	1	46585	2040	2160
LAW__523	1	1	43887	3780	3900
LAW__524	1	1	46212	3780	3900
LAW__527	2	1	46941	2220	2340
LAW__527	2	1	48853	2220	2340
LAW__530	3	1	43842	3960	4140
LAW__530	3	1	44353	3960	4140
LAW__530	3	1	47879	780	960
LAW__531	6	1	43772	2040	2160
LAW__531	6	1	43779	2220	2340
LAW__531	6	1	43781	3780	3900
LAW__531	6	1	43782	1080	1200
LAW__531	6	1	44314	1080	1200
LAW__531	6	1	48388	5220	5340
LAW__532	11	1	43925	3420	3600
LAW__532	11	1	43926	4860	5040
LAW__532	11	1	43927	2280	2460
LAW__532	11	1	43928	5160	5340
LAW__532	11	1	43929	2520	2700
LAW__532	11	1	43930	5400	5580
LAW__532	11	1	44400	3420	3600
LAW__532	11	1	44616	2280	2460
LAW__532	11	1	44617	5400	5580
LAW__532	11	1	48550	3420	3600
LAW__532	11	1	48551	5400	5580
LAW__533	7	2	43784	2070	2160	43784	4950	5040
LAW__533	7	1	43785	1080	1260
LAW__533	7	2	44315	915	1005	44315	3795	3885
LAW__533	7	1	44550	1080	1260
LAW__533	7	2	47880	2070	2160	47880	4950	5040
LAW__533	7	2	49248	2070	2160	49248	4950	5040
LAW__533	7	1	49266	2280	2460
LAW__534	4	1	43905	3480	3600
LAW__534	4	1	43906	3960	4080
LAW__534	4	1	44395	4920	5040
LAW__534	4	1	44601	5400	5520
LAW__535	4	2	43822	2235	2325	43822	5115	5205
LAW__535	4	1	43823	2520	2700
LAW__535	4	1	44332	3960	4140
LAW__535	4	2	44563	2235	2325	44563	5115	5205
LAW__536	4	2	43813	2235	2325	43813	5115	5205
LAW__536	4	1	43814	5400	5580
LAW__536	4	2	44326	2355	2445	44326	5235	5325
LAW__536	4	1	44562	2520	2700
LAW__537	3	1	43893	3780	3900
LAW__537	3	1	48548	2520	2640
LAW__537	3	1	48619	2040	2160
LAW__538	5	1	43750	5220	5340
LAW__538	5	1	43751	2520	2640
LAW__538	5	1	44312	2520	2640
LAW__538	5	1	47881	2520	2640
LAW__538	5	1	49247	5220	5340
LAW__541	2	1	43904	1080	1260
LAW__541	2	2	44394	2070	2160	44394	4950	5040
LAW__542	2	2	44566	2070	2160	44566	4950	5040
LAW__542	2	1	47155	3960	4140
LAW__544	1	1	46942	2220	2340
LAW__547	1	2	49421	795	885	49421	3675	3765
LAW__549	1	1	46237	3480	3600
LAW__551	2	1	44329	1080	1260
LAW__551	2	1	47092	3750	3930
LAW__556	1	2	48389	2355	2445	48389	5235	5325
LAW__557	1	2	46619	2355	2445	46619	5235	5325
LAW__570	1	1	48392	3960	4140
LAW__571	1	1	46044	3960	4140
LAW__590	1	1	49419	4920	5040
LAW__592	1	1	49405	600	720
LAW__593	1	1	44986	3660	3780
LAW__594	19	1	43908	3960	4140
LAW__594	19	1	45083	2520	2700
LAW__594	19	2	45103	630	720	45103	3510	3600
LAW__594	19	1	46123	1080	1200
LAW__594	19	2	46600	2355	2445	46600	5235	5325
LAW__594	19	1	47096	2340	2460
LAW__594	19	1	47300	780	900
LAW__594	19	1	47309	3420	3600
LAW__594	19	1	47367	5400	5520
LAW__594	19	1	47883	600	720
LAW__594	19	1	47884	5400	5520
LAW__594	19	1	47885	3960	4140
LAW__594	19	1	47886	600	720
LAW__594	19	1	47887	1080	1200
LAW__594	19	1	48022	2220	2340
LAW__594	19	1	48047	2220	2340
LAW__594	19	1	48549	3960	4140
LAW__594	19	1	49169	3780	3900
LAW__594	19	1	49406	2340	2460
