CHE___150	3
CHE___201	3
CHE___205	3
CHE___210	4
CHE___230	3
CHE___301	3
CHE___311	3
CHE___312	3
CHE___313	3
CHE___321	3
CHE___330	3
CHE___341	3
CHE___381	2
CHE___382	2
CHE___391	1
CHE___392	1,2,3,4
CHE___396	4
CHE___397	4
CHE___425	4
CHE___427	0,1,2,3,4,5
CHE___433	4
CHE___438	4
CHE___451	4
CHE___453	4
CHE___454	4
CHE___455	4
CHE___457	4
CHE___494	1,2,3,4,5
CHE___496	0,1,2,3,4,5,6,7,8,9
CHE___499	0
CHE___501	4
CHE___502	4
CHE___511	4
CHE___520	4
CHE___524	4
CHE___527	4
CHE___531	4
CHE___545	4
CHE___592	4,5,6,7,8,9
CHE___594	1,2,3,4,5
CHE___595	1
CHE___597	0,1,2,3,4,5
CHE___598	0,1,2,3,4,5,6,7,8,9,10,11,12,13,14,15,16,17
CHE___599	0,1,2,3,4,5,6,7,8,9,10,11,12,13,14,15,16,17
