ART__101	fall	1	1	12519	0	0
ART__101	spring	1	1	12832	0	0
ART__102	fall	1	1	12547	3720	3870
ART__112	spring	1	1	12660	5160	5310
ART__113	fall	1	1	13813	0	0
ART__113	spring	1	1	13728	0	0
ART__203	fall	2	1	12710	2520	2670
ART__203	fall	2	1	12752	5160	5310
ART__203	spring	1	1	12666	3960	4110
ART__211	fall	1	1	13150	3960	4110
ART__211	spring	1	1	13091	1080	1230
ART__215	fall	1	2	14372	600	675	14372	3480	3555
ART__215	spring	1	2	14386	600	675	14386	3480	3555
ART__236	fall	1	1	13027	0	0
ART__236	spring	1	1	12923	0	0
ART__261	fall	1	1	12767	2520	2670
ART__262	spring	1	1	13073	2520	2670
ART__301	fall	1	1	15203	0	0
ART__301	spring	1	1	15070	0	0
ART__312	fall	1	2	10491	2160	2260	10491	5040	5140
ART__312	spring	1	2	15266	720	820	15266	3600	3700
ART__321	fall	1	1	13074	1080	1290
ART__332	spring	1	1	13519	5160	5370
ART__334	fall	1	2	15267	2280	2355	15267	5160	5235
ART__337	spring	1	2	13553	2040	2140	13553	4920	5020
ART__339	fall	1	2	13029	840	940	13029	3720	3820
ART__352	fall	1	1	10494	2280	2490
ART__352	spring	1	1	11859	2280	2490
ART__366	spring	1	1	12865	0	0
ART__367	fall	1	2	14618	2280	2380	14618	5160	5260
ART__372	spring	1	2	10052	2160	2260	10052	5040	5140
ART__411	fall	1	2	10498	2160	2260	10498	5040	5140
ART__411	spring	1	2	10055	720	820	10055	3600	3700
ART__412	fall	1	2	10500	2160	2260	10500	5040	5140
ART__412	spring	1	2	10056	720	820	10056	3600	3700
ART__413	spring	1	1	13948	5160	5370
ART__431	fall	1	1	12809	0	0
ART__432	fall	1	1	14868	0	0
ART__432	spring	1	1	12749	0	0
ART__451	fall	1	1	10509	2280	2490
ART__451	spring	1	1	11863	2280	2490
ART__452	fall	1	1	10510	2280	2490
ART__452	spring	1	1	11864	2280	2490
ART__463	fall	1	2	12156	720	820	12156	3600	3700
ART__464	fall	1	2	11855	2040	2140	11855	4920	5020
ART__470	spring	1	2	10062	600	700	10062	3480	3580
ART__472	spring	1	1	15256	0	0
ART__480	fall	2	2	14085	2160	2260	14085	5040	5140
ART__480	fall	2	1	15625	2280	2490
ART__480	spring	1	2	14130	2040	2140	14130	4920	5020
ART__481	fall	1	1	15202	6360	6510
ART__482	spring	1	1	11636	5400	5610
