BVIS___250	2	1	42366	1020	1140
BVIS___250	2	2	43899	1020	1140	43899	3900	4020
BVIS___251	1	1	42738	2340	2450
BVIS___260	1	1	43903	690	810
BVIS___270	1	1	43904	570	620
BVIS___320	1	1	44004	900	1010
BVIS___325	1	1	42740	3450	3500
BVIS___330	1	1	42742	3660	3710
BVIS___505	1	1	37533	4890	5040
BVIS___510	1	2	34060	2010	2130	34060	6330	6450
BVIS___519	1	2	45720	570	690	45720	3450	3570
BVIS___523	1	1	43805	6570	6660
BVIS___539	1	2	45722	750	900	45722	3630	3780
BVIS___543	2	1		2085	2205
BVIS___543	2	1	38778	4830	5070
