INST_105	fall	1	2	36396	660	710	36396	3540	3590
INST_105	spring	1	2	35205	660	710	35205	3540	3590
INST_106	fall	1	2	28179	660	710	28179	3540	3590
INST_106	spring	1	2	27781	780	830	27781	3660	3710
INST_114	fall	3	1	33054	2010	2085
INST_114	fall	3	1	33057	2010	2085
INST_114	fall	3	2	38502	600	650	38502	3480	3530
INST_114	spring	1	1	29129	2100	2175
INST_130	fall	1	2	28546	2280	2355	28546	5160	5235
INST_130	spring	1	2	34360	900	950	34360	3780	3830
INST_184	fall	1	2	28551	2010	2085	28551	4890	4965
INST_184	spring	2	1	28455	1920	1995
INST_184	spring	2	2	28458	720	770	28458	3600	3650
INST_221	fall	3	2	28568	2100	2175	28568	4980	5055
INST_221	fall	3	3	28569	780	830	28569	3660	3710	28569	6540	6590
INST_221	fall	3	2	34558	2190	2265	34558	5070	5145
INST_221	spring	2	2	28355	2280	2355	28355	5160	5235
INST_221	spring	2	3	28356	540	590	28356	3420	3470	28356	6300	6350
INST_283	fall	1	3	36692	600	650	36692	3480	3530	36692	6360	6410
INST_284	fall	1	2	34067	2190	2265	34067	5070	5145
INST_301	spring	1	1	28836	3780	3930
INST_333	fall	1	2	29911	2280	2355	29911	5160	5235
INST_333	spring	1	3	34515	780	830	34515	3660	3710	34515	6540	6590
INST_334	fall	1	2	37205	2010	2085	37205	4890	4965
INST_334	spring	1	3	41722	840	890	41722	3720	3770	41722	6600	6650
