LALS___101	2	2	39174	660	710	39174	3540	3590
LALS___101	2	2	45205	660	710	45205	3540	3590
LALS___102	2	2	33239	600	650	33239	3480	3530
LALS___102	2	2	37804	600	650	37804	3480	3530
LALS___103	1	2	34441	840	890	34441	3720	3770
LALS___104	1	3	23109	540	590	23109	3420	3470	23109	6300	6350
LALS___105	1	2	33689	600	650	33689	3480	3530
LALS___107	1	3	47122	540	590	47122	3420	3470	47122	6300	6350
LALS___109	1	2	34442	840	890	34442	3720	3770
LALS___110	2	2	35761	540	590	35761	3420	3470
LALS___110	2	2	37004	600	650	37004	3480	3530
LALS___127	4	3	23558	960	1010	23558	3840	3890	23558	6720	6770
LALS___127	4	3	31967	600	650	31967	3480	3530	31967	6360	6410
LALS___127	4	3	32589	600	650	32589	3480	3530	32589	6360	6410
LALS___127	4	2	45266	2370	2445	45266	5250	5325
LALS___192	1	1	33410	2100	2175
LALS___220	1	2	36684	2190	2265	36684	5070	5145
LALS___223	1	2	39488	990	1065	39488	3870	3945
LALS___225	2	2	13233	2100	2175	13233	4980	5055
LALS___225	2	2	28934	2280	2355	28934	5160	5235
LALS___229	2	2	28815	2370	2445	28815	5250	5325
LALS___229	2	2	34595	2100	2175	34595	4980	5055
LALS___239	2	2	32348	2010	2085	32348	4890	4965
LALS___239	2	3	32349	600	650	32349	3480	3530	32349	6360	6410
LALS___240	3	3	13237	660	710	13237	3540	3590	13237	6420	6470
LALS___240	3	3	13238	660	710	13238	3540	3590	13238	6420	6470
LALS___240	3	3	40267	660	710	40267	3540	3590	40267	6420	6470
LALS___242	1	2	39184	2010	2085	39184	4890	4965
LALS___256	1	2	35417	840	915	35417	3720	3795
LALS___257	1	2	28699	2460	2535	28699	5340	5415
LALS___258	1	2	35119	2100	2175	35119	4980	5055
LALS___260	1	3	49132	660	710	49132	3540	3590	49132	6420	6470
LALS___261	1	1	29670	2010	2085
LALS___263	2	2	29206	2010	2085	29206	4890	4965
LALS___263	2	3	41506	780	830	41506	3660	3710	41506	6540	6590
LALS___267	3	1	47595	900	975
LALS___267	3	1	47597	900	975
LALS___267	3	1	48653	2010	2085
LALS___270	2	3	32149	840	890	32149	3720	3770	32149	6600	6650
LALS___270	2	3	37975	840	890	37975	3720	3770	37975	6600	6650
LALS___275	1	2	45227	840	890	45227	3720	3770
LALS___276	1	1	36575	2010	2085
LALS___277	2	2	35807	900	975	35807	3780	3855
LALS___277	2	2	37840	900	975	37840	3780	3855
LALS___278	1	1	34808	2460	2535
LALS___283	2	2	39234	720	770	39234	3600	3650
LALS___283	2	2	46948	720	770	46948	3600	3650
LALS___286	2	2	34444	2010	2085	34444	4890	4965
LALS___286	2	2	36933	2100	2175	36933	4980	5055
LALS___288	1	2	39186	2190	2265	39186	5070	5145
LALS___289	2	1	47253	2190	2265
LALS___289	2	1	47503	2190	2265
LALS___290	1	2	35810	2100	2175	35810	4980	5055
LALS___291	2	2	46627	2370	2445	46627	5250	5325
LALS___291	2	2	48884	2370	2445	48884	5250	5325
LALS___292	1	2	46321	2190	2265	46321	5070	5145
LALS___295	2	2	34442	2280	2355	34442	5160	5235
LALS___295	2	2	35797	900	975	35797	3780	3855
LALS___301	1	2	33521	570	645	33521	3450	3525
LALS___382	1	2	40795	990	1065	40795	3870	3945
LALS___385	1	2	38910	2100	2175	38910	4980	5055
LALS___391	2	1	39190	3780	3945
LALS___391	2	3	48255	780	830	48255	3660	3710	48255	6540	6590
LALS___395	4	2	33052	2010	2085	33052	4890	4965
LALS___395	4	1	35811	3780	3930
LALS___395	4	2	47801	570	645	47801	3450	3525
LALS___395	4	2	48072	2190	2265	48072	5070	5145
LALS___403	5	2		4050	4125		4050	4125
LALS___403	5	1	31440	5250	5400
LALS___403	5	1	31919	5250	5400
LALS___403	5	1	35527	3960	4035
LALS___403	5	1	36352	3960	4035
LALS___427	2	2	34752	2280	2355	34752	5160	5235
LALS___427	2	2	34753	2280	2355	34753	5160	5235
LALS___433	4	2	35528	2280	2355	35528	5160	5235
LALS___433	4	2	36353	2280	2355	36353	5160	5235
LALS___433	4	1	39237	900	1050
LALS___433	4	1	39338	900	1050
LALS___461	8	2	32659	2100	2175	32659	4980	5055
LALS___461	8	2	32660	2100	2175	32660	4980	5055
LALS___461	8	2	32996	2370	2445	32996	5250	5325
LALS___461	8	2	32997	2370	2445	32997	5250	5325
LALS___461	8	2	33094	990	1065	33094	3870	3945
LALS___461	8	1	33095	2430	2505
LALS___461	8	1	38787	2370	2535
LALS___461	8	1	38788	2370	2535
LALS___465	2	2	47041	990	1065	47041	3870	3945
LALS___465	2	2	47042	990	1065	47042	3870	3945
LALS___467	2	2	47550	2280	2355	47550	5160	5235
LALS___467	2	2	47551	2280	2355	47551	5160	5235
LALS___491	7	2	32584	960	1035	32584	3840	3915
LALS___491	7	2	32585	960	1035	32585	3840	3915
LALS___491	7	2	36422	2190	2265	36422	5070	5145
LALS___491	7	2	36423	2190	2265	36423	5070	5145
LALS___491	7	1	37013	900	1065
LALS___491	7	1	38711	900	1050
LALS___491	7	1	38712	900	1050
LALS___495	8	1	36513	2370	2520
LALS___495	8	1	36514	2370	2520
LALS___495	8	1	36760	3780	3930
LALS___495	8	1	36761	3780	3930
LALS___495	8	1	38408	3780	3930
LALS___495	8	1	38409	3780	3930
LALS___495	8	2	49636	900	975	49636	3780	3855
LALS___495	8	2	49637	900	975	49637	3780	3855
LALS___497	2	1	33303	2550	2715
LALS___497	2	1	33522	2550	2715
LALS___500	1	1	42573	5250	5400
LALS___501	1	1	31239	2370	2520
LALS___502	3	1	31441	2370	2520
LALS___502	3	1	42078	900	1065
LALS___502	3	1	48513	5250	5400
