JST___101	1	2	33507	2190	2265	33507	5070	5145
JST___102	2	2	27209	2100	2175	27209	4980	5055
JST___102	2	2	48961	2280	2355	48961	5160	5235
JST___103	1	2	28103	2100	2175	28103	4980	5055
JST___117	2	2	20682	2280	2355	20682	5160	5235
JST___117	2	3	44333	600	650	44333	3480	3530	44333	6360	6410
JST___122	1	3	34582	540	590	34582	3420	3470	34582	6300	6350
JST___123	1	3	32155	720	770	32155	3600	3650	32155	6480	6530
JST___124	1	2	41147	2100	2175	41147	4980	5055
JST___125	1	3	33394	840	890	33394	3720	3770	33394	6600	6650
JST___220	1	2	37580	2280	2355	37580	5160	5235
JST___225	1	2	25705	2010	2085	25705	4890	4965
JST___242	1	3	26348	720	770	26348	3600	3650	26348	6480	6530
JST___243	1	2	39411	2190	2265	39411	5070	5145
JST___311	1	3	28135	660	710	28135	3540	3590	28135	6420	6470
JST___494	8	2	25373	2190	2265	25373	5070	5145
JST___494	8	2	25374	2190	2265	25374	5070	5145
JST___494	8	1	34098	5160	5330
JST___494	8	1	34099	5160	5330
JST___494	8	1	45546	930	1080
JST___494	8	1	45547	930	1080
JST___494	8	1	46473	2370	2400
JST___494	8	1	46474	2370	2520
