PHYB___518	2	2	35006	2400	2490	35006	5280	5370
PHYB___518	2	1	42225	2370	2490
PHYB___530	1	1	26754	2370	2490
PHYB___531	1	1	48713	2070	2160
PHYB___551	1	1	40478	4860	4950
PHYB___552	2	4		630	690		2070	2130		3510	3570		4950	5010
PHYB___552	2	1	29146	6345	6405
PHYB___561	1	2	48720	780	890	48720	3660	3770
PHYB___562	1	2	48721	630	720	48721	3510	3600
PHYB___565	1	1	48722	3780	3890
PHYB___571	1	1	40496	5100	5210
PHYB___572	1	1	39729	5100	5220
PHYB___586	1	2	39730	780	870	39730	3660	3750
PHYB___590	2	1	35005	3840	3900
PHYB___590	2	1	35155	3840	3900
PHYB___591	2	1	15164	6420	6480
PHYB___591	2	1	17964	6420	6480
PHYB___594	1	1	15167	2220	2270
