PT___350	spring	1	1	40292	0	0
PT___440	spring	1	1	40242	0	0
PT___496	fall	5	1	43426	3570	3630
PT___496	fall	5	1	46943	5010	5070
PT___496	fall	5	1	49433	2130	2190
PT___496	fall	5	1	49466	5010	5070
PT___496	fall	5	1	49923	960	1020
PT___496	spring	1	1	48397	960	1020
PT___503	fall	1	1	38021	1980	2150
PT___503	spring	1	1	31409	780	960
PT___504	fall	1	1	38231	810	920
PT___505	fall	1	1	49922	3660	3830
PT___506	fall	1	1	32569	3660	3840
PT___510	spring	1	1	40477	600	710
PT___529	spring	1	1	40253	0	0
PT___533	fall	1	1	41491	0	0
PT___534	spring	1	1	40255	1980	2150
PT___540	spring	1	1	41852	3840	3890
PT___541	fall	1	1	42702	0	0
PT___542	fall	1	1	42704	0	0
PT___550	spring	1	1	42183	900	1010
PT___555	fall	1	1	47440	5160	5210
PT___556	spring	1	1	46826	5160	5370
PT___562	fall	1	1	32571	2460	2640
PT___563	fall	1	1	32572	960	1140
PT___563	spring	1	1	47128	6480	6660
PT___571	spring	1	1	48045	2160	2325
PT___573	fall	1	1	45410	5130	5300
PT___574	fall	1	1	34307	3780	3950
PT___592	fall	1	1	42987	0	0
PT___594	fall	1	1	28067	0	0
PT___594	spring	1	1	28312	0	0
PT___595	fall	1	1	15527	0	0
PT___595	spring	1	1	48046	0	0
PT___596	fall	1	1	28084	0	0
PT___596	spring	1	1	28324	0	0
PT___597	fall	1	1	34084	0	0
PT___597	spring	1	1	30541	0	0
PT___598	fall	1	1	29642	0	0
PT___598	spring	1	1	24145	0	0
PT___600	fall	1	1	15528	0	0
PT___603	fall	1	1	38362	0	0
PT___604	spring	1	1	38058	0	0
PT___605	fall	1	1	35788	0	0
PT___617	spring	1	1	18026	0	0
PT___618	spring	1	1	19539	0	0
PT___620	spring	1	1	26466	0	0
PT___622	spring	1	1	19540	0	0
PT___623	spring	1	1	18028	0	0
PT___625	spring	1	1	18029	0	0
PT___626	fall	1	1	20018	0	0
PT___627	spring	1	1	19551	0	0
PT___628	spring	1	1	19552	0	0
PT___629	spring	1	1	35501	0	0
PT___630	spring	1	1	19553	0	0
PT___631	fall	1	1	15531	0	0
PT___632	spring	1	1	44983	0	0
PT___633	fall	1	1	15533	0	0
PT___634	spring	1	1	18034	0	0
PT___635	spring	1	1	31407	0	0
PT___636	fall	1	1	28095	0	0
PT___638	fall	1	1	15537	0	0
PT___639	spring	1	1	18036	0	0
PT___670	spring	1	1	38536	0	0
PT___671	spring	1	1	44970	0	0
PT___672	spring	1	1	46814	2400	2520
PT___694	fall	1	1	15540	5250	5340
PT___694	spring	1	1	47440	0	0
PT___696	spring	1	1	41469	0	0
