BIO__106	fall	2	2	12468	600	675	12468	3480	3555
BIO__106	fall	2	2	12805	2280	2355	12805	5160	5235
BIO__106	spring	1	2	12821	600	675	12821	3480	3555
BIO__107	fall	1	1	12654	2220	2400
BIO__107	spring	1	1	12822	3720	3890
BIO__141	fall	3	3	11860	2280	2355	11860	5160	5235	11860	1980	2155
BIO__141	fall	3	3	11948	2280	2355	11948	5160	5235	11948	3420	3595
BIO__141	fall	3	3	12362	2280	2355	12362	5160	5235	12362	4860	5035
BIO__142	spring	3	3	15181	2280	2355	15181	5160	5235	15181	4860	5030
BIO__142	spring	3	3	15190	2280	2355	15190	5160	5235	15190	3420	3590
BIO__142	spring	3	3	15191	3660	3830	15191	2280	2355	15191	5160	5235
BIO__201	fall	4	3	14389	600	675	14389	3480	3555	14389	780	955
BIO__201	fall	4	3	14390	600	675	14390	3480	3555	14390	1080	1255
BIO__201	fall	4	3	14438	600	675	14438	3480	3555	14438	1980	2155
BIO__201	fall	4	3	14828	4860	5035	14828	600	675	14828	3480	3555
BIO__201	spring	1	3	14868	5400	5570	14868	2040	2115	14868	4920	4995
BIO__202	spring	3	3	14391	780	950	14391	600	675	14391	3480	3555
BIO__202	spring	3	3	14396	3660	3830	14396	600	675	14396	3480	3555
BIO__202	spring	3	3	14742	6360	6530	14742	600	675	14742	3480	3555
BIO__231	fall	1	2	14479	720	795	14479	3600	3675
BIO__231	spring	1	2	14397	720	795	14397	3600	3675
BIO__232	fall	1	1	14641	3720	3895
BIO__232	spring	1	1	14594	840	1015
BIO__301	fall	2	2	10562	960	1035	10562	3840	3915
BIO__301	fall	2	2	10564	2400	2475	10564	5280	5355
BIO__301	spring	1	2	12655	1020	1095	12655	3900	3975
BIO__311	spring	2	3	10089	3660	3830	10089	600	675	10089	3480	3555
BIO__311	spring	2	3	10090	600	675	10090	3480	3555	10090	3960	4135
BIO__371	fall	2	3	10585	720	795	10585	3600	3675	10585	2220	2395
BIO__371	fall	2	3	10587	720	795	10587	3600	3675	10587	5100	5275
BIO__381	spring	2	3	10095	2040	2115	10095	4920	4995	10095	780	950
BIO__381	spring	2	3	10096	2040	2115	10096	4920	4995	10096	2220	2390
BIO__391	fall	1	2	15261	1080	1180	15261	3960	4060
BIO__400	fall	6	1	11363	0	0
BIO__400	fall	6	1	11364	0	0
BIO__400	fall	6	1	11367	0	0
BIO__400	fall	6	1	11370	0	0
BIO__400	fall	6	1	11373	0	0
BIO__400	fall	6	1	11376	0	0
BIO__400	spring	6	1	11555	0	0
BIO__400	spring	6	1	11558	0	0
BIO__400	spring	6	1	11561	0	0
BIO__400	spring	6	1	11564	0	0
BIO__400	spring	6	1	13858	0	0
BIO__400	spring	6	1	15623	0	0
BIO__401	spring	1	2	15311	960	1035	15311	3840	3915
BIO__410	fall	1	2	12223	840	940	12223	3720	3820
BIO__410	spring	2	1	12902	3720	3900
BIO__410	spring	2	1	12906	2160	2310
BIO__425	spring	1	2	14275	480	555	14275	3360	3435
BIO__428	fall	1	2	13702	2400	2500	13702	5280	5380
BIO__432	fall	1	2	14300	600	675	14300	3480	3555
BIO__433	spring	1	3	15183	2400	2475	15183	5280	5355	15183	2160	2335
BIO__447	spring	1	1	14972	0	0
BIO__448	fall	1	1	14896	0	0
BIO__449	fall	1	1	14898	2160	2340
BIO__451	fall	1	3	15290	600	675	15290	3480	3555	15290	3720	3835
BIO__475	fall	1	2	14631	510	585	14631	3390	3465
BIO__476	fall	1	2	14630	900	1075	14630	840	895
BIO__485	spring	1	3	15234	600	675	15234	3480	3555	15234	780	950
BIO__495	fall	2	3	15293	2130	2305	15293	2040	2115	15293	4920	4995
BIO__495	fall	2	3	15294	2520	2695	15294	2040	2115	15294	4920	4995
