CLJ__101	2	1	31171	2280	2355
CLJ__101	2	2	31172	720	770	31172	3600	3650
CLJ__102	1	1	27689	1020	1139
CLJ__110	1	1	27691	5160	5235
CLJ__114	4	1	27548	5160	5235
CLJ__114	4	1	47923	4980	5055
CLJ__114	4	1	48360	5070	5145
CLJ__114	4	1	49102	976	1050
CLJ__120	3	1	27550	5070	5145
CLJ__120	3	1	27693	5160	5235
CLJ__120	3	1	34169	4980	5055
CLJ__121	6	1	27552	2280	2355
CLJ__121	6	1	27695	2100	2175
CLJ__121	6	2	31760	660	710	31760	3540	3590
CLJ__121	6	1	35840	2010	2085
CLJ__121	6	2	36327	780	830	36327	3660	3710
CLJ__121	6	1	44816	3450	3525
CLJ__122	1	3	36534	780	830	36534	3660	3710	36534	6540	6590
CLJ__200	4	2	27663	780	830	27663	3660	3710
CLJ__200	4	2	39218	660	710	39218	3540	3590
CLJ__200	4	2	41615	840	890	41615	3720	3770
CLJ__200	4	1	43505	2010	2085
CLJ__210	4	2	27664	2190	2265	27664	5070	5145
CLJ__210	4	1	33347	1080	1230
CLJ__210	4	1	33348	3900	4070
CLJ__210	4	1	37343	3960	4110
CLJ__220	3	1	27697	2100	2175
CLJ__220	3	2	33144	840	890	33144	3720	3770
CLJ__220	3	2	33350	780	830	33350	3660	3710
CLJ__261	9	2	27560	2010	2085	27560	4890	4965
CLJ__261	9	2	27665	2490	2565	27665	5370	5445
CLJ__261	9	2	34628	570	645	34628	3450	3525
CLJ__261	9	1	35792	3900	4050
CLJ__261	9	2	41769	2100	2175	41769	4980	5055
CLJ__261	9	2	45950	2280	2355	45950	5160	5235
CLJ__261	9	3	46192	780	830	46192	3660	3710	46192	6540	6590
CLJ__261	9	2	46421	840	915	46421	3720	3795
CLJ__261	9	1	49233	3780	3930
CLJ__262	3	2	27666	900	975	27666	3780	3855
CLJ__262	3	2	33351	2280	2355	33351	5160	5235
CLJ__262	3	2	34268	2190	2265	34268	5070	5145
CLJ__265	1	2	48368	2280	2355	48368	5160	5235
CLJ__271	2	2	27667	2010	2085	27667	4890	4965
CLJ__271	2	2	47086	2100	2175	47086	4980	5055
CLJ__303	1	1	28130	1920	1995
CLJ__311	2	2	27668	2100	2175	27668	4980	5055
CLJ__311	2	1	46409	2520	2670
CLJ__321	3	2	44829	2100	2175	44829	4980	5055
CLJ__321	3	2	45215	2190	2265	45215	5070	5145
CLJ__321	3	2	46843	2280	2355	46843	5160	5235
CLJ__345	1	2	46852	2280	2355	46852	5160	5235
CLJ__350	2	2	27564	2100	2175	27564	4980	5055
CLJ__350	2	2	27670	2190	2265	27670	5070	5145
CLJ__355	2	1	27671	2370	2520
CLJ__355	2	1	49120	5250	5400
CLJ__356	2	2	43857	570	645	43857	3450	3525
CLJ__356	2	2	44258	2010	2085	44258	4890	4965
CLJ__361	2	1	37173	1080	1230
CLJ__361	2	1	43472	5400	5550
CLJ__363	2	2	46410	2190	2265	46410	5070	5145
CLJ__363	2	2	48369	2280	2355	48369	5160	5235
CLJ__374	2	2	46019	2280	2355	46019	5160	5235
CLJ__374	2	2	48104	2100	2175	48104	4980	5055
CLJ__375	1	2	48370	2010	2085	48370	4890	4965
CLJ__394	4	2	43858	1080	1155	43858	3960	4035
CLJ__394	4	1	44257	2340	2490
CLJ__394	4	2	47102	2100	2175	47102	4980	5055
CLJ__394	4	2	49224	2010	2085	49224	4890	4965
CLJ__402	1	3	34194	840	890	34194	3720	3770	34194	6600	6650
CLJ__405	3	2	42462	900	975	42462	3780	3855
CLJ__405	3	1	42603	1080	1260
CLJ__405	3	2	44863	2100	2175	44863	4980	5055
CLJ__422	1	1	27675	900	1050
CLJ__423	2	2	27572	2280	2355	27572	5160	5235
CLJ__423	2	2	27677	2100	2175	27677	4980	5055
CLJ__424	1	1	42262	2370	2520
CLJ__425	2	2	41231	2370	2445	41231	5250	5325
CLJ__425	2	2	41232	2010	2085	41232	4890	4965
CLJ__430	1	1	43715	900	1050
CLJ__435	1	1	35793	3960	4110
CLJ__442	1	1	33343	5250	5400
CLJ__450	1	1	41322	5250	5400
CLJ__491	5	2	34195	2190	2265	34195	5070	5145
CLJ__491	5	1	34201	5340	5510
CLJ__491	5	3	36384	840	890	36384	3720	3770	36384	6600	6650
CLJ__491	5	1	42314	900	1050
CLJ__491	5	2	42316	2370	2445	42316	5250	5325
CLJ__492	5	1	30251	900	1050
CLJ__492	5	2	31766	2190	2265	31766	5070	5145
CLJ__492	5	3	38908	780	830	38908	3660	3710	38908	6540	6590
CLJ__492	5	2	39966	2100	2175	39966	4980	5055
CLJ__492	5	2	40275	2280	2355	40275	5160	5235
CLJ__493	5	2	43503	2280	2355	43503	5160	5235
CLJ__493	5	1	43717	3780	3930
CLJ__493	5	1	44840	2370	2520
CLJ__493	5	2	44841	2190	2265	44841	5070	5145
CLJ__493	5	1	45068	900	1050
CLJ__500	1	1	27580	900	1070
CLJ__520	1	1	27683	3870	4040
CLJ__540	3	1	27581	3870	4040
CLJ__540	3	1	44951	2370	2520
CLJ__540	3	1	45001	2400	2570
CLJ__542	2	1	44568	1110	1260
CLJ__542	2	1	46403	3990	4140
CLJ__546	1	1	27684	5250	5390
CLJ__547	2	1	27685	960	1130
CLJ__547	2	1	38395	5250	5420
CLJ__560	1	1	27687	900	1070
CLJ__561	1	1	27584	2370	2540
CLJ__562	2	1	27688	3870	4040
CLJ__562	2	1	46884	2370	2540
CLJ__564	1	1	47104	2370	2540
CLJ__570	1	1	40951	5250	5415
CLJ__580	1	1	28933	570	680
CLJ__594	3	1	33221	5250	5420
CLJ__594	3	1	40587	6540	6710
CLJ__594	3	1	48939	900	1070
