POLS_101	fall	2	1	38313	2370	2445
POLS_101	fall	2	1	42074	570	645
POLS_101	spring	2	2	16191	660	710	16191	3540	3590
POLS_101	spring	2	1	40993	570	645
POLS_111	fall	3	2	32212	2010	2085	32212	4890	4965
POLS_111	fall	3	2	33383	1920	1995	33383	4800	4875
POLS_111	fall	3	2	38722	2280	2355	38722	5160	5235
POLS_112	fall	2	3	32884	900	950	32884	3780	3830	32884	6660	6710
POLS_112	fall	2	2	48409	2010	2085	48409	4890	4965
POLS_120	fall	1	2	37191	660	710	37191	3540	3590
POLS_130	fall	1	1	13284	0	0
POLS_130	spring	1	2	34357	900	950	34357	3780	3830
POLS_184	fall	1	2	13204	720	770	13204	3600	3650
POLS_184	spring	2	2	16201	720	770	16201	3600	3650
POLS_184	spring	2	1	48128	1920	1995
POLS_190	fall	1	2	13210	2010	2060	13210	4890	4940
POLS_200	fall	1	3	34466	780	830	34466	3660	3710	34466	6540	6590
POLS_200	spring	1	3	24446	840	890	24446	3720	3770	24446	6600	6650
POLS_201	fall	1	3	13213	660	710	13213	3540	3590	13213	6420	6470
POLS_201	spring	1	3	20206	780	830	20206	3660	3710	20206	6540	6590
POLS_202	fall	3	3	38723	660	710	38723	3540	3590	38723	6420	6470
POLS_202	fall	3	2	47198	2100	2175	47198	4980	5055
POLS_202	fall	3	2	47603	900	975	47603	3780	3855
POLS_202	spring	2	2	48130	2280	2355	48130	5160	5235
POLS_202	spring	2	2	48131	2010	2085	48131	4890	4965
POLS_203	fall	1	2	43546	990	1065	43546	3870	3945
POLS_204	spring	1	2	47599	990	1065	47599	3870	3945
POLS_206	fall	1	2	35618	2190	2265	35618	5070	5145
POLS_207	fall	1	2	34700	660	735	34700	3540	3615
POLS_207	spring	1	2	43449	840	890	43449	3720	3770
POLS_209	fall	1	2	28965	720	770	28965	3600	3650
POLS_209	spring	1	2	39433	720	770	39433	3600	3650
POLS_210	fall	1	2	35646	720	795	35646	3600	3675
POLS_210	spring	1	2	36855	2220	2295	36855	5100	5175
POLS_211	fall	1	3	23251	720	770	23251	3600	3650	23251	6480	6530
POLS_211	spring	1	3	46264	600	650	46264	3480	3530	46264	6360	6410
POLS_212	fall	1	2	37536	2190	2265	37536	5070	5145
POLS_221	spring	1	1	48320	5400	5550
POLS_225	fall	1	2	34465	2370	2445	34465	5250	5325
POLS_226	fall	1	2	50217	2370	2445	50217	5250	5325
POLS_227	fall	1	2	33929	2190	2265	33929	5070	5145
POLS_228	fall	1	2	34468	2280	2355	34468	5160	5235
POLS_228	spring	1	2	45934	930	1005	45934	3810	3885
POLS_229	fall	2	2	28012	2190	2265	28012	5070	5145
POLS_229	fall	2	2	42252	2100	2175	42252	4980	5055
POLS_229	spring	1	2	48134	2460	2535	48134	5340	5415
POLS_231	fall	1	2	39407	2100	2175	39407	4980	5055
POLS_232	fall	1	2	43547	2280	2355	43547	5160	5235
POLS_234	fall	1	2	33357	2100	2175	33357	4980	5055
POLS_234	spring	1	2	46504	720	795	46504	3600	3675
POLS_242	fall	2	2	31900	2100	2175	31900	4980	5055
POLS_242	fall	2	2	39185	2010	2085	39185	4890	4965
POLS_243	fall	1	2	39410	750	825	39410	3630	3705
POLS_246	fall	1	1	42279	2100	2175
POLS_258	fall	1	2	37195	570	645	37195	3450	3525
POLS_259	spring	1	3	48319	660	710	48319	3540	3590	48319	6420	6470
POLS_267	fall	1	1	40857	2100	2175
POLS_267	spring	1	1	45211	2190	2265
POLS_268	fall	1	3	42273	600	650	42273	3480	3530	42273	6360	6410
POLS_275	spring	1	2	45419	840	890	45419	3720	3770
POLS_281	spring	1	2	33434	570	645	33434	3450	3525
POLS_283	fall	1	3	35627	600	650	35627	3480	3530	35627	6360	6410
POLS_284	fall	1	2	34056	2190	2265	34056	5070	5145
POLS_286	fall	1	2	35628	570	645	35628	3450	3525
POLS_287	fall	2	2	34702	2190	2265	34702	5070	5145
POLS_287	fall	2	2	42467	2010	2085	42467	4890	4965
POLS_290	fall	1	2	50213	2280	2355	50213	5160	5235
POLS_296	fall	1	2	48354	2190	2265	48354	5070	5145
POLS_300	fall	1	2	34469	900	975	34469	3780	3855
POLS_300	spring	1	2	35680	2370	2445	35680	5250	5325
POLS_301	fall	1	1	34703	840	890
POLS_303	fall	1	1	16031	0	0
POLS_303	spring	1	1	20240	0	0
POLS_305	fall	1	1	24868	0	0
POLS_305	spring	1	1	13087	0	0
POLS_307	fall	1	2	38319	2280	2355	38319	5160	5235
POLS_311	fall	1	2	35640	900	975	35640	3780	3855
POLS_342	fall	1	1	45987	2370	2445
POLS_348	fall	1	3	39487	660	710	39487	3540	3590	39487	6420	6470
POLS_353	fall	1	3	24888	540	590	24888	3420	3470	24888	6300	6350
POLS_354	fall	1	3	32067	600	650	32067	3480	3530	32067	6360	6410
POLS_356	spring	1	2	24451	2010	2085	24451	4890	4965
POLS_358	spring	1	2	31101	2100	2175	31101	4980	5055
POLS_384	fall	1	2	35630	2370	2445	35630	5250	5325
POLS_401	fall	2	1	13289	5250	5400
POLS_401	fall	2	1	20427	5250	5400
POLS_405	fall	2	2	42465	900	975	42465	3780	3855
POLS_405	fall	2	2	42466	900	975	42466	3780	3855
POLS_405	spring	2	2	45079	2100	2175	45079	4980	5055
POLS_405	spring	2	2	45080	2100	2175	45080	4980	5055
POLS_459	fall	2	1	36636	2520	2670
POLS_459	fall	2	1	36637	2520	2670
POLS_465	fall	2	2	38490	2190	2265	38490	5070	5145
POLS_465	fall	2	2	38491	2190	2265	38491	5070	5145
POLS_467	fall	1	1	36817	0	0
POLS_469	fall	2	3	37196	900	950	37196	3780	3830	37196	6660	6710
POLS_469	fall	2	3	37197	900	950	37197	3780	3830	37197	6660	6710
POLS_479	fall	2	1	37198	2370	2519
POLS_479	fall	2	1	37199	2370	2519
POLS_482	fall	1	1	43550	3810	3960
POLS_489	fall	2	1	35003	3540	3690
POLS_489	fall	2	1	35004	3540	3690
POLS_494	fall	4	1	34706	900	1050
POLS_494	fall	4	1	34707	900	1050
POLS_494	fall	4	1	35684	900	1065
POLS_494	fall	4	1	36570	900	1065
POLS_497	fall	1	1	16042	0	0
POLS_497	spring	1	1	13105	0	0
POLS_498	fall	1	1	16067	0	0
POLS_498	spring	1	1	13127	0	0
POLS_500	fall	1	1	13290	2370	2519
POLS_501	spring	1	1	46508	1080	1230
POLS_504	fall	1	1	33359	3840	3990
POLS_505	spring	1	1	46265	5280	5430
POLS_551	fall	1	1	32677	2280	2430
POLS_558	fall	2	1	34705	900	950
POLS_558	fall	2	1	38789	3900	3950
POLS_560	fall	3	1	35632	2190	2339
POLS_560	fall	3	1	35643	6690	6840
POLS_560	fall	3	1	47199	2160	2310
POLS_560	spring	1	1	48135	5040	5190
POLS_567	fall	1	1	39440	1020	1170
POLS_569	fall	1	1	33869	2310	2460
POLS_571	fall	1	1	38323	2520	2670
POLS_578	fall	1	1	35695	900	1125
POLS_579	fall	2	1	35633	2280	2430
POLS_579	fall	2	1	35642	1920	2070
POLS_590	fall	1	1	37535	3810	3960
POLS_593	fall	1	1	24938	0	0
POLS_593	spring	1	1	22267	0	0
POLS_596	fall	1	1	16096	0	0
POLS_596	spring	1	1	13156	0	0
POLS_598	fall	1	1	16106	0	0
POLS_598	spring	1	1	13177	0	0
POLS_599	fall	1	1	24947	0	0
POLS_599	spring	1	1	13183	0	0
