EPID___400	1	1	15886	4020	4110
EPID___404	1	2	20280	1980	2085	20280	4860	4965
EPID___406	3	1	23459	2310	2475
EPID___406	3	1	34692	780	945
EPID___406	3	1	34693	5190	5355
EPID___409	1	2	25547	1050	1155	25547	3930	4035
EPID___410	1	1	24427	2160	2265
EPID___411	1	2	14255	3630	3710	14255	6510	6590
EPID___412	1	1	28471	4920	5025
EPID___428	2	1	15916	5190	5295
EPID___428	2	1	42512	5190	5295
EPID___494	1	1	49678	3420	3525
EPID___500	1	2	44131	2160	2265	44131	5040	5145
EPID___501	1	2	26987	2220	2325	26987	5100	5205
EPID___509	1	1	33766	2310	2430
EPID___510	1	2	46483	2460	2565	46483	5340	5445
EPID___512	1	1	39024	5160	5340
EPID___516	1	1	41627	3720	3825
EPID___517	6	2	40038	3480	3590	40038	6360	6470
EPID___517	6	2	42511	3480	3590	42511	6360	6470
EPID___517	6	2	45102	3480	3600	45102	6360	6480
EPID___517	6	2	45379	3480	3590	45379	6360	6470
EPID___517	6	2	47163	3480	3600	47163	6360	6480
EPID___517	6	2	49497	3480	3600	49497	6360	6480
EPID___518	3	1	32473	960	1125
EPID___518	3	1	46239	4860	5025
EPID___518	3	1	48807	2280	2445
EPID___520	1	1	27235	660	765
EPID___525	1	1	47532	570	675
EPID___530	3	1	33948	6420	6470
EPID___530	3	2	46179	3480	3590	46179	6360	6470
EPID___530	3	2	48810	3480	3590	48810	6360	6470
EPID___535	1	1	44132	3810	3915
EPID___545	1	1	48099	2280	2445
EPID___549	1	1	30732	5280	5445
EPID___550	2	2	42706	2010	2190	42706	4890	5070
EPID___550	2	2	47165	1980	2160	47165	4860	5040
EPID___555	1	1	46484	1980	2145
