HIST_100	3	1	11812	2100	2175
HIST_100	3	2	11820	840	890	11820	3720	3770
HIST_100	3	2	35603	540	590	35603	3420	3470
HIST_101	1	2	11770	600	650	11770	3480	3530
HIST_103	1	2	11651	780	830	11651	3660	3710
HIST_104	2	2	11635	720	770	11635	3600	3650
HIST_104	2	2	35169	780	830	35169	3660	3710
HIST_105	1	2	35176	660	710	35176	3540	3590
HIST_106	1	2	27659	660	710	27659	3540	3590
HIST_109	1	2	36215	540	590	36215	3420	3470
HIST_114	3	1	29128	2100	2175
HIST_114	3	1	32938	2010	2085
HIST_114	3	2	38499	600	650	38499	3480	3530
HIST_117	2	2	11584	2280	2355	11584	5160	5235
HIST_117	2	3	44331	600	650	44331	3480	3530	44331	6360	6410
HIST_150	1	3	30193	840	890	30193	3720	3770	30193	6600	6650
HIST_170	2	1	39001	570	645
HIST_170	2	1	40758	6600	6650
HIST_199	11	3	40784	780	830	40784	3660	3710	40784	6540	6590
HIST_199	11	2	41752	2370	2445	41752	5250	5325
HIST_199	11	2	41753	2280	2355	41753	5160	5235
HIST_199	11	3	42486	720	770	42486	3600	3650	42486	6480	6530
HIST_199	11	3	42487	960	1010	42487	3840	3890	42487	6720	6770
HIST_199	11	2	42488	900	975	42488	3780	3855
HIST_199	11	3	42489	600	650	42489	3480	3530	42489	6360	6410
HIST_199	11	3	42491	540	590	42491	3420	3470	42491	6300	6350
HIST_199	11	3	42492	900	950	42492	3780	3830	42492	6660	6710
HIST_199	11	2	42493	930	1005	42493	3810	3885
HIST_199	11	3	48966	660	710	48966	3540	3590	48966	6420	6470
HIST_200	1	2	44618	2280	2355	44618	5160	5235
HIST_202	1	2	34768	2280	2355	34768	5160	5235
HIST_203	2	2	35177	2280	2355	35177	5160	5235
HIST_203	2	2	37583	2190	2265	37583	5070	5145
HIST_204	2	3	11531	840	890	11531	3720	3770	11531	6600	6650
HIST_204	2	2	11555	2190	2265	11555	5070	5145
HIST_205	1	3	15445	720	770	15445	3600	3650	15445	6480	6530
HIST_208	2	3	49116	780	830	49116	3660	3710	49116	6540	6590
HIST_208	2	2	49215	990	1065	49215	3870	3945
HIST_209	2	2	35540	2280	2355	35540	5160	5235
HIST_209	2	2	45087	2190	2265	45087	5070	5145
HIST_210	2	2	41221	2010	2085	41221	4890	4965
HIST_210	2	2	43799	900	975	43799	3780	3855
HIST_211	2	1	34251	2100	2175
HIST_211	2	2	49270	540	590	49270	3420	3470
HIST_213	3	3	33496	660	710	33496	3540	3590	33496	6420	6470
HIST_213	3	1	46046	6540	6590
HIST_213	3	1	46048	6600	6650
HIST_215	1	2	49096	570	645	49096	3450	3525
HIST_217	1	1	29050	3960	4140
HIST_218	1	3	35881	780	830	35881	3660	3710	35881	6540	6590
HIST_219	2	2	35966	2370	2445	35966	5250	5325
HIST_219	2	2	37581	2100	2175	37581	4980	5055
HIST_220	1	2	11504	2100	2175	11504	4980	5055
HIST_222	1	2	42589	2280	2355	42589	5160	5235
HIST_223	1	2	36937	2280	2355	36937	5160	5235
HIST_224	1	2	40823	2370	2445	40823	5250	5325
HIST_225	2	3	31121	780	830	31121	3660	3710	31121	6540	6590
HIST_225	2	3	38151	660	710	38151	3540	3590	38151	6420	6470
HIST_232	1	2	47502	2370	2445	47502	5250	5325
HIST_233	1	2	34253	2010	2085	34253	4890	4965
HIST_234	2	2	30599	2100	2175	30599	4980	5055
HIST_234	2	2	40949	2190	2265	40949	5070	5145
HIST_235	1	2	39252	570	645	39252	3450	3525
HIST_236	1	2	36938	2370	2445	36938	5250	5325
HIST_237	1	2	31204	570	645	31204	3450	3525
HIST_239	1	1	39874	2280	2355
HIST_240	1	1	48346	2100	2175
HIST_241	1	2	32959	720	770	32959	3600	3650
HIST_242	1	2	36951	720	770	36951	3600	3650
HIST_243	1	2	42088	2370	2445	42088	5250	5325
HIST_245	1	1	43316	2100	2175
HIST_246	1	1	42013	2100	2175
HIST_247	1	2	21119	570	645	21119	3450	3525
HIST_248	1	2	43305	2100	2175	43305	4980	5055
HIST_249	2	1	42070	2190	2265
HIST_249	2	1	45261	900	975
HIST_253	1	2	31205	540	590	31205	3420	3470
HIST_257	1	2	48796	2010	2085	48796	4890	4965
HIST_258	1	2	32960	2100	2175	32960	4980	5055
HIST_259	1	2	32967	600	650	32967	3480	3530
HIST_261	1	1	29669	2010	2085
HIST_264	1	3	42268	600	650	42268	3480	3530	42268	6360	6410
HIST_267	3	1	40854	2100	2175
HIST_267	3	1	44935	2190	2265
HIST_267	3	1	48327	5070	5145
HIST_268	1	3	42274	600	650	42274	3480	3530	42274	6360	6410
HIST_271	1	2	41206	600	650	41206	3480	3530
HIST_272	1	1	40860	570	645
HIST_275	1	1	26359	2100	2175
HIST_277	1	1	43319	990	1065
HIST_278	2	2	38168	900	950	38168	3780	3830
HIST_278	2	1	41219	2370	2445
HIST_281	4	1	33847	2370	2520
HIST_281	4	2	38505	2190	2265	38505	5070	5145
HIST_281	4	2	38506	900	975	38506	3780	3855
HIST_281	4	2	44443	2100	2175	44443	4980	5055
HIST_282	1	3	44873	660	710	44873	3540	3590	44873	6420	6470
HIST_285	1	2	26762	2460	2535	26762	5340	5415
HIST_288	1	2	39187	2190	2265	39187	5070	5145
HIST_289	1	1	43321	2190	2265
HIST_290	1	2	36350	2100	2175	36350	4980	5055
HIST_292	2	2	24686	570	645	24686	3450	3525
HIST_292	2	2	28162	2370	2445	28162	5250	5325
HIST_296	1	2	48353	2010	2085	48353	4890	4965
HIST_300	5	2	11346	2010	2085	11346	4890	4965
HIST_300	5	3	11347	660	710	11347	3540	3590	11347	6420	6470
HIST_300	5	2	15412	570	645	15412	3450	3525
HIST_300	5	2	15413	2100	2175	15413	4980	5055
HIST_300	5	3	33090	780	830	33090	3660	3710	33090	6540	6590
HIST_400	1	1	42015	3780	3930
HIST_403	1	1	36367	5250	5400
HIST_405	2	3	33630	840	890	33630	3720	3770	33630	6600	6650
HIST_405	2	1	44694	2370	2520
HIST_407	1	3	36561	720	770	36561	3600	3650	36561	6480	6530
HIST_408	1	1	36565	2370	2520
HIST_409	1	2	35488	2010	2085	35488	4890	4965
HIST_410	1	1	29682	900	1050
HIST_418	1	2	33397	2370	2445	33397	5250	5325
HIST_421	1	2	11315	2010	2085	11315	4890	4965
HIST_424	1	1	33180	900	1050
HIST_433	2	1	29684	2370	2535
HIST_433	2	1	32935	2370	2520
HIST_435	1	1	33500	3960	4110
HIST_437	1	2	40886	2010	2085	40886	4890	4965
HIST_438	1	2	35567	2370	2445	35567	5250	5325
HIST_440	3	2	36659	2100	2175	36659	4980	5055
HIST_440	3	1	37484	2370	2520
HIST_440	3	1	49006	900	1050
HIST_441	1	1	34395	900	1070
HIST_453	1	2	31214	2190	2265	31214	5070	5145
HIST_454	2	1	31216	3900	4070
HIST_454	2	1	34256	2370	2520
HIST_461	3	2	32657	2100	2175	32657	4980	5055
HIST_461	3	2	32965	2370	2445	32965	5250	5325
HIST_461	3	2	33086	990	1065	33086	3870	3945
HIST_462	1	2	39254	2010	2085	39254	4890	4965
HIST_465	1	2	47039	990	1065	47039	3870	3945
HIST_473	2	1	36225	2340	2505
HIST_473	2	2	40933	2370	2445	40933	5250	5325
HIST_475	1	1	11262	3840	3950
HIST_477	2	1	32556	3960	4110
HIST_477	2	2	36577	2280	2355	36577	5160	5235
HIST_481	4	2	20360	900	975	20360	3780	3855
HIST_481	4	1	29706	2370	2535
HIST_481	4	2	40193	2280	2355	40193	5160	5235
HIST_481	4	2	42266	2370	2445	42266	5250	5325
HIST_482	1	1	39260	2370	2505
HIST_484	1	2	32974	2460	2535	32974	5340	5415
HIST_485	1	2	24495	2280	2355	24495	5160	5235
HIST_489	1	1	39479	900	1050
HIST_492	2	2	32971	2370	2445	32971	5250	5325
HIST_492	2	2	49278	2010	2085	49278	4890	4965
HIST_494	1	1	49133	900	1050
HIST_495	1	2	32976	2100	2175	32976	4980	5055
HIST_496	2	2	39262	2280	2355	39262	5160	5235
HIST_496	2	1	39471	900	1065
HIST_497	2	2	29711	2280	2355	29711	5160	5235
HIST_497	2	1	34258	5250	5400
HIST_499	1	1	41125	2340	2490
