HIS__124	1	3	14318	600	650	14318	3480	3530	14318	6360	6410
HIS__153	1	2	15638	2040	2115	15638	4920	4995
HIS__161	1	2	15097	2280	2355	15097	5160	5235
HIS__204	1	2	14111	840	915	14111	3720	3795
HIS__212	1	2	14766	2400	2475	14766	5280	5355
HIS__301	1	2	11898	2280	2355	11898	5160	5235
HIS__305	1	2	14626	2160	2260	14626	5040	5140
HIS__325	1	1	14385	5040	5140
HIS__411	1	2	15031	840	940	15031	3720	3820
HIS__448	1	2	15523	600	700	15523	3480	3580
HIS__486	1	2	15525	2040	2140	15525	4920	5020
HIS__501	1	1	10682	1080	1230
HIS__503	1	1	12986	1080	1230
HIS__507	1	1	10683	5400	5550
HIS__510	2	1	10684	3960	4110
HIS__510	2	1	10454	3960	4110
HIS__515	1	1	14567	2520	2670
HIS__176	1	2	13893	600	675	13893	3480	3555
HIS__202	1	2	12170	2400	2475	12170	5280	5355
HIS__304	1	2	15044	2400	2475	15044	5280	5355
HIS__401	1	2	12246	600	675	12246	3480	3555
HIS__422	1	2	15371	2160	2260	15371	5040	5140
HIS__462	1	1	10451	3720	3930
HIS__479	1	2	14065	2040	2140	14065	4920	5020
HIS__502	1	1	10453	2520	2670
HIS__511	1	1	14980	5400	5550
