HON__101	fall	13	1	13631	2010	2085
HON__101	fall	13	1	13637	2100	2175
HON__101	fall	13	1	13639	2190	2265
HON__101	fall	13	1	13643	2280	2355
HON__101	fall	13	1	13644	6600	6675
HON__101	fall	13	1	13651	6510	6585
HON__101	fall	13	1	25910	4890	4965
HON__101	fall	13	1	25911	4980	5055
HON__101	fall	13	1	29281	5070	5145
HON__101	fall	13	1	29282	5160	5235
HON__101	fall	13	1	33973	5250	5325
HON__101	fall	13	1	36623	6330	6405
HON__101	fall	13	1	36624	6420	6495
HON__120	fall	2	2	42586	570	645	42586	3450	3525
HON__120	fall	2	2	44945	2280	2355	44945	5160	5235
HON__120	spring	3	2	26283	570	645	26283	3450	3525
HON__120	spring	3	2	41759	900	975	41759	3780	3855
HON__120	spring	3	2	47326	570	645	47326	3450	3525
HON__121	fall	5	2	27313	2370	2445	27313	5250	5325
HON__121	fall	5	3	27314	660	710	27314	3540	3590	27314	6420	6470
HON__121	fall	5	2	29782	2370	2445	29782	5250	5325
HON__121	fall	5	2	30637	900	975	30637	3780	3855
HON__121	fall	5	2	41721	2460	2535	41721	5340	5415
HON__121	spring	4	2	26285	900	975	26285	3780	3855
HON__121	spring	4	2	28662	2280	2355	28662	5160	5235
HON__121	spring	4	3	41762	540	590	41762	3420	3470	41762	6300	6350
HON__121	spring	4	2	42078	2190	2265	42078	5070	5145
HON__122	fall	2	1	41442	3780	3855
HON__122	fall	2	2	45171	1080	1155	45171	3960	4035
HON__122	spring	2	1	26286	3780	3855
HON__122	spring	2	2	30422	2460	2535	30422	5340	5415
HON__123	fall	1	2	27315	2100	2175	27315	4980	5055
HON__123	spring	2	2	26287	570	645	26287	3450	3525
HON__123	spring	2	2	26350	2190	2265	26350	5070	5145
HON__124	fall	3	2	29632	2100	2175	29632	4980	5055
HON__124	fall	3	2	29633	2190	2265	29633	5070	5145
HON__124	fall	3	2	32596	2280	2355	32596	5160	5235
HON__124	spring	2	2	26288	570	645	26288	3450	3525
HON__124	spring	2	2	30898	2100	2175	30898	4980	5055
HON__125	fall	3	2	37884	2460	2535	37884	5340	5415
HON__125	fall	3	2	42168	2280	2355	42168	5160	5235
HON__125	fall	3	3	46887	1020	1070	46887	3900	3950	46887	6780	6830
HON__125	spring	1	2	31448	2280	2355	31448	5160	5235
HON__126	fall	1	2	43649	570	645	43649	3450	3525
HON__127	fall	3	2	28104	570	645	28104	3450	3525
HON__127	fall	3	2	40232	2280	2355	40232	5160	5235
HON__127	fall	3	2	43657	570	645	43657	3450	3525
HON__127	spring	3	2	28669	900	975	28669	3780	3855
HON__127	spring	3	2	34631	2100	2175	34631	4980	5055
HON__127	spring	3	2	34632	990	1065	34632	3870	3945
HON__128	fall	1	2	36639	2010	2085	36639	4890	4965
HON__128	spring	1	2	26289	2010	2085	26289	4890	4965
HON__129	fall	1	2	27318	2190	2265	27318	5070	5145
HON__130	fall	1	2	29634	1920	1995	29634	4800	4875
HON__131	fall	1	3	34822	540	590	34822	3420	3470	34822	6300	6350
HON__131	spring	1	2	39337	480	555	39337	3360	3435
HON__133	fall	1	2	42169	480	555	42169	3360	3435
HON__134	fall	1	2	29076	2280	2355	29076	5160	5235
HON__134	spring	2	2	28670	570	645	28670	3450	3525
HON__134	spring	2	2	30227	2190	2265	30227	5070	5145
HON__140	fall	2	2	27370	2370	2445	27370	5250	5325
HON__140	fall	2	2	38316	2010	2085	38316	4890	4965
HON__140	spring	1	2	42302	990	1065	42302	3870	3945
HON__141	fall	1	2	49952	2010	2085	49952	4890	4965
HON__141	spring	1	2	44417	570	645	44417	3450	3525
HON__142	fall	2	3	36683	540	590	36683	3420	3470	36683	6300	6350
HON__142	fall	2	2	43640	2280	2355	43640	5160	5235
HON__142	spring	2	2	38373	2370	2445	38373	5250	5325
HON__142	spring	2	3	38534	720	770	38534	3600	3650	38534	6480	6530
HON__145	fall	1	2	36364	2190	2265	36364	5070	5145
HON__200	fall	2	1	13679	780	830
HON__200	fall	2	1	43164	6540	6590
HON__200	spring	4	1	28671	840	890
HON__200	spring	4	1	46000	2280	2355
HON__200	spring	4	1	46028	6540	6590
HON__200	spring	4	1	46029	840	890
HON__201	fall	24	1	13684	840	890
HON__201	fall	24	1	13759	3540	3590
HON__201	fall	24	1	13762	6480	6530
HON__201	fall	24	1	13763	6720	6770
HON__201	fall	24	1	13764	3720	3770
HON__201	fall	24	1	13765	720	770
HON__201	fall	24	1	13766	900	950
HON__201	fall	24	1	13767	3540	3590
HON__201	fall	24	1	13768	3900	3950
HON__201	fall	24	1	19300	3600	3650
HON__201	fall	24	1	21142	3930	4020
HON__201	fall	24	1	21199	3660	3710
HON__201	fall	24	1	27320	6540	6590
HON__201	fall	24	1	27560	3780	3830
HON__201	fall	24	1	32758	600	650
HON__201	fall	24	1	41094	660	710
HON__201	fall	24	1	41136	1020	1070
HON__201	fall	24	1	41137	3480	3530
HON__201	fall	24	1	41138	3600	3675
HON__201	fall	24	1	41139	840	890
HON__201	fall	24	1	41140	570	645
HON__201	fall	24	1	41141	6420	6470
HON__201	fall	24	1	41499	3720	3770
HON__201	fall	24	1	45576	6600	6650
HON__201	spring	21	1	15057	3540	3590
HON__201	spring	21	1	15058	2280	2330
HON__201	spring	21	1	15059	3420	3470
HON__201	spring	21	1	15060	660	710
HON__201	spring	21	1	15061	6420	6470
HON__201	spring	21	1	15063	3930	4020
HON__201	spring	21	1	15065	600	650
HON__201	spring	21	1	15066	3660	3710
HON__201	spring	21	1	15068	6600	6675
HON__201	spring	21	1	15070	2340	2390
HON__201	spring	21	1	20216	3720	3770
HON__201	spring	21	1	21944	3600	3650
HON__201	spring	21	1	24050	2040	2090
HON__201	spring	21	1	24051	6240	6290
HON__201	spring	21	1	27164	3540	3590
HON__201	spring	21	1	27165	720	770
HON__201	spring	21	1	27242	6480	6530
HON__201	spring	21	1	41135	3780	3830
HON__201	spring	21	1	42079	780	830
HON__201	spring	21	1	42080	3720	3770
HON__201	spring	21	1	42105	3480	3530
HON__222	fall	1	1	13772	0	0
HON__222	spring	1	1	20217	0	0
HON__225	fall	1	1	13774	0	0
HON__225	spring	1	1	15074	0	0
HON__301	fall	6	1	40483	600	650
HON__301	fall	6	1	40484	6360	6410
HON__301	fall	6	1	40485	2100	2150
HON__301	fall	6	1	40487	3480	3530
HON__301	fall	6	1	40488	2340	2390
HON__301	fall	6	1	42585	1080	1130
HON__301	spring	5	1	39346	660	710
HON__301	spring	5	1	39347	3660	3710
HON__301	spring	5	1	39351	900	950
HON__301	spring	5	1	41764	3840	3890
HON__301	spring	5	1	42895	1080	1130
HON__322	fall	1	1	29074	0	0
HON__322	spring	1	1	28672	0	0
HON__401	fall	2	2	24779	2010	2085	24779	4890	4965
HON__401	fall	2	2	41118	2370	2445	41118	5250	5325
