SOC__100	fall	4	2	13934	600	650	13934	3480	3530
SOC__100	fall	4	3	38994	900	950	38994	3780	3830	38994	6660	6710
SOC__100	fall	4	2	46153	1020	1070	46153	3900	3950
SOC__100	fall	4	2	46155	1920	1995	46155	4800	4875
SOC__100	spring	1	2	16134	600	650	16134	3480	3530
SOC__105	fall	4	2	28143	2460	2535	28143	5340	5415
SOC__105	fall	4	2	28144	2370	2445	28144	5250	5325
SOC__105	fall	4	2	32293	2460	2535	32293	5340	5415
SOC__105	fall	4	3	38412	780	830	38412	3660	3710	38412	6540	6590
SOC__105	spring	2	2	26714	990	1065	26714	3870	3945
SOC__105	spring	2	2	39785	1920	1995	39785	4800	4875
SOC__120	fall	2	2	40270	840	890	40270	3720	3770
SOC__120	fall	2	1	46849	2280	2355
SOC__120	spring	1	2	39130	840	890	39130	3720	3770
SOC__201	fall	2	2	13945	2010	2085	13945	4890	4965
SOC__201	fall	2	2	13946	990	1065	13946	3870	3945
SOC__201	spring	1	2	16143	570	645	16143	3450	3525
SOC__207	fall	1	2	47091	2280	2355	47091	5160	5235
SOC__212	fall	1	3	29552	480	530	29552	3360	3410	29552	6240	6290
SOC__212	spring	1	2	47026	1920	1995	47026	4800	4875
SOC__215	fall	1	2	30031	2190	2265	30031	5070	5145
SOC__215	spring	1	2	30126	2190	2265	30126	5070	5145
SOC__224	fall	1	2	13953	1920	1995	13953	4800	4875
SOC__224	spring	1	2	29685	2010	2085	29685	4890	4965
SOC__225	fall	1	2	24126	2100	2175	24126	4980	5055
SOC__225	spring	1	2	27602	2280	2355	27602	5160	5235
SOC__226	fall	1	1	36579	2010	2085
SOC__229	fall	1	2	34471	2100	2175	34471	4980	5055
SOC__229	spring	1	2	28546	2370	2445	28546	5250	5325
SOC__231	fall	2	1	13959	2100	2175
SOC__231	fall	2	2	40177	840	890	40177	3720	3770
SOC__231	spring	1	2	33391	840	890	33391	3720	3770
SOC__241	fall	1	2	37102	570	645	37102	3450	3525
SOC__241	spring	1	2	33286	2190	2265	33286	5070	5145
SOC__244	fall	1	2	26275	2370	2445	26275	5250	5325
SOC__244	spring	1	2	28547	900	975	28547	3780	3855
SOC__245	fall	1	3	36675	840	890	36675	3720	3770	36675	6600	6650
SOC__245	spring	1	1	34272	6480	6645
SOC__246	fall	1	2	41092	600	650	41092	3480	3530
SOC__251	fall	2	3	31720	660	710	31720	3540	3590	31720	6420	6470
SOC__251	fall	2	2	48298	2010	2085	48298	4890	4965
SOC__251	spring	1	2	28548	2100	2175	28548	4980	5055
SOC__258	fall	2	2	33567	2280	2355	33567	5160	5235
SOC__258	fall	2	2	38538	2280	2355	38538	5160	5235
SOC__258	spring	1	2	34698	2280	2355	34698	5160	5235
SOC__265	fall	1	2	37302	900	975	37302	3780	3855
SOC__265	spring	1	2	36888	570	645	36888	3450	3525
SOC__271	fall	2	2	28958	2010	2085	28958	4890	4965
SOC__271	fall	2	2	47087	2100	2175	47087	4980	5055
SOC__271	spring	1	2	42169	480	555	42169	3360	3435
SOC__276	fall	1	3	41093	660	710	41093	3540	3590	41093	6420	6470
SOC__280	spring	1	1	47520	2010	2085
SOC__290	fall	1	1	48365	600	710
SOC__290	spring	1	1	42180	660	770
SOC__300	fall	2	2	27022	2280	2355	27022	5160	5235
SOC__300	fall	2	2	31723	900	975	31723	3780	3855
SOC__300	spring	1	2	27106	2280	2355	27106	5160	5235
SOC__385	fall	1	2	38668	840	890	38668	3720	3770
SOC__385	spring	1	2	38011	840	890	38011	3720	3770
SOC__401	fall	1	1	13964	2280	2445
SOC__402	spring	1	1	16151	3420	3585
SOC__405	fall	2	1	38311	4860	5030
SOC__405	fall	2	1	38312	2280	2445
SOC__405	spring	1	1	45045	5160	5325
SOC__409	fall	1	2	48703	2280	2355	48703	5160	5235
SOC__424	fall	4	1	33448	5250	5415
SOC__424	fall	4	1	33454	5250	5415
SOC__424	fall	4	2	35028	480	555	35028	3360	3435
SOC__424	fall	4	2	35029	480	555	35029	3360	3435
SOC__424	spring	2	2	31350	2100	2175	31350	4980	5055
SOC__424	spring	2	2	31952	2100	2175	31952	4980	5055
SOC__425	fall	4	3	32395	840	890	32395	3720	3770	32395	6600	6650
SOC__425	fall	4	3	32396	840	890	32396	3720	3770	32396	6600	6650
SOC__425	fall	4	1	42281	2370	2505
SOC__425	fall	4	1	42282	2370	2505
SOC__425	spring	2	1	40513	2370	2535
SOC__425	spring	2	1	40514	2370	2535
SOC__426	fall	6	1	35021	900	1035
SOC__426	fall	6	1	35022	900	1035
SOC__426	fall	6	2	35389	570	645	35389	3450	3525
SOC__426	fall	6	2	35390	570	645	35390	3450	3525
SOC__426	fall	6	3	35589	660	710	35589	3540	3590	35589	6420	6470
SOC__426	fall	6	3	35593	660	710	35593	3540	3590	35593	6420	6470
SOC__426	spring	2	2	40871	2280	2355	40871	5160	5235
SOC__426	spring	2	2	40880	2280	2355	40880	5160	5235
SOC__428	fall	2	1	31734	960	1125
SOC__428	fall	2	1	32076	960	1125
SOC__433	fall	2	2	36354	2280	2355	36354	5160	5235
SOC__433	fall	2	2	36355	2280	2355	36355	5160	5235
SOC__433	spring	2	1	39924	900	1050
SOC__433	spring	2	1	39925	900	1050
SOC__440	fall	6	2	33449	2190	2265	33449	5070	5145
SOC__440	fall	6	2	33457	2190	2265	33457	5070	5145
SOC__440	fall	6	1	35594	2280	2445
SOC__440	fall	6	1	35595	2280	2445
SOC__440	fall	6	2	37407	2370	2445	37407	5250	5325
SOC__440	fall	6	2	37529	2370	2445	37529	5250	5325
SOC__440	spring	2	2	42446	2100	2175	42446	4980	5055
SOC__440	spring	2	2	42447	2100	2175	42447	4980	5055
SOC__441	fall	2	2	30050	2190	2265	30050	5070	5145
SOC__441	fall	2	2	30332	2190	2265	30332	5070	5145
SOC__445	fall	2	2	35596	570	645	35596	3450	3525
SOC__445	fall	2	2	35597	570	645	35597	3450	3525
SOC__447	fall	2	2	31736	2190	2265	31736	5070	5145
SOC__447	fall	2	2	32081	2190	2265	32081	5070	5145
SOC__447	spring	2	2	28550	2280	2355	28550	5160	5235
SOC__447	spring	2	2	28812	2280	2355	28812	5160	5235
SOC__451	fall	2	2	44865	570	645	44865	3450	3525
SOC__451	fall	2	2	44928	570	645	44928	3450	3525
SOC__451	spring	2	2	26719	2280	2355	26719	5160	5235
SOC__451	spring	2	2	26751	2280	2355	26751	5160	5235
SOC__455	fall	2	2	33450	570	645	33450	3450	3525
SOC__455	fall	2	2	33458	570	645	33458	3450	3525
SOC__465	fall	2	2	37103	900	975	37103	3780	3855
SOC__465	fall	2	2	37441	900	975	37441	3780	3855
SOC__465	spring	2	2	34274	900	975	34274	3780	3855
SOC__465	spring	2	2	47075	900	975	47075	3780	3855
SOC__476	fall	2	2	35019	900	975	35019	3780	3855
SOC__476	fall	2	2	35020	900	975	35020	3780	3855
SOC__476	spring	2	2	30129	570	645	30129	3450	3525
SOC__476	spring	2	2	30238	570	645	30238	3450	3525
SOC__487	fall	2	1	49601	600	735
SOC__487	fall	2	1	49602	600	735
SOC__490	fall	3	1	30750	3480	3590
SOC__490	fall	3	1	35601	2370	2445
SOC__490	fall	3	1	37562	3480	3590
SOC__490	spring	1	1	26755	3480	3590
SOC__500	fall	1	1	31740	600	765
SOC__501	spring	1	1	25010	780	945
SOC__502	fall	1	1	48736	3420	3585
SOC__503	spring	1	1	47073	1920	2085
SOC__509	fall	2	1	32294	2280	2445
SOC__509	fall	2	1	34596	4890	5055
SOC__515	fall	1	1	46075	570	735
SOC__520	fall	5	1	33804	4860	5030
SOC__520	fall	5	1	42284	840	1005
SOC__520	fall	5	1	42287	4890	5060
SOC__520	fall	5	1	46636	570	735
SOC__520	fall	5	1	48561	840	1005
SOC__520	spring	1	1	46424	4890	5055
SOC__524	fall	1	1	47105	3840	4005
SOC__528	fall	1	1	33724	3660	3825
SOC__540	fall	2	1	31752	5340	5505
SOC__540	fall	2	1	39023	2280	2445
SOC__541	fall	1	1	32594	5160	5325
SOC__542	fall	1	1	43415	2280	2445
SOC__543	fall	1	1	49463	3990	4140
SOC__547	fall	2	1	38300	5160	5325
SOC__547	fall	2	1	38413	780	945
SOC__547	spring	1	1	30131	2010	2175
SOC__549	fall	2	1	42212	5160	5325
SOC__549	fall	2	1	42289	5160	5325
SOC__549	spring	1	1	47076	900	1065
SOC__565	spring	1	1	38274	3720	3885
SOC__585	fall	1	1	26295	3720	3885
SOC__587	spring	1	1	30132	3420	3585
SOC__593	fall	2	1	31750	660	770
SOC__593	fall	2	1	35364	660	770
SOC__593	spring	1	1	36236	3780	3945
