US___100	1	2	44454	720	770	44454	3600	3650
US___101	1	1	38685	2370	2445
US___202	2	1	38170	2010	2085
US___202	2	1	38688	2190	2265
US___205	1	1	42335	990	1065
US___220	1	2	48754	2190	2265	48754	5070	5145
US___230	1	1	43217	2100	2175
US___240	1	1	42952	2010	2085
US___250	1	2	42134	2460	2535	42134	5340	5415
US___261	1	2	46383	2280	2355	46383	5160	5235
US___296	2	1	45630	3900	4065
US___296	2	1	48731	5280	5450
US___301	1	1	45013	2190	2265
US___304	1	1	45015	2460	2535
US___306	1	2	39520	900	975	39520	3780	3855
US___361	2	2	39805	2370	2445	39805	5250	5325
US___361	2	2	45328	2280	2355	45328	5160	5235
US___390	2	2	39943	2280	2355	39943	5160	5235
US___390	2	2	49535	2100	2175	49535	4980	5055
US___495	1	1	39529	3600	3675
