PHIL___100	5	2	15653	660	710	15653	3540	3590
PHIL___100	5	2	23231	600	650	23231	3480	3530
PHIL___100	5	1	27478	2460	2535
PHIL___100	5	1	36346	1050	1139
PHIL___100	5	1	36348	5370	5459
PHIL___101	1	2	36165	660	710	36165	3540	3590
PHIL___102	3	2	12896	720	770	12896	3600	3650
PHIL___102	3	1	21251	2490	2570
PHIL___102	3	2	26074	600	650	26074	3480	3530
PHIL___103	2	1	24096	990	1065
PHIL___103	2	2	27657	780	830	27657	3660	3710
PHIL___104	1	2	26711	780	830	26711	3660	3710
PHIL___105	1	1	36977	2370	2445
PHIL___106	1	2	38255	2160	2210	38255	5040	5090
PHIL___107	1	2	36979	600	650	36979	3480	3530
PHIL___108	1	2	39759	2100	2150	39759	4980	5030
PHIL___109	1	2	46011	720	770	46011	3600	3650
PHIL___110	2	2	29881	780	830	29881	3660	3710
PHIL___110	2	2	34415	660	710	34415	3540	3590
PHIL___111	2	2	46014	2010	2060	46014	4890	4940
PHIL___111	2	2	46740	660	710	46740	3540	3590
PHIL___112	1	1	38260	990	1065
PHIL___113	1	2	49123	720	770	49123	3600	3650
PHIL___115	1	2	36966	600	650	36966	3480	3530
PHIL___116	2	1	35531	1920	1995
PHIL___116	2	1	39266	1920	1995
PHIL___131	2	2	47160	660	710	47160	3540	3590
PHIL___131	2	2	48704	660	710	48704	3540	3590
PHIL___184	1	1	35832	3840	3890
PHIL___201	3	2	33314	780	830	33314	3660	3710
PHIL___201	3	1	34534	900	975
PHIL___201	3	1	45413	2280	2355
PHIL___202	2	2	23132	540	590	23132	3420	3470
PHIL___202	2	2	25435	540	590	25435	3420	3470
PHIL___203	2	1	35768	2370	2445
PHIL___203	2	1	39281	2370	2445
PHIL___204	2	2	27914	2100	2150	27914	4980	5030
PHIL___204	2	1	28708	900	975
PHIL___206	1	1	36601	2190	2265
PHIL___211	1	1	42099	2280	2355
PHIL___220	2	1	30776	2280	2355
PHIL___220	2	1	41562	2010	2085
PHIL___223	1	1	13032	570	645
PHIL___224	1	1	25439	2100	2175
PHIL___225	1	1	36988	2100	2175
PHIL___226	1	1	38277	2370	2445
PHIL___227	1	1	45411	900	975
PHIL___230	3	1	28701	570	645
PHIL___230	3	1	29898	990	1065
PHIL___230	3	1	49504	570	645
PHIL___232	1	1	42101	990	1065
PHIL___234	1	1	31647	4980	5030
PHIL___241	1	1	40802	2370	2445
PHIL___300	1	2	30323	570	645	30323	3450	3525
PHIL___402	3	1	36356	5250	5400
PHIL___402	3	1	36357	5250	5400
PHIL___402	3	1	36990	2370	2520
PHIL___403	4	1	34428	780	930
PHIL___403	4	1	34783	780	930
PHIL___403	4	1	40808	2370	2520
PHIL___403	4	1	40809	2370	2520
PHIL___404	5	2	39247	2190	2265	39247	5070	5145
PHIL___404	5	2	39248	2190	2265	39248	5070	5145
PHIL___404	5	1	40815	2370	2420
PHIL___404	5	1	40816	2370	2420
PHIL___404	5	1	40817	6600	6650
PHIL___406	2	2	42103	2280	2355	42103	5160	5235
PHIL___406	2	2	42104	2280	2355	42104	5160	5235
PHIL___410	4	3	31651	600	650	31651	3480	3530	31651	6360	6410
PHIL___410	4	3	32088	600	650	32088	3480	3530	32088	6360	6410
PHIL___410	4	2	36819	2190	2265	36819	5070	5145
PHIL___410	4	2	36822	2190	2265	36822	5070	5145
PHIL___422	2	1	37137	2190	2265
PHIL___422	2	1	37362	2190	2265
PHIL___423	2	2	36991	570	645	36991	3450	3525
PHIL___423	2	2	37139	570	645	37139	3450	3525
PHIL___424	2	1	35534	5250	5400
PHIL___424	2	1	35894	5250	5400
PHIL___426	2	2	35535	2190	2265	35535	5070	5145
PHIL___426	2	2	35896	2190	2265	35896	5070	5145
PHIL___427	2	2	39249	570	645	39249	3450	3525
PHIL___427	2	2	39250	570	645	39250	3450	3525
PHIL___428	2	2	40810	2190	2265	40810	5070	5145
PHIL___428	2	2	40811	2190	2265	40811	5070	5145
PHIL___429	4	2	36823	2190	2265	36823	5070	5145
PHIL___429	4	2	36824	2190	2265	36824	5070	5145
PHIL___429	4	2	42525	2280	2355	42525	5160	5235
PHIL___429	4	2	42526	2010	2085	42526	4890	4965
PHIL___432	4	1	33609	2370	2520
PHIL___432	4	1	33610	2370	2520
PHIL___432	4	1	35774	2370	2520
PHIL___432	4	1	35775	2370	2520
PHIL___433	2	1	47015	2370	2520
PHIL___433	2	1	47029	2370	2520
PHIL___484	1	3	24005	780	830	24005	3660	3710	24005	6540	6590
PHIL___485	1	2	26627	2010	2085	26627	4890	4965
PHIL___504	1	1	33364	3840	3990
PHIL___528	3	1	33323	2370	2520
PHIL___528	3	1	36995	2190	2340
PHIL___528	3	1	48167	2370	2520
PHIL___562	1	3	38734	780	830	38734	3660	3710	38734	6540	6590
PHIL___591	1	2	37494	480	555	37494	3360	3435
