PHIL_100	fall	4	2	23231	600	650	23231	3480	3530
PHIL_100	fall	4	1	27478	2460	2535
PHIL_100	fall	4	1	36346	1050	1139
PHIL_100	fall	4	1	36348	5370	5459
PHIL_100	spring	1	2	15653	660	710	15653	3540	3590
PHIL_101	fall	1	2	36165	660	710	36165	3540	3590
PHIL_101	spring	1	2	35776	660	710	35776	3540	3590
PHIL_102	fall	2	2	12896	720	770	12896	3600	3650
PHIL_102	fall	2	1	21251	2490	2570
PHIL_102	spring	1	2	26074	600	650	26074	3480	3530
PHIL_103	fall	2	1	24096	990	1065
PHIL_103	fall	2	2	27657	780	830	27657	3660	3710
PHIL_103	spring	1	2	29111	660	710	29111	3540	3590
PHIL_104	fall	1	2	26711	780	830	26711	3660	3710
PHIL_105	fall	1	1	36977	2370	2445
PHIL_106	fall	1	2	38255	2160	2210	38255	5040	5090
PHIL_107	fall	1	2	36979	600	650	36979	3480	3530
PHIL_107	spring	1	2	33309	840	890	33309	3720	3770
PHIL_108	fall	1	2	39759	2100	2150	39759	4980	5030
PHIL_108	spring	1	2	39259	720	770	39259	3600	3650
PHIL_109	fall	1	2	46011	720	770	46011	3600	3650
PHIL_109	spring	1	2	47157	2280	2330	47157	5160	5210
PHIL_110	fall	1	2	29881	780	830	29881	3660	3710
PHIL_110	spring	1	2	34415	660	710	34415	3540	3590
PHIL_111	fall	2	2	46014	2010	2060	46014	4890	4940
PHIL_111	fall	2	2	46740	660	710	46740	3540	3590
PHIL_112	fall	1	1	38260	990	1065
PHIL_113	fall	1	2	49123	720	770	49123	3600	3650
PHIL_115	fall	1	2	36966	600	650	36966	3480	3530
PHIL_115	spring	1	2	28711	660	710	28711	3540	3590
PHIL_116	fall	1	1	35531	1920	1995
PHIL_116	spring	1	1	39266	1920	1995
PHIL_131	fall	1	2	48704	660	710	48704	3540	3590
PHIL_131	spring	1	2	47160	660	710	47160	3540	3590
PHIL_184	fall	1	1	35832	3840	3890
PHIL_201	fall	2	1	34534	900	975
PHIL_201	fall	2	1	45413	2280	2355
PHIL_201	spring	1	2	33314	780	830	33314	3660	3710
PHIL_202	fall	1	2	23132	540	590	23132	3420	3470
PHIL_202	spring	1	2	25435	540	590	25435	3420	3470
PHIL_203	fall	1	1	39281	2370	2445
PHIL_203	spring	1	1	35768	2370	2445
PHIL_204	fall	1	2	27914	2100	2150	27914	4980	5030
PHIL_204	spring	1	1	28708	900	975
PHIL_206	fall	1	1	36601	2190	2265
PHIL_211	fall	1	1	42099	2280	2355
PHIL_220	fall	1	1	30776	2280	2355
PHIL_220	spring	1	1	41562	2010	2085
PHIL_221	spring	1	1	30013	2100	2175
PHIL_222	spring	1	2	46720	990	1065	46720	3870	3945
PHIL_223	fall	1	1	13032	570	645
PHIL_224	spring	1	1	25439	2100	2175
PHIL_225	fall	1	1	36988	2100	2175
PHIL_226	fall	1	1	38277	2370	2445
PHIL_227	fall	1	1	45411	900	975
PHIL_227	spring	1	1	33316	2190	2265
PHIL_230	fall	2	1	29898	990	1065
PHIL_230	fall	2	1	49504	570	645
PHIL_230	spring	1	1	28701	570	645
PHIL_232	fall	1	1	42101	990	1065
PHIL_232	spring	1	1	30017	2280	2355
PHIL_234	fall	1	1	31647	4980	5030
PHIL_241	fall	1	1	40802	2370	2445
PHIL_300	fall	1	2	30323	570	645	30323	3450	3525
PHIL_401	spring	2	1	40491	5250	5400
PHIL_401	spring	2	1	40493	5250	5400
PHIL_402	fall	3	1	36356	5250	5400
PHIL_402	fall	3	1	36357	5250	5400
PHIL_402	fall	3	1	36990	2370	2520
PHIL_403	fall	2	1	40808	2370	2520
PHIL_403	fall	2	1	40809	2370	2520
PHIL_403	spring	2	1	34428	780	930
PHIL_403	spring	2	1	34783	780	930
PHIL_404	fall	5	2	39247	2190	2265	39247	5070	5145
PHIL_404	fall	5	2	39248	2190	2265	39248	5070	5145
PHIL_404	fall	5	1	40815	2370	2420
PHIL_404	fall	5	1	40816	2370	2420
PHIL_404	fall	5	1	40817	6600	6650
PHIL_404	spring	2	2	35772	2100	2175	35772	4980	5055
PHIL_404	spring	2	2	35773	2100	2175	35773	4980	5055
PHIL_406	fall	2	2	42103	2280	2355	42103	5160	5235
PHIL_406	fall	2	2	42104	2280	2355	42104	5160	5235
PHIL_410	fall	2	3	31651	600	650	31651	3480	3530	31651	6360	6410
PHIL_410	fall	2	3	32088	600	650	32088	3480	3530	32088	6360	6410
PHIL_410	spring	2	2	36819	2190	2265	36819	5070	5145
PHIL_410	spring	2	2	36822	2190	2265	36822	5070	5145
PHIL_422	fall	2	1	37137	2190	2265
PHIL_422	fall	2	1	37362	2190	2265
PHIL_422	spring	2	1	33318	570	645
PHIL_422	spring	2	1	33393	570	645
PHIL_423	fall	2	2	36991	570	645	36991	3450	3525
PHIL_423	fall	2	2	37139	570	645	37139	3450	3525
PHIL_423	spring	2	2	36820	570	645	36820	3450	3525
PHIL_423	spring	2	2	36821	570	645	36821	3450	3525
PHIL_424	fall	2	1	35534	5250	5400
PHIL_424	fall	2	1	35894	5250	5400
PHIL_426	fall	2	2	35535	2190	2265	35535	5070	5145
PHIL_426	fall	2	2	35896	2190	2265	35896	5070	5145
PHIL_427	fall	2	2	39249	570	645	39249	3450	3525
PHIL_427	fall	2	2	39250	570	645	39250	3450	3525
PHIL_428	fall	2	2	40810	2190	2265	40810	5070	5145
PHIL_428	fall	2	2	40811	2190	2265	40811	5070	5145
PHIL_429	fall	2	2	42525	2280	2355	42525	5160	5235
PHIL_429	fall	2	2	42526	2010	2085	42526	4890	4965
PHIL_429	spring	2	2	36823	2190	2265	36823	5070	5145
PHIL_429	spring	2	2	36824	2190	2265	36824	5070	5145
PHIL_432	fall	2	1	33609	2370	2520
PHIL_432	fall	2	1	33610	2370	2520
PHIL_432	spring	2	1	35774	2370	2520
PHIL_432	spring	2	1	35775	2370	2520
PHIL_433	fall	2	1	47015	2370	2520
PHIL_433	fall	2	1	47029	2370	2520
PHIL_433	spring	2	1	36826	2370	2520
PHIL_433	spring	2	1	36828	2370	2520
PHIL_484	fall	1	3	24005	780	830	24005	3660	3710	24005	6540	6590
PHIL_485	spring	1	2	26627	2010	2085	26627	4890	4965
PHIL_504	fall	1	1	33364	3840	3990
PHIL_528	fall	2	1	36995	2190	2340
PHIL_528	fall	2	1	48167	2370	2520
PHIL_528	spring	1	1	33323	2370	2520
PHIL_562	fall	1	3	38734	780	830	38734	3660	3710	38734	6540	6590
PHIL_591	fall	1	2	37494	480	555	37494	3360	3435
