HN___100	2	2	47527	2100	2150	47527	4980	5030
HN___100	2	1	48693	3660	3770
HN___196	2	2	20662	2190	2265	20662	5070	5145
HN___196	2	2	26706	2190	2265	26706	5070	5145
HN___201	1	2	45179	2370	2445	45179	5250	5325
HN___296	1	2	30347	2370	2445	30347	5250	5325
HN___302	1	1	45178	6330	6495
HN___306	1	2	29327	2100	2180	29327	4980	5060
HN___307	2	1	26670	3780	3885
HN___307	2	1	49505	3780	3885
HN___308	1	2	12176	540	615	12176	3420	3495
HN___309	1	2	15193	2250	2325	15193	5130	5205
HN___311	1	2	12177	2100	2180	12177	4980	5060
HN___313	1	1	33451	660	840
HN___318	1	2	43303	630	705	43303	3510	3585
HN___320	1	2	12181	1980	2060	12181	4860	4940
HN___330	1	1	15194	3660	3800
HN___332	1	1	12187	2310	2440
HN___407	1	1	38333	780	885
HN___414	1	1	44468	600	720
HN___420	1	2	15198	510	590	15198	3390	3470
HN___423	1	1	42666	3480	3630
HN___425	1	1	45999	780	930
HN___440	2	2	30348	2010	2085	30348	4890	4965
HN___440	2	2	37609	2190	2270	37609	5070	5150
HN___502	1	1	48444	6540	6590
HN___503	1	1	33452	5370	5520
HN___510	1	1	37425	2460	2625
HN___555	1	1	40347	3900	3980
HN___560	1	1	34664	1020	1185
HN___594	9	1	41190	3900	4080
HN___594	9	1	44952	6660	6750
HN___594	9	1	44953	1020	1095
HN___594	9	1	45991	1020	1200
HN___594	9	1	47070	2460	2550
HN___594	9	1	47829	3900	4080
HN___594	9	1	48329	5370	5550
HN___594	9	1	49265	5370	5460
HN___594	9	1	49386	840	950
