COMM_100	9	3	36318	600	650	36318	3480	3530	36318	6360	6410
COMM_100	9	3	36321	960	1010	36321	3840	3890	36321	6720	6770
COMM_100	9	3	38964	660	710	38964	3540	3590	38964	6420	6470
COMM_100	9	3	40442	840	890	40442	3720	3770	40442	6600	6650
COMM_100	9	3	41693	780	830	41693	3660	3710	41693	6540	6590
COMM_100	9	3	45973	540	590	45973	3420	3470	45973	6300	6350
COMM_100	9	3	47109	480	530	47109	3360	3410	47109	6240	6290
COMM_100	9	3	48224	720	770	48224	3600	3650	48224	6480	6530
COMM_100	9	3	48225	900	950	48225	3780	3830	48225	6660	6710
COMM_101	4	2		660	710		3540	3590
COMM_101	4	1	14966	6420	6470
COMM_101	4	2	42797	570	645	42797	3450	3525
COMM_101	4	2	45680	1920	1995	45680	4800	4875
COMM_102	2	2	42799	2190	2265	42799	5070	5145
COMM_102	2	2	45681	2010	2085	45681	4890	4965
COMM_103	1	2	24487	2280	2355	24487	5160	5235
COMM_105	3	2		2190	2355		900	1065
COMM_105	3	1	37151	3780	3855
COMM_105	3	1	47083	5070	5145
COMM_140	2	2	26871	2190	2265	26871	5070	5145
COMM_140	2	2	46138	2010	2085	46138	4890	4965
COMM_203	1	2	49422	2100	2175	49422	4980	5055
COMM_204	3	2	30325	2280	2355	30325	5160	5235
COMM_204	3	2	34719	900	975	34719	3780	3855
COMM_204	3	2	48175	2100	2175	48175	4980	5055
COMM_205	2	3	45167	600	650	45167	3480	3530	45167	6360	6410
COMM_205	2	2	47457	2010	2085	47457	4890	4965
COMM_206	1	2	41518	960	1035	41518	3840	3915
COMM_207	2	2	34701	990	1065	34701	3870	3945
COMM_207	2	2	43451	840	890	43451	3720	3770
COMM_210	1	2	48080	2100	2175	48080	4980	5055
COMM_216	2	2	41520	2100	2175	41520	4980	5055
COMM_216	2	2	43764	2190	2265	43764	5070	5145
COMM_230	1	2	48315	2010	2085	48315	4890	4965
COMM_234	1	2	28138	570	645	28138	3450	3525
COMM_260	1	2	47446	750	825	47446	3630	3705
COMM_270	1	2	47268	2190	2265	47268	5070	5145
COMM_294	4	2	47269	2190	2265	47269	5070	5145
COMM_294	4	2	48291	570	645	48291	3450	3525
COMM_294	4	2	49113	2010	2085	49113	4890	4965
COMM_294	4	2	49513	2100	2175	49513	4980	5055
COMM_301	4	2	10544	2010	2085	10544	4890	4965
COMM_301	4	3	25669	780	830	25669	3660	3710	25669	6540	6590
COMM_301	4	3	27087	660	710	27087	3540	3590	27087	6420	6470
COMM_301	4	2	47447	570	645	47447	3450	3525
COMM_311	1	2	46084	2100	2175	46084	4980	5055
COMM_315	1	2	28139	2100	2175	28139	4980	5055
COMM_323	1	2	32343	2280	2355	32343	5160	5235
COMM_326	1	2	44926	2280	2355	44926	5160	5235
COMM_330	1	2	39394	2370	2445	39394	5250	5325
COMM_335	2	2	47447	660	735	47447	3540	3615
COMM_335	2	2	49127	600	660	49127	3480	3540
COMM_350	2	2	45974	2100	2175	45974	4980	5055
COMM_350	2	3	46051	840	900	46051	3720	3780	46051	6600	6660
COMM_360	1	2	49115	2280	2355	49115	5160	5235
COMM_394	3	2	37406	2190	2265	37406	5070	5145
COMM_394	3	2	47111	2010	2085	47111	4890	4965
COMM_394	3	2	47433	1920	1995	47433	4800	4875
COMM_410	1	1	47972	2370	2520
COMM_416	1	2	46496	2280	2355	46496	5160	5235
COMM_430	1	2	42744	2010	2085	42744	4890	4965
COMM_435	1	2	47112	2010	2085	47112	4890	4965
COMM_458	1	2	28960	2100	2175	28960	4980	5055
COMM_460	2	1	28140	5070	5145
COMM_460	2	2	31769	2370	2445	31769	5250	5325
COMM_465	1	2	46052	2190	2265	46052	5070	5145
COMM_470	1	2	48240	900	975	48240	3780	3855
COMM_490	2	2	10569	2100	2175	10569	4980	5055
COMM_490	2	1	46630	2280	2420
COMM_491	5	1	21228	660	795
COMM_491	5	1	42441	2280	2430
COMM_491	5	1	45988	5160	5295
COMM_491	5	2	47453	660	735	47453	3540	3615
COMM_491	5	2	48473	2010	2085	48473	4890	4965
COMM_494	5	1	32094	3780	3930
COMM_494	5	2	40158	2010	2085	40158	4890	4965
COMM_494	5	2	45718	2280	2355	45718	5160	5235
COMM_494	5	1	47449	5070	5210
COMM_494	5	1	47587	2280	2430
COMM_500	1	1	10572	840	990
COMM_501	1	1	14981	5160	5310
COMM_502	2	1	10573	3900	4050
COMM_502	2	1	48019	2460	2610
COMM_504	1	1	46128	5340	5490
COMM_508	2	1	26518	3720	3870
COMM_508	2	1	47450	6420	6570
COMM_522	1	2	43862	2100	2175	43862	4980	5055
COMM_554	1	1	43211	840	1010
COMM_567	1	1	39441	1020	1170
COMM_570	1	1	41061	3720	3870
COMM_580	1	1	30043	5340	5490
COMM_591	2	1	33390	900	1050
COMM_591	2	1	49239	2280	2430
COMM_594	6	1	29123	660	810
COMM_594	6	2	30401	2280	2355	30401	5160	5235
COMM_594	6	1	40345	5040	5090
COMM_594	6	1	47274	5160	5310
COMM_594	6	1	47451	2280	2430
COMM_594	6	1	49503	2460	2610
