LIS__101	fall	1	3	13884	6600	6650	13884	840	959	13884	3720	3770
LIS__231	spring	1	1	15604	2160	2210
LIS__261	fall	1	2	15039	600	675	15039	3480	3555
LIS__302	spring	1	2	15603	600	675	15603	3480	3555
LIS__303	fall	1	1	15519	0	0
LIS__303	spring	1	1	15513	0	0
LIS__325	fall	1	2	14383	3600	3700	14383	5040	5140
LIS__325	spring	1	1	13809	0	0
LIS__366	spring	1	1	13838	0	0
LIS__432	fall	1	1	13882	0	0
LIS__432	spring	1	1	13554	0	0
LIS__442	fall	1	1	13809	0	0
LIS__447	fall	1	1	14800	0	0
LIS__451	fall	1	1	10719	0	0
LIS__451	spring	1	1	10247	0	0
LIS__465	spring	1	1	14982	0	0
