ART__102	1	1	12547	3720	3870
ART__203	3	1	12710	2520	2670
ART__203	3	1	12752	5160	5310
ART__203	3	1	12666	3960	4110
ART__211	2	1	13150	3960	4110
ART__211	2	1	13091	1080	1230
ART__215	2	2	14372	600	675	14372	3480	3555
ART__215	2	2	14386	600	675	14386	3480	3555
ART__261	1	1	12767	2520	2670
ART__312	2	2	10491	2160	2260	10491	5040	5140
ART__312	2	2	15266	720	820	15266	3600	3700
ART__321	1	1	13074	1080	1290
ART__334	1	2	15267	2280	2355	15267	5160	5235
ART__339	1	2	13029	840	940	13029	3720	3820
ART__352	2	1	10494	2280	2490
ART__352	2	1	11859	2280	2490
ART__367	1	2	14618	2280	2380	14618	5160	5260
ART__411	2	2	10498	2160	2260	10498	5040	5140
ART__411	2	2	10055	720	820	10055	3600	3700
ART__412	2	2	10500	2160	2260	10500	5040	5140
ART__412	2	2	10056	720	820	10056	3600	3700
ART__451	2	1	10509	2280	2490
ART__451	2	1	11863	2280	2490
ART__452	2	1	10510	2280	2490
ART__452	2	1	11864	2280	2490
ART__463	1	2	12156	720	820	12156	3600	3700
ART__464	1	2	11855	2040	2140	11855	4920	5020
ART__480	3	2	14085	2160	2260	14085	5040	5140
ART__480	3	1	15625	2280	2490
ART__480	3	2	14130	2040	2140	14130	4920	5020
ART__481	1	1	15202	6360	6510
ART__112	1	1	12660	5160	5310
ART__262	1	1	13073	2520	2670
ART__332	1	1	13519	5160	5370
ART__337	1	2	13553	2040	2140	13553	4920	5020
ART__372	1	2	10052	2160	2260	10052	5040	5140
ART__413	1	1	13948	5160	5370
ART__470	1	2	10062	600	700	10062	3480	3580
ART__482	1	1	11636	5400	5610
