JST__101	fall	1	2	33507	2190	2265	33507	5070	5145
JST__102	fall	2	2	27209	2100	2175	27209	4980	5055
JST__102	fall	2	2	48961	2280	2355	48961	5160	5235
JST__103	fall	1	2	28103	2100	2175	28103	4980	5055
JST__117	fall	1	2	20682	2280	2355	20682	5160	5235
JST__117	spring	1	3	44333	600	650	44333	3480	3530	44333	6360	6410
JST__122	fall	1	3	34582	540	590	34582	3420	3470	34582	6300	6350
JST__123	fall	1	3	32155	720	770	32155	3600	3650	32155	6480	6530
JST__124	fall	1	2	41147	2100	2175	41147	4980	5055
JST__125	fall	1	3	33394	840	890	33394	3720	3770	33394	6600	6650
JST__220	fall	1	2	37580	2280	2355	37580	5160	5235
JST__225	spring	1	2	25705	2010	2085	25705	4890	4965
JST__242	fall	1	3	26348	720	770	26348	3600	3650	26348	6480	6530
JST__243	fall	1	2	39411	750	825	39411	3630	3705
JST__311	fall	1	3	28135	660	710	28135	3540	3590	28135	6420	6470
JST__494	fall	8	2	25373	2190	2265	25373	5070	5145
JST__494	fall	8	2	25374	2190	2265	25374	5070	5145
JST__494	fall	8	1	34098	5160	5330
JST__494	fall	8	1	34099	5160	5330
JST__494	fall	8	1	45546	930	1080
JST__494	fall	8	1	45547	930	1080
JST__494	fall	8	1	46473	2370	2400
JST__494	fall	8	1	46474	2370	2520
