LALS_101	fall	1	2	39174	660	710	39174	3540	3590
LALS_101	spring	1	2	45205	660	710	45205	3540	3590
LALS_102	fall	1	2	33239	600	650	33239	3480	3530
LALS_102	spring	1	2	37804	600	650	37804	3480	3530
LALS_103	fall	1	2	34441	840	890	34441	3720	3770
LALS_103	spring	1	2	33041	540	590	33041	3420	3470
LALS_104	fall	1	3	23109	540	590	23109	3420	3470	23109	6300	6350
LALS_105	fall	1	2	33689	600	650	33689	3480	3530
LALS_105	spring	1	2	31429	660	710	31429	3540	3590
LALS_107	fall	1	2	47122	480	555	47122	3360	3435
LALS_109	fall	1	2	34442	840	890	34442	3720	3770
LALS_109	spring	1	2	24630	840	890	24630	3720	3770
LALS_110	fall	1	2	37004	660	710	37004	3540	3590
LALS_110	spring	1	2	35761	540	590	35761	3420	3470
LALS_120	fall	1	3	50180	780	830	50180	3660	3710	50180	6540	6590
LALS_127	fall	1	3	32589	600	650	32589	3480	3530	32589	6360	6410
LALS_127	spring	1	3	31967	600	650	31967	3480	3530	31967	6360	6410
LALS_192	fall	1	2	33512	2190	2265	33512	5070	5145
LALS_220	fall	1	2	36684	2190	2265	36684	5070	5145
LALS_223	fall	1	2	39488	900	975	39488	3780	3855
LALS_225	fall	1	2	13233	2010	2085	13233	4890	4965
LALS_225	spring	1	2	28934	2280	2355	28934	5160	5235
LALS_229	fall	1	3	34595	840	890	34595	3720	3770	34595	6600	6650
LALS_229	spring	1	2	28815	2370	2445	28815	5250	5325
LALS_239	fall	1	2	32348	2280	2355	32348	5160	5235
LALS_240	fall	3	3	13237	660	710	13237	3540	3590	13237	6420	6470
LALS_240	fall	3	3	13238	660	710	13238	3540	3590	13238	6420	6470
LALS_240	fall	3	3	40267	660	710	40267	3540	3590	40267	6420	6470
LALS_240	spring	1	1	37243	6420	6470
LALS_242	fall	1	2	39184	2010	2085	39184	4890	4965
LALS_256	fall	1	2	35417	840	915	35417	3720	3795
LALS_257	fall	1	2	28699	2460	2535	28699	5340	5415
LALS_258	fall	1	2	35119	2100	2175	35119	4980	5055
LALS_260	fall	1	3	49132	660	710	49132	3540	3590	49132	6420	6470
LALS_261	fall	1	1	29670	2010	2085
LALS_262	fall	1	1	35487	2280	2355
LALS_263	fall	1	2	41506	2370	2445	41506	5250	5325
LALS_263	spring	1	2	29206	2010	2085	29206	4890	4965
LALS_266	fall	1	2	45090	780	830	45090	3660	3710
LALS_267	fall	3	1	47595	900	975
LALS_267	fall	3	1	47597	900	975
LALS_267	fall	3	1	48653	2010	2085
LALS_267	spring	1	2	46691	780	830	46691	3660	3710
LALS_270	fall	2	3	32149	840	890	32149	3720	3770	32149	6600	6650
LALS_270	fall	2	3	37975	840	890	37975	3720	3770	37975	6600	6650
LALS_274	spring	1	2	47471	1920	1995	47471	4800	4875
LALS_275	spring	1	2	45227	840	890	45227	3720	3770
LALS_276	fall	1	1	36575	2190	2265
LALS_277	fall	1	2	35807	900	975	35807	3780	3855
LALS_277	spring	1	2	37840	900	975	37840	3780	3855
LALS_278	fall	1	1	34808	2460	2535
LALS_283	fall	1	2	46948	720	770	46948	3600	3650
LALS_283	spring	1	2	39234	720	770	39234	3600	3650
LALS_286	fall	1	2	34444	2010	2085	34444	4890	4965
LALS_286	spring	1	2	36933	2100	2175	36933	4980	5055
LALS_288	fall	1	2	39186	2190	2265	39186	5070	5145
LALS_289	fall	1	1	47503	2190	2265
LALS_289	spring	1	1	47253	2190	2265
LALS_290	fall	1	2	50170	540	590	50170	3420	3470
LALS_290	spring	1	2	33050	2280	2355	33050	5160	5235
LALS_291	fall	2	2	46627	2370	2445	46627	5250	5325
LALS_291	fall	2	2	48884	2370	2445	48884	5250	5325
LALS_291	spring	2	2	46147	2280	2355	46147	5160	5235
LALS_291	spring	2	2	46725	2280	2355	46725	5160	5235
LALS_292	fall	1	2	46321	2190	2265	46321	5070	5145
LALS_292	spring	1	2	45325	570	645	45325	3450	3525
LALS_295	fall	1	2	35797	900	975	35797	3780	3855
LALS_295	spring	1	2	34442	2280	2355	34442	5160	5235
LALS_301	fall	1	2	33521	2100	2175	33521	4980	5055
LALS_333	fall	1	2	50163	900	975	50163	3780	3855
LALS_335	fall	1	1	50165	3780	3930
LALS_382	fall	1	2	40795	990	1065	40795	3870	3945
LALS_385	fall	1	2	38910	2100	2175	38910	4980	5055
LALS_385	spring	1	2	46148	2010	2085	46148	4890	4965
LALS_391	fall	1	1	39190	3780	3945
LALS_391	spring	1	3	48255	780	830	48255	3660	3710	48255	6540	6590
LALS_395	fall	2	1	35811	3780	3930
LALS_395	fall	2	2	48072	2190	2265	48072	5070	5145
LALS_395	spring	2	2	33052	2010	2085	33052	4890	4965
LALS_395	spring	2	2	47801	570	645	47801	3450	3525
LALS_403	fall	3	2		4050	4125		4050	4125
LALS_403	fall	3	1	35527	3960	4035
LALS_403	fall	3	1	36352	3960	4035
LALS_403	spring	2	1	31440	5250	5400
LALS_403	spring	2	1	31919	5250	5400
LALS_422	fall	1	2	50167	570	645	50167	3450	3525
LALS_425	fall	2	2	49912	2280	2355	49912	5160	5235
LALS_425	fall	2	2	49913	2280	2355	49913	5160	5235
LALS_427	fall	2	2	34752	2280	2355	34752	5160	5235
LALS_427	fall	2	2	34753	2280	2355	34753	5160	5235
LALS_433	fall	2	2	35528	2280	2355	35528	5160	5235
LALS_433	fall	2	2	36353	2280	2355	36353	5160	5235
LALS_433	spring	2	1	39237	900	1050
LALS_433	spring	2	1	39338	900	1050
LALS_461	fall	6	2	32659	2100	2175	32659	4980	5055
LALS_461	fall	6	2	32660	2100	2175	32660	4980	5055
LALS_461	fall	6	2	33094	990	1065	33094	3870	3945
LALS_461	fall	6	1	33095	2430	2505
LALS_461	fall	6	1	38787	2370	2535
LALS_461	fall	6	1	38788	2370	2535
LALS_461	spring	2	2	32996	2370	2445	32996	5250	5325
LALS_461	spring	2	2	32997	2370	2445	32997	5250	5325
LALS_465	fall	2	2	47041	2100	2175	47041	4980	5055
LALS_465	fall	2	2	47042	2100	2175	47042	4980	5055
LALS_465	spring	2	2	44407	900	975	44407	3780	3855
LALS_465	spring	2	2	44408	900	975	44408	3780	3855
LALS_467	fall	2	2	47550	2280	2355	47550	5160	5235
LALS_467	fall	2	2	47551	2280	2355	47551	5160	5235
LALS_476	fall	2	1	50168	2370	2520
LALS_476	fall	2	1	50169	2370	2520
LALS_491	fall	5	2	32584	960	1035	32584	3840	3915
LALS_491	fall	5	2	32585	960	1035	32585	3840	3915
LALS_491	fall	5	1	37013	900	1065
LALS_491	fall	5	1	38711	900	1050
LALS_491	fall	5	1	38712	900	1050
LALS_491	spring	2	2	36422	2190	2265	36422	5070	5145
LALS_491	spring	2	2	36423	2190	2265	36423	5070	5145
LALS_495	fall	6	1	36513	2370	2520
LALS_495	fall	6	1	36514	2370	2520
LALS_495	fall	6	1	36760	3780	3930
LALS_495	fall	6	1	36761	3780	3930
LALS_495	fall	6	2	49636	900	975	49636	3780	3855
LALS_495	fall	6	2	49637	900	975	49637	3780	3855
LALS_495	spring	2	1	38408	3780	3930
LALS_495	spring	2	1	38409	3780	3930
LALS_497	fall	2	1	33303	2550	2715
LALS_497	fall	2	1	33522	2550	2715
LALS_497	spring	2	1	39952	1080	1230
LALS_497	spring	2	1	39953	1080	1230
LALS_500	fall	1	1	42573	5250	5400
LALS_501	fall	1	1	31239	3780	3930
LALS_502	fall	1	1	42078	900	1065
LALS_502	spring	2	1	31441	2370	2520
LALS_502	spring	2	1	48513	5250	5400
