ELSI_010	fall	1	1	44732	0	0
ELSI_011	fall	1	4	44651	510	650	44651	1950	2090	44651	3390	3530	44651	4830	4970
ELSI_011	spring	1	4	43643	510	650	43643	1950	2090	43643	3390	3530	43643	4830	4970
ELSI_012	fall	1	4	44652	510	650	44652	1950	2090	44652	3390	3530	44652	4830	4970
ELSI_012	spring	2	4	43644	510	650	43644	1950	2090	43644	3390	3530	43644	4830	4970
ELSI_012	spring	2	4	43646	510	650	43646	1950	2090	43646	3390	3530	43646	4830	4970
ELSI_013	fall	2	4	44721	510	650	44721	1950	2090	44721	3390	3530	44721	4830	4970
ELSI_013	fall	2	4	44722	510	650	44722	1950	2090	44722	3390	3530	44722	4830	4970
ELSI_013	spring	2	4	43647	510	650	43647	1950	2090	43647	3390	3530	43647	4830	4970
ELSI_013	spring	2	4	43648	510	650	43648	1950	2090	43648	3390	3530	43648	4830	4970
ELSI_014	fall	2	4	44727	510	650	44727	1950	2090	44727	3390	3530	44727	4830	4970
ELSI_014	fall	2	4	44728	510	650	44728	1950	2090	44728	3390	3530	44728	4830	4970
ELSI_014	spring	2	4	43650	510	650	43650	1950	2090	43650	3390	3530	43650	4830	4970
ELSI_014	spring	2	4	43652	510	650	43652	1950	2090	43652	3390	3530	43652	4830	4970
ELSI_020	fall	1	1	44704	0	0
ELSI_021	fall	2	2		2190	2355		5070	5235
ELSI_021	fall	2	2	44714	720	830	44714	3600	3710
ELSI_021	spring	2	2		2190	2355		5070	5235
ELSI_021	spring	2	2	43666	720	830	43666	3600	3710
ELSI_022	fall	2	2		2190	2355		5070	5235
ELSI_022	fall	2	2	44718	720	830	44718	3600	3710
ELSI_022	spring	2	2		2190	2355		5070	5235
ELSI_022	spring	2	2	43668	720	830	43668	3600	3710
ELSI_023	fall	3	4		2190	2355		5070	5235		2190	2355		5070	5235
ELSI_023	fall	3	2	44724	720	830	44724	3600	3710
ELSI_023	fall	3	2	44725	720	830	44725	3600	3710
ELSI_023	spring	3	4		2190	2355		5070	5235		2190	2355		5070	5235
ELSI_023	spring	3	2	43671	720	830	43671	3600	3710
ELSI_023	spring	3	2	43673	720	830	43673	3600	3710
ELSI_024	fall	3	4		2190	2355		5070	5235		2190	2355		5070	5235
ELSI_024	fall	3	2	44701	720	830	44701	3600	3710
ELSI_024	fall	3	2	44708	720	830	44708	3600	3710
ELSI_024	spring	3	4		2190	2355		5070	5235		2190	2355		5070	5235
ELSI_024	spring	3	2	43675	720	830	43675	3600	3710
ELSI_024	spring	3	2	43677	720	830	43677	3600	3710
ELSI_041	fall	2	4	44968	900	1040	44968	2340	2480	44968	3780	3920	44968	5220	5360
ELSI_041	fall	2	5	44997	720	830	44997	2160	2270	44997	3600	3710	44997	5040	5150	44997	6480	6590
ELSI_041	spring	2	4	44241	600	740	44241	2040	2180	44241	3480	3620	44241	4920	5060
ELSI_041	spring	2	4	45286	540	680	45286	1980	2120	45286	3420	3560	45286	4860	5000
ELSI_043	fall	5	2		720	770		3600	3650
ELSI_043	fall	5	2	44964	2100	2175	44964	4980	5055
ELSI_043	fall	5	2	44973	2370	2445	44973	5250	5325
ELSI_043	fall	5	3	45064	600	650	45064	3480	3530	45064	6360	6410
ELSI_043	fall	5	1	45068	6480	6530
ELSI_043	spring	4	3	44700	780	830	44700	3660	3710	44700	6540	6590
ELSI_043	spring	4	2	45289	2190	2265	45289	5070	5145
ELSI_043	spring	4	2	45290	2280	2355	45290	5160	5235
ELSI_043	spring	4	2	45291	2370	2445	45291	5250	5325
ELSI_044	fall	1	1	44980	6480	6530
ELSI_044	spring	2	1	45292	3780	3830
ELSI_044	spring	2	1	45293	3480	3530
ELSI_045	fall	3	2		840	890		3720	3770
ELSI_045	fall	3	1	44985	6600	6650
ELSI_045	fall	3	2	45809	2100	2175	45809	4980	5055
ELSI_045	spring	2	3	45294	780	830	45294	3660	3710	45294	6540	6590
ELSI_045	spring	2	3	45295	780	830	45295	3660	3710	45295	6540	6590
ELSI_047	fall	3	1	45027	6660	6710
ELSI_047	fall	3	1	45028	2190	2265
ELSI_047	fall	3	1	45029	5070	5145
ELSI_047	spring	1	1	45303	6300	6350
ELSI_048	fall	5	1	45031	1020	1070
ELSI_048	fall	5	1	45034	5250	5300
ELSI_048	fall	5	1	45035	6660	6710
ELSI_048	fall	5	1	45036	3660	3710
ELSI_048	fall	5	1	45037	3780	3830
ELSI_048	spring	2	1	45305	3900	3950
ELSI_048	spring	2	1	45307	600	650
ELSI_049	spring	6	1	44670	6660	6710
ELSI_049	spring	6	1	44845	4890	4940
ELSI_049	spring	6	1	45310	6360	6410
ELSI_049	spring	6	1	45311	5340	5390
ELSI_049	spring	6	1	45313	2460	2510
ELSI_049	spring	6	1	45314	900	950
ELSI_061	fall	1	1	46702	0	0
ELSI_061	spring	1	1	45297	0	0
ELSI_062	fall	1	1	46704	0	0
ELSI_062	spring	1	1	45304	0	0
ELSI_070	fall	1	1	45852	0	0
ELSI_070	spring	1	1	43683	2580	2640
ELSI_071	fall	2	1	45854	6300	6530
ELSI_071	fall	2	1	45869	6300	6530
ELSI_071	spring	1	1	43687	0	0
ELSI_073	fall	1	1	45855	0	0
ELSI_073	spring	1	1	43690	0	0
ELSI_074	fall	1	1	45859	0	0
ELSI_074	spring	1	1	43692	0	0
ELSI_075	fall	1	1	45861	0	0
ELSI_075	spring	1	1	43695	0	0
ELSI_076	fall	1	1	45863	0	0
ELSI_076	spring	1	1	43696	0	0
ELSI_077	fall	1	1	45865	0	0
ELSI_077	spring	1	1	43698	0	0
ELSI_081	fall	2	2	44697	2190	2355	44697	5070	5235
ELSI_081	fall	2	2	48943	2190	2355	48943	5070	5235
ELSI_081	spring	3	1		2580	2640
ELSI_081	spring	3	2	44393	2190	2325	44393	5070	5205
ELSI_081	spring	3	2	47102	2190	2325	47102	5070	5205
ELSI_082	fall	2	2	44699	2190	2355	44699	5070	5235
ELSI_082	fall	2	2	46924	2190	2355	46924	5070	5235
ELSI_082	spring	2	2	43704	2190	2325	43704	5070	5205
ELSI_082	spring	2	2	47103	2190	2325	47103	5070	5205
ELSI_083	fall	2	2	44700	720	855	44700	3600	3735
ELSI_083	fall	2	2	48944	720	855	48944	3600	3735
ELSI_083	spring	4	1		1080	1200
ELSI_083	spring	4	2	43705	720	855	43705	3600	3735
ELSI_083	spring	4	1	43706	3960	4140
ELSI_083	spring	4	2	47104	720	855	47104	3600	3735
ELSI_084	fall	2	2	44698	720	855	44698	3600	3735
ELSI_084	fall	2	2	48945	720	855	48945	3600	3735
ELSI_084	spring	2	2	43707	720	855	43707	3600	3735
ELSI_084	spring	2	2	47105	720	855	47105	3600	3735
ELSI_085	fall	1	1	44705	0	0
ELSI_086	fall	2	2	44706	1950	2090	44706	4830	4970
ELSI_086	fall	2	2	48946	1950	2090	48946	4830	4970
ELSI_086	spring	2	2	43709	1950	2090	43709	4830	4970
ELSI_086	spring	2	2	47106	1950	2090	47106	4830	4970
ELSI_087	fall	2	2	44707	1950	2090	44707	4830	4970
ELSI_087	fall	2	2	48947	1950	2090	48947	4830	4970
ELSI_087	spring	2	2	43711	1950	2090	43711	4830	4970
ELSI_087	spring	2	2	47107	1950	2090	47107	4830	4970
ELSI_088	fall	2	2	44709	510	650	44709	3390	3530
ELSI_088	fall	2	2	48948	510	650	48948	3390	3530
ELSI_088	spring	2	2	43712	510	650	43712	3390	3530
ELSI_088	spring	2	2	47109	510	650	47109	3390	3530
ELSI_089	fall	2	2	44710	510	650	44710	3390	3530
ELSI_089	fall	2	2	48949	510	650	48949	3390	3530
ELSI_089	spring	2	2	43713	510	650	43713	3390	3530
ELSI_089	spring	2	2	47110	510	650	47110	3390	3530
ELSI_090	fall	1	4	48276	570	870	48276	2010	2310	48276	3450	3750	48276	4890	5190
ELSI_090	spring	1	1	45426	0	0
ELSI_091	fall	2	2	45867	510	615	45867	6270	6375
ELSI_091	fall	2	2	45868	2370	2430	45868	5250	5310
ELSI_092	spring	2	2	43734	1920	2070	43734	4800	4950
ELSI_092	spring	2	2	43735	2370	2460	43735	5250	5340
