BLST___100	4	2	44078	780	830	44078	3660	3710
BLST___100	4	2	44842	540	590	44842	3420	3470
BLST___100	4	1	47667	2280	2355
BLST___100	4	1	48870	2280	2355
BLST___101	1	2	44085	900	975	44085	3780	3855
BLST___103	1	2	48408	2010	2085	48408	4890	4965
BLST___104	1	2	47220	2100	2175	47220	4980	5055
BLST___105	2	1		2190	2355
BLST___105	2	1	47082	5070	5145
BLST___110	1	2	44855	2010	2085	44855	4890	4965
BLST___111	1	2	44364	570	645	44364	3450	3525
BLST___125	1	2	44365	2010	2085	44365	4890	4965
BLST___191	1	2	48525	570	645	48525	3450	3525
BLST___206	1	2	44847	2100	2175	44847	4980	5055
BLST___207	1	2	47090	2280	2355	47090	5160	5235
BLST___225	2	2	44433	2280	2355	44433	5160	5235
BLST___225	2	2	45074	2100	2175	45074	4980	5055
BLST___246	1	2	44848	2370	2445	44848	5250	5325
BLST___247	1	2	46494	570	645	46494	3450	3525
BLST___248	1	2	44859	2100	2175	44859	4980	5055
BLST___249	1	2	44852	2370	2445	44852	5250	5325
BLST___250	1	2	48410	900	975	48410	3780	3855
BLST___252	1	2	48695	990	1065	48695	3870	3945
BLST___258	1	2	44087	2280	2355	44087	5160	5235
BLST___261	2	2	44366	2190	2265	44366	5070	5145
BLST___261	2	2	49163	900	975	49163	3780	3855
BLST___262	1	2	46062	2280	2355	46062	5160	5235
BLST___264	1	2	48389	2370	2445	48389	5250	5325
BLST___266	1	2	47088	990	1065	47088	3870	3945
BLST___271	1	2	47085	2100	2175	47085	4980	5055
BLST___272	1	2	44853	2280	2355	44853	5160	5235
BLST___294	3	2	44849	990	1065	44849	3870	3945
BLST___294	3	2	46063	2370	2445	46063	5250	5325
BLST___294	3	2	48075	570	645	48075	3450	3525
BLST___306	1	2	45408	900	975	45408	3780	3855
BLST___351	1	2	44856	2100	2175	44856	4980	5055
BLST___356	1	2	44219	2010	2085	44219	4890	4965
BLST___358	1	2	44220	2100	2175	44220	4980	5055
BLST___406	2	2	46064	990	1065	46064	3870	3945
BLST___406	2	2	46065	990	1065	46065	3870	3945
BLST___410	2	1	47967	2370	2520
BLST___410	2	1	47968	2370	2520
BLST___490	2	1	44858	5250	5400
BLST___490	2	1	44861	5250	5400
BLST___492	4	1	44857	3960	4110
BLST___492	4	1	44860	3960	4110
BLST___492	4	2	45837	2280	2355	45837	5160	5235
BLST___492	4	2	45838	2280	2355	45838	5160	5235
BLST___494	4	2	44097	2280	2355	44097	5160	5235
BLST___494	4	2	44098	2280	2355	44098	5160	5235
BLST___494	4	1	48971	3780	3930
BLST___494	4	1	48972	3780	3930
BLST___503	2	1	46068	5250	5400
BLST___503	2	1	49015	1080	1230
