PSY__101	fall	3	1	15565	0	0
PSY__101	fall	3	2	15566	840	990	15566	3720	3870
PSY__101	fall	3	2	15567	2160	2235	15567	5040	5115
PSY__101	spring	3	2	15568	840	915	15568	3720	3795
PSY__101	spring	3	1	15569	0	0
PSY__101	spring	3	2	15570	2160	2235	15570	5040	5115
PSY__221	fall	2	1	15568	0	0
PSY__221	fall	2	1	15570	0	0
PSY__221	spring	3	2	15571	2040	2115	15571	4920	4995
PSY__221	spring	3	1	15572	0	0
PSY__221	spring	3	1	15573	0	0
PSY__251	fall	3	2	15571	600	675	15571	3480	3555
PSY__251	fall	3	2	15572	2040	2115	15572	4920	4995
PSY__251	fall	3	1	15573	0	0
PSY__251	spring	3	2	15574	2040	2115	15574	4920	4995
PSY__251	spring	3	1	15575	0	0
PSY__251	spring	3	1	15576	0	0
PSY__301	fall	1	1	14682	0	0
PSY__301	spring	1	1	14622	0	0
PSY__302	fall	3	1	12131	0	0
PSY__302	fall	3	2	12165	720	820	12165	3600	3700
PSY__302	fall	3	2	12167	2160	2260	12167	5040	5140
PSY__302	spring	3	1	10611	0	0
PSY__302	spring	3	2	10612	600	700	10612	3480	3580
PSY__302	spring	3	2	10613	2160	2260	10613	5040	5140
PSY__303	spring	1	2	10614	600	700	10614	3480	3580
PSY__305	spring	1	1	14965	0	0
PSY__310	fall	1	1	15548	0	0
PSY__310	spring	3	1	12850	0	0
PSY__310	spring	3	1	12941	0	0
PSY__310	spring	3	1	12943	0	0
PSY__311	fall	2	1	12893	0	0
PSY__311	fall	2	1	15551	0	0
PSY__311	spring	2	1	13751	0	0
PSY__311	spring	2	1	15578	0	0
PSY__314	spring	1	2	13911	2280	2380	13911	5160	5260
PSY__315	spring	1	1	11791	0	0
PSY__322	fall	1	1	11924	0	0
PSY__324	spring	1	1	11801	0	0
PSY__326	fall	2	1	11930	0	0
PSY__326	fall	2	1	15643	0	0
PSY__326	spring	2	1	12936	0	0
PSY__326	spring	2	1	13093	0	0
PSY__327	fall	1	1	12180	0	0
PSY__327	spring	1	1	11806	0	0
PSY__331	fall	2	1	15549	0	0
PSY__331	fall	2	1	15552	0	0
PSY__331	spring	2	1	11811	0	0
PSY__331	spring	2	1	15579	0	0
PSY__333	spring	1	1	15139	0	0
PSY__335	spring	2	1	14720	0	0
PSY__335	spring	2	1	15580	0	0
PSY__336	fall	2	1	14768	0	0
PSY__336	fall	2	1	14832	0	0
PSY__336	spring	2	1	15002	0	0
PSY__336	spring	2	1	15581	0	0
PSY__337	fall	2	1	15152	0	0
PSY__337	fall	2	1	15553	0	0
PSY__352	fall	1	1	13877	0	0
PSY__352	spring	2	1	14270	0	0
PSY__352	spring	2	1	15582	0	0
PSY__413	fall	1	1	15232	5160	5370
PSY__416	spring	1	2	14120	840	940	14120	3720	3820
PSY__441	spring	1	2	12260	960	1060	12260	3840	3940
PSY__452	fall	1	2	10660	720	820	10660	3600	3700
PSY__453	spring	1	1	11816	2160	2260
PSY__454	fall	1	1	13534	0	0
PSY__457	fall	1	1	12183	2280	2490
PSY__458	spring	1	1	11821	5160	5370
PSY__471	fall	2	1	10662	2520	2730
PSY__471	fall	2	1	11939	0	0
PSY__471	spring	3	1	10646	2520	2730
PSY__471	spring	3	1	10647	0	0
PSY__471	spring	3	1	12351	0	0
PSY__481	fall	2	1	14489	840	990
PSY__481	fall	2	1	14645	0	0
PSY__481	spring	2	1	14658	0	0
PSY__481	spring	2	1	14908	0	0
PSY__484	fall	1	1	14769	840	1050
