FIN__250	19	2	44248	2010	2085	44248	4890	4965
FIN__250	19	3	44249	840	890	44249	3720	3770	44249	6600	6650
FIN__250	19	3	44250	600	650	44250	3480	3530	44250	6360	6410
FIN__250	19	2	44261	2190	2265	44261	5070	5145
FIN__250	19	2	44263	2100	2175	44263	4980	5055
FIN__250	19	3	45347	660	710	45347	3540	3590	45347	6420	6470
FIN__250	19	1	45349	3960	4110
FIN__250	19	3	45351	780	830	45351	3660	3710	45351	6540	6590
FIN__250	19	2	45357	2010	2085	45357	4890	4965
FIN__250	19	3	45358	840	890	45358	3720	3770	45358	6600	6650
FIN__250	19	3	45359	600	650	45359	3480	3530	45359	6360	6410
FIN__250	19	3	45360	660	710	45360	3540	3590	45360	6420	6470
FIN__250	19	3	47290	780	830	47290	3660	3710	47290	6540	6590
FIN__250	19	2	47731	2010	2085	47731	4890	4965
FIN__250	19	1	48545	3960	4110
FIN__250	19	2	48554	2100	2175	48554	4980	5055
FIN__250	19	2	48555	2190	2265	48555	5070	5145
FIN__250	19	3	48556	840	890	48556	3720	3770	48556	6600	6650
FIN__250	19	1	48558	3960	4110
FIN__300	38	2	38368	900	975	38368	3780	3855
FIN__300	38	2	45352	2100	2175	45352	4980	5055
FIN__300	38	3	45353	780	830	45353	3660	3710	45353	6540	6590
FIN__300	38	2	45354	900	975	45354	3780	3855
FIN__300	38	2	45355	2010	2085	45355	4890	4965
FIN__300	38	2	45356	990	1065	45356	3870	3945
FIN__300	38	3	45357	720	770	45357	3600	3650	45357	6480	6530
FIN__300	38	2	45358	2100	2175	45358	4980	5055
FIN__300	38	2	46108	570	645	46108	3450	3525
FIN__300	38	2	46109	660	735	46109	3540	3615
FIN__300	38	2	46110	840	915	46110	3720	3795
FIN__300	38	2	46111	2010	2085	46111	4890	4965
FIN__300	38	2	46112	2100	2175	46112	4980	5055
FIN__300	38	2	46113	2100	2175	46113	4980	5055
FIN__300	38	2	46114	2190	2265	46114	5070	5145
FIN__300	38	2	46115	2280	2355	46115	5160	5235
FIN__300	38	3	46116	720	770	46116	3600	3650	46116	6480	6530
FIN__300	38	2	46117	990	1065	46117	3870	3945
FIN__300	38	2	46118	900	975	46118	3780	3855
FIN__300	38	3	46119	480	530	46119	3360	3410	46119	6240	6290
FIN__300	38	2	46560	2010	2085	46560	4890	4965
FIN__300	38	2	46561	990	1065	46561	3870	3945
FIN__300	38	2	46875	2280	2355	46875	5160	5235
FIN__300	38	2	47148	2280	2355	47148	5160	5235
FIN__300	38	2	48078	2280	2355	48078	5160	5235
FIN__300	38	3	48126	780	830	48126	3660	3710	48126	6540	6590
FIN__300	38	2	48127	750	825	48127	3630	3705
FIN__300	38	2	49254	570	645	49254	3450	3525
FIN__300	38	2	49255	660	735	49255	3540	3615
FIN__300	38	2	49256	750	825	49256	3630	3705
FIN__300	38	2	49257	840	915	49257	3720	3795
FIN__300	38	2	49258	2010	2085	49258	4890	4965
FIN__300	38	2	49259	2100	2175	49259	4980	5055
FIN__300	38	2	49260	2100	2175	49260	4980	5055
FIN__300	38	2	49261	2190	2265	49261	5070	5145
FIN__300	38	2	49262	2280	2355	49262	5160	5235
FIN__300	38	2	49263	2280	2355	49263	5160	5235
FIN__300	38	3	49634	840	890	49634	3720	3770	49634	6600	6650
FIN__301	1	3	42963	600	650	42963	3480	3530	42963	6360	6410
FIN__302	3	2	43530	2280	2355	43530	5160	5235
FIN__302	3	2	43532	2190	2265	43532	5070	5145
FIN__302	3	2	43579	2100	2175	43579	4980	5055
FIN__310	11	2	11434	2100	2175	11434	4980	5055
FIN__310	11	3	11437	780	830	11437	3660	3710	11437	6540	6590
FIN__310	11	3	15574	780	830	15574	3660	3710	15574	6540	6590
FIN__310	11	3	38369	600	650	38369	3480	3530	38369	6360	6410
FIN__310	11	3	40004	540	590	40004	3420	3470	40004	6300	6350
FIN__310	11	2	42906	2100	2175	42906	4980	5055
FIN__310	11	3	43580	540	590	43580	3420	3470	43580	6300	6350
FIN__310	11	2	43585	2190	2265	43585	5070	5145
FIN__310	11	2	45343	2190	2265	45343	5070	5145
FIN__310	11	2	46871	2010	2085	46871	4890	4965
FIN__310	11	2	48478	2280	2355	48478	5160	5235
FIN__311	1	2	37506	1920	1995	37506	4800	4875
FIN__320	10	3	15577	660	710	15577	3540	3590	15577	6420	6470
FIN__320	10	2	15578	2100	2175	15578	4980	5055
FIN__320	10	3	20772	600	650	20772	3480	3530	20772	6360	6410
FIN__320	10	2	27654	2010	2085	27654	4890	4965
FIN__320	10	3	36440	660	710	36440	3540	3590	36440	6420	6470
FIN__320	10	3	41791	780	830	41791	3660	3710	41791	6540	6590
FIN__320	10	3	42464	840	890	42464	3720	3770	42464	6600	6650
FIN__320	10	2	42962	2100	2175	42962	4980	5055
FIN__320	10	3	43828	720	770	43828	3600	3650	43828	6480	6530
FIN__320	10	2	44251	2190	2265	44251	5070	5145
FIN__330	8	2	36006	2280	2355	36006	5160	5235
FIN__330	8	2	37982	2100	2175	37982	4980	5055
FIN__330	8	2	39376	2100	2175	39376	4980	5055
FIN__330	8	2	40247	2370	2445	40247	5250	5325
FIN__330	8	2	41792	2190	2265	41792	5070	5145
FIN__330	8	2	43586	2010	2085	43586	4890	4965
FIN__330	8	2	46566	900	975	46566	3780	3855
FIN__330	8	2	48883	2280	2355	48883	5160	5235
FIN__340	5	2	35819	2100	2175	35819	4980	5055
FIN__340	5	2	36007	2010	2085	36007	4890	4965
FIN__340	5	2	42831	900	975	42831	3780	3855
FIN__340	5	2	43588	2190	2265	43588	5070	5145
FIN__340	5	3	45346	780	830	45346	3660	3710	45346	6540	6590
FIN__411	2	1	47928	3780	3930
FIN__411	2	1	49370	3780	3930
FIN__412	3	2	11460	2100	2175	11460	4980	5055
FIN__412	3	1	30501	3960	4110
FIN__412	3	2	49363	2460	2535	49363	5340	5415
FIN__414	5	3	47366	540	590	47366	3420	3470	47366	6300	6350
FIN__414	5	2	48686	2010	2085	48686	4890	4965
FIN__414	5	2	48687	2280	2355	48687	5160	5235
FIN__414	5	1	48688	2370	2510
FIN__414	5	1	48689	2370	2510
FIN__415	5	2	43587	2190	2265	43587	5070	5145
FIN__415	5	3	45926	660	710	45926	3540	3590	45926	6420	6470
FIN__415	5	3	48489	540	590	48489	3420	3470	48489	6300	6350
FIN__415	5	3	48490	600	650	48490	3480	3530	48490	6360	6410
FIN__415	5	3	49364	600	650	49364	3480	3530	49364	6360	6410
FIN__416	4	3	15582	600	650	15582	3480	3530	15582	6360	6410
FIN__416	4	2	41209	2010	2085	41209	4890	4965
FIN__416	4	2	48484	2100	2175	48484	4980	5055
FIN__416	4	2	48485	2190	2265	48485	5070	5145
FIN__419	6	2	45577	2010	2085	45577	4890	4965
FIN__419	6	2	45578	2010	2085	45578	4890	4965
FIN__419	6	1	45579	1080	1230
FIN__419	6	1	45580	1080	1230
FIN__419	6	1	47817	1080	1230
FIN__419	6	2	49058	2010	2085	49058	4890	4965
FIN__421	2	3	44264	660	710	44264	3540	3590	44264	6420	6470
FIN__421	2	3	46722	720	770	46722	3600	3650	46722	6480	6530
FIN__422	1	2	48492	2190	2265	48492	5070	5145
FIN__423	6	2	45360	480	555	45360	3360	3435
FIN__423	6	2	46841	570	645	46841	3450	3525
FIN__423	6	2	48479	750	825	48479	3630	3705
FIN__423	6	3	48480	660	710	48480	3540	3590	48480	6420	6470
FIN__423	6	2	48481	480	555	48481	3360	3435
FIN__423	6	2	48482	2370	2445	48482	5250	5325
FIN__424	3	1	45361	5250	5400
FIN__424	3	1	47610	5400	5550
FIN__424	3	1	48486	5250	5400
FIN__425	1	2	48491	2010	2085	48491	4890	4965
FIN__430	2	3	48493	660	710	48493	3540	3590	48493	6420	6470
FIN__430	2	3	48494	840	890	48494	3720	3770	48494	6600	6650
FIN__442	3	3	32675	840	890	32675	3720	3770	32675	6600	6650
FIN__442	3	3	43591	660	710	43591	3540	3590	43591	6420	6470
FIN__442	3	3	48483	780	830	48483	3660	3710	48483	6540	6590
FIN__449	4	1	36010	2370	2520
FIN__449	4	1	36442	900	1050
FIN__449	4	1	43017	2550	2700
FIN__449	4	1	43994	1080	1230
FIN__456	2	1	47537	900	1050
FIN__456	2	1	49354	3780	3930
FIN__472	4	2	11490	570	645	11490	3450	3525
FIN__472	4	2	15608	2280	2355	15608	5160	5235
FIN__472	4	2	19219	2280	2355	19219	5160	5235
FIN__472	4	2	20359	570	645	20359	3450	3525
FIN__473	1	3	23274	780	830	23274	3660	3710	23274	6540	6590
FIN__480	1	1	45362	3780	3930
FIN__494	11	1	39718	900	1050
FIN__494	11	1	40223	6300	6450
FIN__494	11	2	42708	2280	2355	42708	5160	5235
FIN__494	11	2	43294	2190	2265	43294	5070	5145
FIN__494	11	2	44002	2010	2085	44002	4890	4965
FIN__494	11	2	44163	900	975	44163	3780	3855
FIN__494	11	1	46099	2370	2510
FIN__494	11	1	46100	3780	3950
FIN__494	11	1	48050	4800	4950
FIN__494	11	1	48488	1080	1230
FIN__494	11	2	48598	990	1065	48598	3870	3945
FIN__500	4	2	20773	2460	2535	20773	5340	5415
FIN__500	4	1	29373	5430	5580
FIN__500	4	2	36378	990	1065	36378	3870	3945
FIN__500	4	1	45975	3960	4110
FIN__510	2	1	11509	2550	2700
FIN__510	2	1	15594	2550	2700
FIN__512	3	2	11513	2100	2175	11513	4980	5055
FIN__512	3	1	15596	3960	4110
FIN__512	3	2	49375	2460	2535	49375	5340	5415
FIN__515	3	3	41201	660	710	41201	3540	3590	41201	6420	6470
FIN__515	3	1	42579	2520	2670
FIN__515	3	3	49368	600	650	49368	3480	3530	49368	6360	6410
FIN__516	2	3	15597	600	650	15597	3480	3530	15597	6360	6410
FIN__516	2	2	38667	2100	2175	38667	4980	5055
FIN__519	1	1	48419	1080	1230
FIN__520	2	1	11517	3960	4110
FIN__520	2	1	15598	1080	1230
FIN__521	2	3	48280	660	710	48280	3540	3590	48280	6420	6470
FIN__521	2	3	48281	720	770	48281	3600	3650	48281	6480	6530
FIN__522	1	2	49355	2190	2265	49355	5070	5145
FIN__523	5	2	47543	570	645	47543	3450	3525
FIN__523	5	2	47544	480	555	47544	3360	3435
FIN__523	5	2	49356	480	555	49356	3360	3435
FIN__523	5	2	49357	750	825	49357	3630	3705
FIN__523	5	2	49358	2370	2445	49358	5250	5325
FIN__524	3	1	47545	5250	5400
FIN__524	3	1	49359	5250	5400
FIN__524	3	3	49371	660	710	49371	3540	3590	49371	6420	6470
FIN__542	3	3	49372	660	710	49372	3540	3590	49372	6420	6470
FIN__542	3	3	49373	780	830	49373	3660	3710	49373	6540	6590
FIN__542	3	3	49374	840	890	49374	3720	3770	49374	6600	6650
FIN__549	4	1	47547	2370	2520
FIN__549	4	1	47548	2550	2700
FIN__549	4	1	49360	900	1050
FIN__549	4	1	49361	1080	1230
FIN__550	2	1	47508	3960	4110
FIN__550	2	1	49369	3960	4110
FIN__556	2	1	47538	900	1050
FIN__556	2	1	49362	3780	3930
FIN__570	2	1	37981	5430	5580
FIN__570	2	2	47348	990	1065	47348	3870	3945
FIN__580	1	1	47549	3780	3930
FIN__594	12	1	29348	3780	3930
FIN__594	12	1	29350	6300	6450
FIN__594	12	1	29356	3780	3930
FIN__594	12	2	29357	990	1065	29357	3870	3945
FIN__594	12	1	39430	900	1050
FIN__594	12	1	41398	1080	1230
FIN__594	12	2	45380	2190	2265	45380	5070	5145
FIN__594	12	1	45654	5400	5550
FIN__594	12	1	45655	3960	4110
FIN__594	12	1	46568	3780	3930
FIN__594	12	1	48051	2370	2520
FIN__594	12	2	48546	2010	2085	48546	4890	4965
