ELSI_011	1	4	44713	510	650	44713	1950	2090	44713	3390	3530	44713	4830	4970
ELSI_012	1	4	44717	510	650	44717	1950	2090	44717	3390	3530	44717	4830	4970
ELSI_013	1	4	44723	510	650	44723	1950	2090	44723	3390	3530	44723	4830	4970
ELSI_014	1	4	44729	510	650	44729	1950	2090	44729	3390	3530	44729	4830	4970
ELSI_021	2	2		2190	2355		5070	5235
ELSI_021	2	2	44715	720	830	44715	3600	3710
ELSI_022	2	2		2190	2355		5070	5235
ELSI_022	2	2	44719	720	830	44719	3600	3710
ELSI_023	2	2		2190	2355		5070	5235
ELSI_023	2	2	44726	720	830	44726	3600	3710
ELSI_024	2	2		2190	2355		5070	5235
ELSI_024	2	2	44712	720	830	44712	3600	3710
ELSI_041	9	2		2220	2370		5100	5250
ELSI_041	9	4	44966	720	860	44966	2160	2300	44966	3600	3740	44966	5040	5180
ELSI_041	9	4	44968	840	980	44968	2280	2420	44968	3720	3860	44968	5160	5300
ELSI_041	9	2	44969	660	810	44969	3540	3690
ELSI_041	9	5	44996	540	650	44996	1980	2090	44996	3420	3530	44996	4860	4970	44996	6300	6410
ELSI_041	9	5	44997	720	830	44997	2160	2270	44997	3600	3710	44997	5040	5150	44997	6480	6590
ELSI_041	9	5	44998	900	1010	44998	2340	2450	44998	3780	3890	44998	5220	5330	44998	6660	6770
ELSI_041	9	4	45000	600	740	45000	2040	2180	45000	3480	3620	45000	4920	5060
ELSI_041	9	4	45286	540	680	45286	1980	2120	45286	3420	3560	45286	4860	5000
ELSI_043	10	3	44700	780	830	44700	3660	3710	44700	6540	6590
ELSI_043	10	2	44964	2100	2175	44964	4980	5055
ELSI_043	10	2	44973	2370	2445	44973	5250	5325
ELSI_043	10	2	44976	2460	2535	44976	5340	5415
ELSI_043	10	3	45064	600	650	45064	3480	3530	45064	6360	6410
ELSI_043	10	3	45065	840	890	45065	3720	3770	45065	6600	6650
ELSI_043	10	3	45066	960	1010	45066	3840	3890	45066	6720	6770
ELSI_043	10	3	45068	720	770	45068	3600	3650	45068	6480	6530
ELSI_043	10	2	45289	2190	2265	45289	5070	5145
ELSI_043	10	2	45290	2280	2355	45290	5160	5235
ELSI_044	5	1	44979	5070	5120
ELSI_044	5	1	44980	6480	6530
ELSI_044	5	1	44981	6600	6650
ELSI_044	5	1	45292	3780	3830
ELSI_044	5	1	45293	3480	3530
ELSI_045	4	3	44983	660	710	44983	3540	3590	44983	6420	6470
ELSI_045	4	3	44985	840	890	44985	3720	3770	44985	6600	6650
ELSI_045	4	3	45294	780	830	45294	3660	3710	45294	6540	6590
ELSI_045	4	2	45809	2100	2175	45809	4980	5055
ELSI_047	4	1	45027	6660	6710
ELSI_047	4	1	45028	2190	2265
ELSI_047	4	1	45029	5070	5145
ELSI_047	4	1	45303	6300	6350
ELSI_048	7	1	45031	1020	1070
ELSI_048	7	1	45034	5250	5300
ELSI_048	7	1	45035	6660	6710
ELSI_048	7	1	45036	3600	3650
ELSI_048	7	1	45037	3780	3830
ELSI_048	7	1	45305	3900	3950
ELSI_048	7	1	45307	600	650
ELSI_049	6	1	44670	6660	6710
ELSI_049	6	1	44845	4890	4940
ELSI_049	6	1	45310	6360	6410
ELSI_049	6	1	45311	5340	5390
ELSI_049	6	1	45313	2460	2510
ELSI_049	6	1	45314	900	950
ELSI_070	1	1	43683	2580	2640
ELSI_071	1	1	45854	6300	6530
ELSI_081	3	1		2580	2640
ELSI_081	3	2	44393	2190	2325	44393	5070	5205
ELSI_081	3	2	44697	2190	2355	44697	5070	5235
ELSI_082	2	2	43704	2190	2325	43704	5070	5205
ELSI_082	2	2	44699	2190	2355	44699	5070	5235
ELSI_083	3	1		1080	1200
ELSI_083	3	2	44700	720	855	44700	3600	3735
ELSI_083	3	1	44760	3960	4140
ELSI_084	1	2	44698	720	855	44698	3600	3735
ELSI_086	3	1		1080	1260
ELSI_086	3	2	44706	1950	2090	44706	4830	4970
ELSI_086	3	1	44761	5400	5520
ELSI_087	1	2	44707	1950	2090	44707	4830	4970
ELSI_088	1	2	44709	510	650	44709	3390	3530
ELSI_089	1	2	44710	510	650	44710	3390	3530
ELSI_090	1	4	48276	570	870	48276	2010	2310	48276	3450	3750	48276	4890	5190
ELSI_091	3	2	45867	510	615	45867	6270	6375
ELSI_091	3	2	45868	2370	2430	45868	5250	5310
ELSI_091	3	2	46151	480	590	46151	3360	3470
ELSI_092	2	2	43734	1920	2070	43734	4800	4950
ELSI_092	2	2	43735	2370	2460	43735	5250	5340
