ELSI___010	10
ELSI___011	10
ELSI___012	10
ELSI___013	10
ELSI___014	10
ELSI___020	10
ELSI___021	10
ELSI___022	10
ELSI___023	10
ELSI___024	10
ELSI___041	10
ELSI___043	3
ELSI___044	1
ELSI___045	3
ELSI___047	1
ELSI___048	1
ELSI___049	1
ELSI___061	1,2,3,4,5,6,7
ELSI___062	1,2,3,4,5,6,7
ELSI___069	1,2,3,4,5,6,7
ELSI___070	1,2,3,4,5,6,7
ELSI___071	1,2,3,4,5,6,7
ELSI___073	1,2,3,4,5,6,7
ELSI___074	1,2,3,4,5,6,7
ELSI___075	1,2,3,4,5,6,7
ELSI___076	1,2,3,4,5,6,7
ELSI___077	1,2,3,4,5,6,7
ELSI___081	1,2,3,4,5,6,7
ELSI___082	1,2,3,4,5,6,7
ELSI___083	1,2,3,4,5,6,7
ELSI___084	1,2,3,4,5,6,7
ELSI___085	0,1,2,3,4,5,6,7
ELSI___086	1,2,3,4,5,6,7
ELSI___087	1,2,3,4,5,6,7
ELSI___088	1,2,3,4,5,6,7
ELSI___089	1,2,3,4,5,6,7
ELSI___090	1,2,3,4,5,6,7
ELSI___091	1,2,3,4,5,6,7,8,9,10,11,12,13,14,15,16,17,18,19,20,21
ELSI___092	1,2,3,4,5,6,7,8,9,10,11,12,13,14,15,16,17,18,19,20,21
