ENS__151	fall	1	1	14948	0	0
ENS__151	spring	1	1	13591	0	0
ENS__251	spring	1	2	13977	2040	2115	13977	4920	4995
ENS__271	fall	1	2	13911	840	915	13911	3720	3795
ENS__332	fall	1	2	15399	2040	2115	15399	4920	4995
ENS__401	spring	2	1	14681	0	0
ENS__401	spring	2	1	14682	0	0
ENS__404	fall	1	1	13127	1080	1290
ENS__404	spring	1	1	13594	0	0
ENS__405	fall	1	1	13754	0	0
ENS__411	spring	1	1	14286	0	0
ENS__418	spring	1	2	13377	840	940	13377	3720	3820
ENS__425	fall	1	1	13913	0	0
ENS__448	fall	2	1	14080	0	0
ENS__448	fall	2	1	14081	0	0
ENS__451	spring	1	2	14083	2160	2235	14083	5040	5115
ENS__463	spring	2	1	13272	0	0
ENS__463	spring	2	1	13273	0	0
ENS__468	spring	1	1	15143	0	0
ENS__476	fall	2	2	13915	2280	2380	13915	5160	5260
ENS__476	fall	2	2	13916	2280	2380	13916	5160	5260
ENS__501	spring	1	1	13595	0	0
ENS__503	spring	1	1	13280	0	0
ENS__543	fall	1	1	15626	2520	2730
ENS__550	spring	2	1	13632	0	0
ENS__550	spring	2	1	14518	5400	5610
ENS__551	fall	2	1	15627	5400	5610
ENS__551	fall	2	1	15628	0	0
ENS__552	spring	2	1	13282	3960	4170
ENS__552	spring	2	1	15531	0	0
ENS__571	spring	1	1	13277	0	0
ENS__581	spring	1	1	13278	0	0
ENS__587	fall	1	1	12523	0	0
