MIS__323	fall	3	1	14642	0	0
MIS__323	fall	3	1	15204	0	0
MIS__323	fall	3	1	15309	0	0
MIS__323	spring	2	1	14847	0	0
MIS__323	spring	2	1	15160	0	0
MIS__352	fall	4	1	10097	2520	2670
MIS__352	fall	4	1	10100	0	0
MIS__352	fall	4	1	13103	0	0
MIS__352	fall	4	1	12399	0	0
MIS__352	spring	4	1	10511	2520	2670
MIS__352	spring	4	1	11704	0	0
MIS__352	spring	4	1	12119	0	0
MIS__352	spring	4	1	15283	0	0
MIS__376	fall	2	1	15088	0	0
MIS__376	fall	2	1	15253	3960	4110
MIS__376	spring	2	1	15195	0	0
MIS__376	spring	2	1	15196	3960	4110
MIS__377	fall	1	1	15185	0	0
MIS__385	fall	1	1	14139	0	0
MIS__385	spring	1	1	14172	0	0
MIS__395	spring	1	1	13587	0	0
MIS__454	fall	1	1	14136	0	0
MIS__456	fall	1	1	14137	0	0
MIS__458	spring	1	1	13588	0	0
MIS__468	spring	1	1	14167	0	0
MIS__469	fall	1	1	14215	0	0
MIS__469	spring	1	1	14175	0	0
MIS__471	fall	1	1	15580	0	0
MIS__476	spring	1	1	15589	0	0
MIS__502	fall	1	1	10112	0	0
MIS__502	spring	2	1	10517	0	0
MIS__502	spring	2	1	14362	0	0
MIS__513	fall	5	1	13105	3720	3870
MIS__513	fall	5	1	10118	0	0
MIS__513	fall	5	1	14334	0	0
MIS__513	fall	5	1	14506	2520	2670
MIS__513	fall	5	1	15416	840	990
MIS__513	spring	5	1	10518	840	990
MIS__513	spring	5	1	14465	0	0
MIS__513	spring	5	1	15424	0	0
MIS__513	spring	5	1	15444	0	0
MIS__513	spring	5	1	15463	2280	2430
MIS__523	fall	4	1	10123	5160	5310
MIS__523	fall	4	1	12298	0	0
MIS__523	fall	4	1	14499	3960	4110
MIS__523	fall	4	1	14502	0	0
MIS__523	spring	4	1	14471	5400	5550
MIS__523	spring	4	1	14468	0	0
MIS__523	spring	4	1	12299	0	0
MIS__523	spring	4	1	15381	3720	3870
MIS__524	fall	1	1	15596	0	0
MIS__524	spring	2	1	15539	0	0
MIS__524	spring	2	1	15590	0	0
MIS__525	fall	4	1	12240	0	0
MIS__525	fall	4	1	15219	0	0
MIS__525	fall	4	1	15550	0	0
MIS__525	fall	4	1	15597	0	0
MIS__525	spring	3	1	11710	0	0
MIS__525	spring	3	1	15210	0	0
MIS__525	spring	3	1	15425	0	0
MIS__542	fall	5	1	10126	2280	2430
MIS__542	fall	5	1	14308	0	0
MIS__542	fall	5	1	14498	3960	4110
MIS__542	fall	5	1	15415	3960	4110
MIS__542	fall	5	1	15448	0	0
MIS__542	spring	4	1	14469	2520	2670
MIS__542	spring	4	1	14478	0	0
MIS__542	spring	4	1	14472	3720	3870
MIS__542	spring	4	1	15455	3960	4110
MIS__552	fall	4	1	10128	2520	2670
MIS__552	fall	4	1	14503	3720	3870
MIS__552	fall	4	1	15449	0	0
MIS__552	fall	4	1	15655	2280	2430
MIS__552	spring	5	1	10521	0	0
MIS__552	spring	5	1	12052	2280	2430
MIS__552	spring	5	1	14337	0	0
MIS__552	spring	5	1	14338	0	0
MIS__552	spring	5	1	15456	2280	2430
MIS__564	fall	5	1	10130	3960	4110
MIS__564	fall	5	1	14166	0	0
MIS__564	fall	5	1	14496	3720	3870
MIS__564	fall	5	1	15381	0	0
MIS__564	fall	5	1	15609	5160	5310
MIS__564	spring	4	1	11721	3960	4110
MIS__564	spring	4	1	10522	0	0
MIS__564	spring	4	1	14339	0	0
MIS__564	spring	4	1	14342	5160	5310
MIS__567	fall	4	1	14615	0	0
MIS__567	fall	4	1	14613	3720	3870
MIS__567	fall	4	1	14762	0	0
MIS__567	fall	4	1	15499	5160	5310
MIS__567	spring	4	1	14571	0	0
MIS__567	spring	4	1	14572	3720	3870
MIS__567	spring	4	1	14573	2520	2670
MIS__567	spring	4	1	15431	0	0
MIS__568	fall	3	1	13106	1080	1230
MIS__568	fall	3	1	13426	0	0
MIS__568	fall	3	1	13992	3960	4110
MIS__568	spring	4	1	14334	0	0
MIS__568	spring	4	1	14335	0	0
MIS__568	spring	4	1	14498	840	990
MIS__568	spring	4	1	15446	0	0
MIS__571	spring	1	1	15540	0	0
MIS__573	fall	3	1	10135	2520	2670
MIS__573	fall	3	1	12407	0	0
MIS__573	fall	3	1	14504	2280	2430
MIS__573	spring	3	1	11723	2520	2670
MIS__573	spring	3	1	12613	0	0
MIS__573	spring	3	1	14057	2520	2670
MIS__576	fall	5	1	13107	1080	1230
MIS__576	fall	5	1	14764	5160	5310
MIS__576	fall	5	1	15493	0	0
MIS__576	fall	5	1	15497	1080	1230
MIS__576	fall	5	1	15610	0	0
MIS__576	spring	5	1	14466	1080	1230
MIS__576	spring	5	1	13772	0	0
MIS__576	spring	5	1	14344	0	0
MIS__576	spring	5	1	15435	0	0
MIS__576	spring	5	1	15459	840	990
MIS__577	fall	3	1	14616	2520	2670
MIS__577	fall	3	1	14612	0	0
MIS__577	fall	3	1	15508	2280	2430
MIS__577	spring	2	1	14574	2520	2670
MIS__577	spring	2	1	14576	5160	5310
MIS__578	fall	5	1	12613	2520	2670
MIS__578	fall	5	1	14140	0	0
MIS__578	fall	5	1	14505	0	0
MIS__578	fall	5	1	15607	3720	3870
MIS__578	fall	5	1	15608	3960	4110
MIS__578	spring	4	1	12871	0	0
MIS__578	spring	4	1	13397	0	0
MIS__578	spring	4	1	15367	2280	2430
MIS__578	spring	4	1	15523	3960	4110
MIS__579	fall	4	1	15251	0	0
MIS__579	fall	4	1	15380	2280	2430
MIS__579	fall	4	1	15406	0	0
MIS__579	fall	4	1	15563	0	0
MIS__579	spring	3	1	15088	0	0
MIS__579	spring	3	1	15464	2520	2670
MIS__579	spring	3	1	15466	0	0
MIS__581	fall	3	1	15252	0	0
MIS__581	fall	3	1	15498	0	0
MIS__581	fall	3	1	15594	5160	5310
MIS__581	spring	2	1	15198	0	0
MIS__581	spring	2	1	15524	2520	2670
MIS__588	fall	5	1	15319	0	0
MIS__588	fall	5	1	15357	0	0
MIS__588	fall	5	1	15502	0	0
MIS__588	fall	5	1	15515	0	0
MIS__588	fall	5	1	15662	0	0
MIS__588	spring	4	1	15250	0	0
MIS__588	spring	4	1	15251	0	0
MIS__588	spring	4	1	15461	0	0
MIS__588	spring	4	1	15527	0	0
MIS__591	fall	2	1	15435	5400	5550
MIS__591	fall	2	1	15468	0	0
MIS__591	spring	2	1	15426	0	0
MIS__591	spring	2	1	15520	5400	5550
MIS__592	fall	1	1	15436	0	0
MIS__592	spring	2	1	15427	0	0
MIS__592	spring	2	1	15503	3960	4110
MIS__593	fall	1	1	15437	0	0
MIS__593	spring	2	1	15428	0	0
MIS__593	spring	2	1	15460	2280	2430
MIS__594	fall	1	1	15438	0	0
MIS__594	spring	2	1	15429	0	0
MIS__594	spring	2	1	15462	5160	5310
MIS__595	fall	1	1	15440	0	0
MIS__595	spring	3	1	15421	0	0
MIS__595	spring	3	1	15422	0	0
MIS__595	spring	3	1	15521	3720	3870
