PSCI___425	2	1	46244	810	860
PSCI___425	2	1	46245	810	860
PSCI___447	1	1	49111	2250	2300
PSCI___501	1	2	45212	2310	2385	45212	5190	5265
PSCI___502	1	1	45213	3750	3800
PSCI___504	1	1	45458	3690	3790
PSCI___505	1	1	47239	3690	3790
PSCI___518	2	2	46153	2430	2505	46153	5310	5385
PSCI___518	2	2	46617	2430	2505	46617	5310	5385
PSCI___520	1	3	45216	930	980	45216	3810	3860	45216	6690	6740
PSCI___521	1	2	44039	2370	2445	44039	5250	5325
PSCI___530	1	5	44040	930	980	44040	2370	2420	44040	3810	3860	44040	5250	5300	44040	6690	6740
PSCI___531	1	3	46247	990	1040	46247	3870	3920	46247	6750	6800
PSCI___541	2	1	47297	2310	2420
PSCI___541	2	1	47298	2310	2420
PSCI___594	2	1	46656	2430	2530
PSCI___594	2	1	47237	3870	3920
