NUEL_244	spring	1	1	47325	0	0
NUEL_250	fall	2	1	46191	2040	2210
NUEL_250	fall	2	1	50403	2220	2390
NUEL_250	spring	2	1	31142	2220	2390
NUEL_250	spring	2	1	48296	1980	2150
NUEL_394	fall	1	1	37378	540	710
NUEL_399	fall	1	1	31283	0	0
NUEL_399	spring	1	1	32836	0	0
NUEL_520	fall	1	1	46374	1980	2160
NUEL_520	spring	2	7		6300	6480		6300	6480		6300	6480		6300	6480		6300	6480		6300	6480		6300	6480
NUEL_520	spring	2	1	40576	6300	6480
NUEL_522	fall	1	1	45382	0	0
NUEL_522	spring	1	1	46578	0	0
NUEL_524	fall	1	1	40812	0	0
NUEL_526	fall	1	1	48854	0	0
NUEL_527	spring	1	1	47359	0	0
NUEL_528	fall	1	1	42627	0	0
NUEL_529	spring	1	1	42115	0	0
NUEL_530	fall	1	1	42628	0	0
NUEL_531	spring	1	1	42802	0	0
NUEL_532	fall	1	1	45383	0	0
NUEL_533	spring	1	1	43980	0	0
NUEL_546	fall	1	1	31635	0	0
NUEL_547	spring	1	1	31354	3660	3890
NUEL_572	fall	2	6		540	710		540	710		540	710		540	710		540	710		540	710
NUEL_572	fall	2	1	46883	540	710
NUEL_573	spring	1	1	45929	0	0
NUEL_574	fall	1	1	47834	6480	6660
NUEL_577	fall	1	1	42629	0	0
NUEL_586	fall	1	1	42630	0	0
NUEL_587	fall	1	1	42631	0	0
NUEL_588	fall	1	1	44881	0	0
NUEL_594	fall	1	1	49003	0	0
NUEL_594	spring	2	1	44326	2220	2400
NUEL_594	spring	2	1	47410	6540	6660
NUEL_596	fall	1	1	31940	0	0
NUEL_596	spring	1	1	32598	0	0
