DHD___100	1
DHD___101	3
DHD___102	3
DHD___103	3
DHD___201	3
DHD___202	3
DHD___203	3
DHD___204	3
DHD___205	3
DHD___206	3
DHD___301	3
DHD___302	3
DHD___303	3
DHD___390	3
DHD___400	1
DHD___401	3
DHD___403	3
DHD___404	4
DHD___406	4
DHD___407	4
DHD___408	3
DHD___409	2
DHD___420	4
DHD___440	3
DHD___494	1,2,3,4,5
DHD___501	4
DHD___502	4
DHD___505	4
DHD___506	3
DHD___510	3
DHD___514	2,3,4
DHD___515	3
DHD___526	3
DHD___528	2,3,4
DHD___530	3
DHD___535	3
DHD___537	3
DHD___541	3
DHD___543	3
DHD___544	2
DHD___546	4
DHD___548	3
DHD___551	2
DHD___553	1
DHD___554	3
DHD___555	3
DHD___556	1
DHD___557	2
DHD___561	4
DHD___562	1
DHD___566	2
DHD___568	3
DHD___570	3
DHD___572	4
DHD___573	3
DHD___576	4
DHD___578	0,1,2,3,4,5
DHD___581	2
DHD___589	1
DHD___590	0,1,2,3,4,5,6,7,8,9,10,11,12,13
DHD___592	1
DHD___593	1,2,3,4,5,6,7,8,9
DHD___594	1,2,3,4,5
DHD___595	1,2,3,4,5
DHD___596	1,2,3,4,5
DHD___597	0,1,2,3,4,5,6,7,8,9,10,11,12,13,14,15,16,17
DHD___598	0,1,2,3,4,5,6,7,8,9,10,11,12,13,14,15,16,17
DHD___599	0,1,2,3,4,5,6,7,8,9,10,11,12,13,14,15,16,17
