JD___400	spring	1	2	43924	2355	2445	43924	5235	5325
JD___401	fall	12	3	44283	960	1010	44283	3840	3890	44283	6720	6770
JD___401	fall	12	1	44338	3480	3600
JD___401	fall	12	1	44566	3480	3600
JD___401	fall	12	1	44567	3480	3600
JD___401	fall	12	1	44568	4920	5040
JD___401	fall	12	1	44569	4920	5040
JD___401	fall	12	1	44570	4920	5040
JD___401	fall	12	1	44571	600	720
JD___401	fall	12	1	44572	600	720
JD___401	fall	12	1	44573	600	720
JD___401	fall	12	1	44574	1080	1200
JD___401	fall	12	1	44575	1080	1200
JD___401	spring	1	1	43827	2040	2160
JD___405	fall	5	3	44287	600	720	44287	3480	3600	44287	6360	6480
JD___405	fall	5	1	44321	1080	1260
JD___405	fall	5	2	44557	2070	2160	44557	4950	5040
JD___405	fall	5	2	44558	2340	2430	44558	5220	5310
JD___405	fall	5	2	44559	2340	2430	44559	5220	5310
JD___405	spring	2	2	43800	2355	2445	43800	5235	5325
JD___405	spring	2	1	43801	3960	4095
JD___406	fall	7	1	44280	2280	2330
JD___406	fall	7	2	44309	780	900	44309	3660	3780
JD___406	fall	7	2	44310	570	690	44310	3450	3570
JD___406	fall	7	2	44311	2340	2460	44311	5220	5340
JD___406	fall	7	1	44392	3480	3600
JD___406	fall	7	2	44599	600	720	44599	4920	5040
JD___406	fall	7	2	44600	600	720	44600	6360	6480
JD___406	spring	2	2	43896	600	720	43896	3480	3600
JD___406	spring	2	1	43897	2520	2700
JD___407	fall	6	1	44282	5400	5580
JD___407	fall	6	1	44284	5220	5330
JD___407	fall	6	2	44396	2220	2340	44396	6540	6660
JD___407	fall	6	2	44602	780	900	44602	3660	3780
JD___407	fall	6	2	44603	780	900	44603	3660	3780
JD___407	fall	6	2	44604	930	1050	44604	3810	3930
JD___407	spring	1	2	43909	780	900	43909	3660	3780
JD___409	fall	1	1	45048	5160	5340
JD___409	spring	1	1	43974	2520	2700
JD___411	fall	4	3	44281	780	830	44281	3660	3710	44281	6540	6590
JD___411	fall	4	2	44289	1980	2040	44289	4860	4920
JD___411	fall	4	2	44316	915	1005	44316	3795	3885
JD___411	fall	4	1	44551	3960	4140
JD___411	spring	3	2	43788	2235	2325	43788	5115	5205
JD___411	spring	3	2	43790	2235	2325	43790	5115	5205
JD___411	spring	3	1	43791	2340	2460
JD___414	fall	2	2	44318	2355	2445	44318	5235	5325
JD___414	fall	2	1	44554	5400	5580
JD___414	spring	3	2	43795	795	885	43795	3675	3765
JD___414	spring	3	2	43796	915	1005	43796	3795	3885
JD___414	spring	3	2	43797	915	1005	43797	3795	3885
JD___415	fall	2	2	44322	795	885	44322	3675	3765
JD___415	fall	2	1	44560	1080	1260
JD___415	spring	3	2	43802	2355	2445	43802	5235	5325
JD___415	spring	3	2	43803	2355	2445	43803	5235	5325
JD___415	spring	3	2	43804	2235	2325	43804	5115	5205
JD___416	fall	2	2	44324	630	720	44324	3510	3600
JD___416	fall	2	1	44561	2520	2700
JD___416	spring	4	2	43808	795	885	43808	3675	3765
JD___416	spring	4	2	43809	795	885	43809	3675	3765
JD___416	spring	4	2	43810	915	1005	43810	3795	3885
JD___416	spring	4	1	43811	3960	4140
JD___418	fall	1	1	45113	5400	5580
JD___419	fall	1	1	44988	2520	2700
JD___419	spring	1	1	47091	5400	5580
JD___421	fall	3	1	44317	3660	3780
JD___421	fall	3	2	44552	915	1005	44552	3795	3885
JD___421	fall	3	2	44553	795	885	44553	3675	3765
JD___421	spring	2	2	43792	2070	2160	43792	4950	5040
JD___421	spring	2	1	43793	1080	1260
JD___423	fall	3	1	44307	2280	2460
JD___423	fall	3	1	44389	3720	3900
JD___423	fall	3	2	44598	795	885	44598	3675	3765
JD___423	spring	4	2	43894	915	1005	43894	3795	3885
JD___423	spring	4	1	43895	3960	4140
JD___423	spring	4	2	46863	795	885	46863	3675	3765
JD___423	spring	4	1	47093	3960	4140
JD___424	fall	4	2	44319	2070	2160	44319	4950	5040
JD___424	fall	4	2	44555	2235	2325	44555	5115	5205
JD___424	fall	4	2	44556	2235	2325	44556	5115	5205
JD___424	fall	4	1	46010	5400	5580
JD___424	spring	2	2	43798	795	885	43798	3675	3765
JD___424	spring	2	1	43799	2520	2700
JD___425	fall	4	2	44336	600	720	44336	3480	3600
JD___425	fall	4	2	44564	2040	2160	44564	4920	5040
JD___425	fall	4	1	44565	2520	2700
JD___425	fall	4	2	49420	2220	2340	49420	5100	5220
JD___425	spring	1	2	43824	2220	2340	43824	5100	5220
JD___428	spring	1	1	43955	3960	4140
JD___432	fall	1	1	44442	5400	5580
JD___432	spring	1	1	43977	2280	2460
JD___434	fall	1	1	44412	3720	3840
JD___434	spring	1	1	43821	840	960
JD___438	fall	1	1	44423	2280	2460
JD___439	fall	1	2	44994	915	1005	44994	3795	3885
JD___439	spring	2	1	43345	3960	4140
JD___439	spring	2	2	43902	795	885	43902	3675	3765
JD___450	spring	2	1		5520	5580
JD___450	spring	2	1	43884	600	720
JD___452	fall	1	1	44436	3960	4080
JD___452	spring	1	1	46145	3960	4080
JD___464	spring	1	1	47874	3960	4080
JD___468	spring	1	1	43922	1080	1260
JD___469	spring	1	1	46146	5400	5580
JD___470	fall	2	1	44415	2220	2400
JD___470	fall	2	1	44434	3960	4140
JD___470	spring	1	1	45007	3990	4050
JD___475	fall	1	2	44431	2235	2325	44431	5115	5205
JD___475	spring	1	1	44997	5340	5400
JD___479	fall	1	1	44429	2520	2640
JD___497	fall	1	1	46018	2520	2640
JD___498	fall	1	1	44406	2520	2700
JD___498	spring	2	1	43748	1080	1260
JD___498	spring	2	2	47875	630	720	47875	3510	3600
JD___515	fall	1	1	49165	5220	5310
JD___518	fall	1	2	44421	2235	2325	44421	5115	5205
JD___534	fall	1	1	45111	1080	1260
JD___546	fall	1	2	44285	2010	2085	44285	4890	4965
