GC___470	2	1	12215	5280	5330
GC___470	2	1	39952	5280	5330
GC___473	2	2	12216	2160	2250	12216	5040	5130
GC___473	2	2	17840	2160	2210	17840	5040	5090
GC___501	2	1	38507	2490	2550
GC___501	2	1	40561	6660	6710
GC___509	2	2	41198	2280	2390	41198	5160	5270
GC___509	2	2	41861	2040	2150	41861	4920	5030
GC___510	8	1	38512	6540	6650
GC___510	8	1	38513	3480	3590
GC___510	8	1	38514	3720	3830
GC___510	8	1	38517	5160	5270
GC___510	8	1	38518	4980	5090
GC___510	8	1	44959	3660	3770
GC___510	8	1	44960	3480	3590
GC___510	8	1	49049	3960	4070
GC___511	3	1	44962	3480	3590
GC___511	3	1	44964	3720	3830
GC___511	3	1	47468	4980	5090
GC___512	2	1	40402	5250	5415
GC___512	2	1	41199	3780	3950
GC___550	1	1	48886	4860	4910
GC___591	2	1	48011	2370	2490
GC___591	2	1	49519	3840	3950
GC___592	2	1	41200	2400	2520
GC___592	2	1	45675	900	1010
GC___593	2	1	36271	3660	3770
GC___593	2	1	36488	780	890
GC___594	2	1	39874	6660	6780
GC___594	2	1	46657	3840	3960
