KN___100	2	2	29557	2100	2150	29557	4980	5030
KN___100	2	1	46687	3660	3770
KN___110	1	2	45257	780	830	45257	3660	3710
KN___130	3	2	39882	2100	2175	39882	4980	5055
KN___130	3	2	42801	2550	2625	42801	5430	5505
KN___130	3	2	45291	2010	2085	45291	4890	4965
KN___136	2	2	30408	540	590	30408	3420	3470
KN___136	2	2	38079	2010	2060	38079	4890	4940
KN___137	1	2	30414	1980	2030	30414	4860	4910
KN___150	2	2	43322	2370	2445	43322	5250	5325
KN___150	2	2	44621	2190	2265	44621	5070	5145
KN___151	1	1	45260	4800	4850
KN___152	2	2	37318	660	710	37318	3540	3590
KN___152	2	2	42924	480	530	42924	3360	3410
KN___194	1	2	41851	540	590	41851	3420	3470
KN___200	2	2	38122	780	830	38122	3660	3710
KN___200	2	2	39885	720	770	39885	3600	3650
KN___232	1	1	49476	480	645
KN___233	1	1	47855	480	645
KN___237	1	2	45175	2010	2085	45175	4890	4965
KN___243	2	2	27636	2190	2240	27636	5070	5120
KN___243	2	2	29933	2190	2265	29933	5070	5145
KN___245	1	2	45205	660	710	45205	3540	3590
KN___246	1	1	48656	600	650
KN___261	1	2	36410	2100	2175	36410	4980	5055
KN___262	1	2	39902	780	830	39902	3660	3710
KN___300	1	3	39887	600	650	39887	3480	3530	39887	6360	6410
KN___331	1	2	29961	660	710	29961	3540	3590
KN___336	2	2	45174	2190	2265	45174	5070	5145
KN___336	2	2	45340	2100	2175	45340	4980	5055
KN___337	2	2	37227	2280	2355	37227	5160	5235
KN___337	2	2	42309	2100	2175	42309	4980	5055
KN___345	1	2	29975	720	770	29975	3600	3650
KN___352	1	3	29985	480	530	29985	3360	3410	29985	6240	6290
KN___361	2	2	30415	1920	1995	30415	4800	4875
KN___361	2	2	43470	2010	2085	43470	4890	4965
KN___362	2	2	45273	2190	2265	45273	5070	5145
KN___362	2	2	48323	2100	2175	48323	4980	5055
KN___372	2	2	29994	2280	2355	29994	5160	5235
KN___372	2	2	42796	2010	2085	42796	4890	4965
KN___400	1	1	39888	5250	5415
KN___410	1	2	37228	2100	2175	37228	4980	5055
KN___431	1	2	42842	900	975	42842	3780	3855
KN___432	2	1	47426	3780	3945
KN___432	2	1	47889	2370	2535
KN___433	2	1	47890	900	1065
KN___433	2	1	48573	5250	5415
KN___434	1	1	47355	900	1065
KN___435	1	2	40239	2010	2085	40239	4890	4965
KN___438	1	1	45341	2100	2175
KN___441	1	3	48043	600	650	48043	3480	3530	48043	6360	6410
KN___442	1	3	30025	720	770	30025	3600	3650	30025	6480	6530
KN___445	1	1	44343	780	880
KN___447	1	1	44345	3780	3945
KN___448	1	2	39698	2100	2175	39698	4980	5055
KN___450	2	2	39762	720	770	39762	3600	3650
KN___450	2	2	41360	780	855	41360	3660	3735
KN___465	1	2	30416	2190	2265	30416	5070	5145
KN___472	1	2	30032	2370	2445	30032	5250	5325
KN___491	3	1	45275	540	590
KN___491	3	1	47891	2100	2175
KN___491	3	1	48390	2190	2265
KN___494	3	2	33504	900	975	33504	3780	3855
KN___494	3	1	42094	6600	6720
KN___494	3	1	47550	2460	2550
KN___500	1	2	30417	2280	2355	30417	5160	5235
KN___501	1	1	31039	5100	5210
KN___503	1	2	39896	780	830	39896	3660	3710
KN___511	1	1	46452	3990	4065
KN___521	1	1	41400	900	1065
KN___531	1	1	49275	2370	2535
KN___532	1	1	47833	900	1065
KN___533	1	1	49276	3360	3525
KN___534	1	1	48083	480	645
KN___536	1	1	48090	3360	3525
KN___538	1	1	36227	1020	1140
KN___540	1	2	49002	2190	2265	49002	5070	5145
KN___542	1	2	49277	2100	2150	49277	4980	5030
KN___545	1	2	33762	780	855	33762	3660	3735
KN___547	1	2	47497	780	830	47497	3660	3710
KN___550	1	3	48990	540	590	48990	3420	3470	48990	6300	6350
KN___552	1	2	38469	2220	2295	38469	5100	5175
KN___554	1	2	45708	2190	2265	45708	5070	5145
KN___571	1	1	39706	2160	2325
KN___574	1	1	38473	3780	3950
KN___581	1	1	38833	6540	6590
KN___591	1	1	41361	3360	3525
KN___594	5	2	33640	2280	2355	33640	5160	5235
KN___594	5	1	37021	1920	2085
KN___594	5	2	38364	2370	2445	38364	5250	5325
KN___594	5	1	39895	5250	5415
KN___594	5	1	40423	2370	2470
