BCMG_399	fall	1	1	32564	0	0
BCMG_399	spring	1	1	33913	0	0
BCMG_411	fall	1	1	23667	0	0
BCMG_501	fall	1	1	23393	6450	6570
BCMG_503	fall	1	1	23394	0	0
BCMG_503	spring	1	1	21069	0	0
BCMG_513	spring	1	3	21989	510	570	21989	3390	3450	21989	6270	6330
BCMG_515	fall	1	1	23395	3720	3960
BCMG_515	spring	1	1	21073	990	1110
BCMG_526	fall	1	2	23777	2280	2355	23777	5160	5235
BCMG_531	fall	1	5	23397	630	680	23397	2070	2120	23397	3510	3560	23397	4950	5000	23397	6390	6440
BCMG_575	fall	1	2	23399	840	930	23399	6600	6690
BCMG_575	spring	1	1	45973	810	900
BCMG_594	fall	1	2	48061	810	900	48061	6570	6660
BCMG_595	fall	1	1	23400	720	780
BCMG_595	spring	1	1	21078	720	780
BCMG_598	fall	1	1	23401	0	0
BCMG_598	spring	1	1	31984	0	0
BCMG_599	fall	1	1	23402	0	0
BCMG_599	spring	1	1	21096	0	0
