LCSL_103	fall	1	4	33317	660	710	33317	2100	2150	33317	3540	3590	33317	4980	5030
LCSL_207	fall	2	2	39295	2370	2445	39295	5250	5325
LCSL_207	fall	2	3	39381	780	830	39381	3660	3710	39381	6540	6590
LCSL_207	spring	1	2	38293	2280	2355	38293	5160	5235
LCSL_250	spring	1	2	47219	2010	2085	47219	4890	4965
LCSL_406	fall	2	2	40138	2190	2265	40138	5070	5145
LCSL_406	fall	2	2	40139	2190	2265	40139	5070	5145
LCSL_406	spring	2	1	38485	2370	2520
LCSL_406	spring	2	1	38486	2370	2520
LCSL_459	spring	2	2	47118	2100	2175	47118	4980	5055
LCSL_459	spring	2	2	47119	2100	2175	47119	4980	5055
LCSL_483	fall	2	2	34669	2280	2355	34669	5160	5235
LCSL_483	fall	2	2	34670	2280	2355	34670	5160	5235
LCSL_502	fall	3	1	32448	900	1065
LCSL_502	fall	3	1	35557	3780	3930
LCSL_502	fall	3	1	40805	900	1070
LCSL_510	fall	2	1	37537	5430	5580
LCSL_510	fall	2	1	41318	3780	3930
LCSL_510	spring	1	1	39283	2370	2520
