EAES_101	fall	1	3	13437	600	650	13437	3480	3530	13437	6360	6410
EAES_101	spring	1	3	31216	600	650	31216	3480	3530	31216	6360	6410
EAES_111	fall	1	3	31773	660	710	31773	3540	3590	31773	6420	6470
EAES_111	spring	1	3	31340	660	710	31340	3540	3590	31340	6420	6470
EAES_180	fall	1	1	13471	0	0
EAES_200	spring	1	1	26438	0	0
EAES_203	fall	1	3	49516	720	770	49516	3600	3650	49516	6480	6530
EAES_230	fall	1	2	32194	1980	2030	32194	4860	4910
EAES_285	spring	2	1		1980	2090
EAES_285	spring	2	1	31341	4860	4910
EAES_290	fall	1	1	32195	6360	6470
EAES_290	spring	1	2	34275	2220	2270	34275	5100	5150
EAES_330	fall	1	2	50102	1980	2030	50102	4860	4910
EAES_350	fall	1	1	34424	900	1010
EAES_360	fall	1	2	39240	3720	3800	39240	6600	6680
EAES_380	fall	1	1	50152	900	1010
EAES_396	fall	1	1	18239	0	0
EAES_415	fall	1	2	44866	540	650	44866	3420	3530
EAES_416	fall	1	2	35430	810	890	35430	3690	3770
EAES_418	fall	1	2	42718	570	650	42718	3450	3530
EAES_422	fall	3	2		540	650		540	650
EAES_422	fall	3	1	37110	3420	3470
EAES_422	fall	3	1	37240	3420	3470
EAES_440	fall	2	1	37115	2160	2270
EAES_440	fall	2	1	37241	2160	2270
EAES_444	fall	1	2	31607	2280	2390	31607	5160	5270
EAES_448	fall	1	2	43467	570	650	43467	3450	3530
EAES_460	fall	1	2	38174	900	1010	38174	3780	3890
EAES_470	fall	1	1	13510	840	1010
EAES_470	spring	2	1		780	890
EAES_470	spring	2	1	40451	3660	3710
EAES_472	fall	1	1	50211	780	890
EAES_473	fall	1	2	34426	540	650	34426	3420	3530
EAES_473	spring	1	2	45057	540	650	45057	3420	3530
EAES_475	fall	1	2	33275	660	710	33275	3540	3590
EAES_478	fall	1	1	40590	0	0
EAES_478	spring	1	1	39756	0	0
EAES_480	fall	2	1	33277	900	1010
EAES_480	fall	2	1	33423	900	1010
EAES_484	fall	1	2	33280	2160	2240	33280	5040	5120
EAES_490	spring	1	2	48321	2280	2390	48321	5160	5270
EAES_510	fall	1	2	43468	2100	2210	43468	4980	5090
EAES_511	fall	1	2	31609	540	650	31609	3420	3530
EAES_512	fall	1	2	34427	780	890	34427	6540	6650
EAES_513	fall	1	1	35436	6540	6770
EAES_513	spring	1	2	30089	2100	2210	30089	6420	6530
EAES_514	fall	1	1	37117	6540	6770
EAES_516	fall	1	2	38175	900	1010	38175	3780	3890
EAES_518	fall	1	2	47013	660	770	47013	3540	3650
EAES_525	spring	1	2	48322	660	770	48322	3540	3650
EAES_543	fall	1	2	33282	2100	2210	33282	4980	5090
EAES_545	fall	1	2	31608	2160	2270	31608	5040	5150
EAES_547	fall	1	1	32122	0	0
EAES_560	fall	1	2	40903	2040	2150	40903	4920	5030
EAES_577	fall	1	1	45985	6480	6710
EAES_578	fall	1	2	43596	2100	2210	43596	4980	5090
EAES_579	fall	1	2	49148	780	890	49148	3660	3770
EAES_580	fall	1	2	35440	2100	2210	35440	4980	5090
EAES_582	fall	1	2	50154	660	770	50154	3540	3650
EAES_595	fall	1	1	13525	5040	5090
EAES_595	spring	1	1	20825	5040	5090
EAES_596	fall	1	1	18249	0	0
EAES_596	spring	1	1	23339	0	0
EAES_598	fall	1	1	18264	0	0
EAES_598	spring	1	1	23351	0	0
EAES_599	fall	1	1	18266	0	0
EAES_599	spring	1	1	23363	0	0
