MATH___088_39491	2	39491	1920	1970	39491	4800	4850
MATH___088_39492	2	39492	1980	2030	39492	4860	4910
MATH___088_39493	2	39493	1980	2030	39493	4860	4910
MATH___088_39494	2	39494	2040	2090	39494	4920	4970
MATH___088_39495	2	39495	2100	2150	39495	4980	5030
MATH___088_39496	2	39496	2280	2330	39496	5160	5210
MATH___088_39497	2	39497	2160	2210	39497	5040	5090
MATH___088_39498	2	39498	2340	2390	39498	5220	5270
MATH___088_39499	2	39499	2400	2450	39499	5280	5330
MATH___088_39899	2	39899	2340	2390	39899	5220	5270
MATH___088_48170	2	48170	2340	2390	48170	5220	5270
MATH___090_42726	2	42726	540	615	42726	3420	3495
MATH___090_42727	2	42727	780	855	42727	3660	3735
MATH___090_43322	3	43322	720	770	43322	3600	3650	43322	6480	6530
MATH___090_43323	3	43323	900	950	43323	3780	3830	43323	6660	6710
MATH___090_43324	3	43324	600	650	43324	3480	3530	43324	6360	6410
MATH___090_43325	3	43325	480	530	43325	3360	3410	43325	6240	6290
MATH___090_43326	3	43326	660	710	43326	3540	3590	43326	6420	6470
MATH___090_43327	3	43327	540	590	43327	3420	3470	43327	6300	6350
MATH___090_43328	3	43328	720	770	43328	3600	3650	43328	6480	6530
MATH___090_43329	3	43329	840	890	43329	3720	3770	43329	6600	6650
MATH___090_43330	3	43330	660	710	43330	3540	3590	43330	6420	6470
MATH___090_43331	3	43331	840	890	43331	3720	3770	43331	6600	6650
MATH___090_43332	3	43332	540	590	43332	3420	3470	43332	6300	6350
MATH___090_43333	3	43333	900	950	43333	3780	3830	43333	6660	6710
MATH___090_43334	3	43334	960	1010	43334	3840	3890	43334	6720	6770
MATH___090_46426	2	46426	630	705	46426	3510	3585
MATH___090_48217	3	48217	1020	1070	48217	3900	3950	48217	6780	6830
MATH___090_48218	3	48218	1020	1070	48218	3900	3950	48218	6780	6830
MATH___090_48984	3	48984	960	1010	48984	3840	3890	48984	6720	6770
MATH___100_47479	1	47479	3780	3830
MATH___104_45234	2	45234	2280	2330	45234	5160	5210
MATH___104_46435	2	46435	1980	2030	46435	4860	4910
MATH___104_46436	2	46436	2100	2150	46436	4980	5030
MATH___105_45241	3	45241	720	770	45241	3600	3650	45241	6480	6530
MATH___105_45242	2	45242	2040	2090	45242	4920	4970
MATH___105_45243	2	45243	2100	2150	45243	4980	5030
MATH___105_45245	2	45245	1980	2030	45245	4860	4910
MATH___105_45247	2	45247	2160	2210	45247	5040	5090
MATH___105_46421	2	46421	2460	2510	46421	5340	5390
MATH___105_46422	2	46422	2340	2390	46422	5220	5270
MATH___105_46423	2	46423	2400	2450	46423	5280	5330
MATH___105_46424	2	46424	2460	2510	46424	5340	5390
MATH___105_46425	2	46425	2340	2390	46425	5220	5270
MATH___105_46426	2	46426	2400	2450	46426	5280	5330
MATH___105_46427	3	46427	840	890	46427	3720	3770	46427	6600	6650
MATH___105_46428	2	46428	2100	2150	46428	4980	5030
MATH___105_46429	2	46429	2160	2210	46429	5040	5090
MATH___105_46430	2	46430	2160	2210	46430	5040	5090
MATH___105_46431	2	46431	2280	2330	46431	5160	5210
MATH___105_46432	2	46432	1980	2030	46432	4860	4910
MATH___105_46433	2	46433	2040	2090	46433	4920	4970
MATH___105_46434	3	46434	720	770	46434	3600	3650	46434	6480	6530
MATH___109_42758	2	42758	2040	2090	42758	4920	4970
MATH___109_43908	2	43908	2100	2150	43908	4980	5030
MATH___109_43909	2	43909	2340	2390	43909	5220	5270
MATH___109_43910	2	43910	2280	2330	43910	5160	5210
MATH___109_43911	2	43911	1980	2030	43911	4860	4910
MATH___109_43912	2	43912	2280	2330	43912	5160	5210
MATH___109_43913	2	43913	2040	2090	43913	4920	4970
MATH___109_44135	2	44135	2340	2390	44135	5220	5270
MATH___110_39069	3	39069	780	830	39069	3660	3710	39069	6540	6590
MATH___110_39070	3	39070	600	650	39070	3480	3530	39070	6360	6410
MATH___110_39071	3	39071	960	1010	39071	3840	3890	39071	6720	6770
MATH___110_39079	2	39079	1980	2030	39079	4860	4910
MATH___110_39080	2	39080	2040	2090	39080	4920	4970
MATH___110_39082	2	39082	1920	1970	39082	4800	4850
MATH___110_39083	2	39083	1980	2030	39083	4860	4910
MATH___110_39084	2	39084	2040	2090	39084	4920	4970
MATH___110_39112	2	39112	2340	2390	39112	5220	5270
MATH___110_39113	2	39113	2100	2150	39113	4980	5030
MATH___110_39114	2	39114	2280	2330	39114	5160	5210
MATH___110_39115	2	39115	2400	2450	39115	5280	5330
MATH___110_39117	2	39117	2280	2330	39117	5160	5210
MATH___110_39118	2	39118	2280	2330	39118	5160	5210
MATH___110_39119	2	39119	2340	2390	39119	5220	5270
MATH___110_39121	2	39121	2280	2330	39121	5160	5210
MATH___110_39123	2	39123	2400	2450	39123	5280	5330
MATH___110_39500	3	39500	960	1010	39500	3840	3890	39500	6720	6770
MATH___110_39501	2	39501	2400	2450	39501	5280	5330
MATH___110_39502	2	39502	2400	2450	39502	5280	5330
MATH___110_39503	2	39503	2340	2390	39503	5220	5270
MATH___110_39504	2	39504	2340	2390	39504	5220	5270
MATH___110_39505	2	39505	2460	2510	39505	5340	5390
MATH___110_39506	2	39506	2460	2510	39506	5340	5390
MATH___110_39507	3	39507	840	890	39507	3720	3770	39507	6600	6650
MATH___110_39508	2	39508	2460	2510	39508	5340	5390
MATH___110_39509	2	39509	2460	2510	39509	5340	5390
MATH___110_39510	2	39510	2340	2390	39510	5220	5270
MATH___110_39511	2	39511	2340	2390	39511	5220	5270
MATH___110_39512	2	39512	2280	2330	39512	5160	5210
MATH___110_39513	2	39513	2280	2330	39513	5160	5210
MATH___110_40307	2	40307	2160	2210	40307	5040	5090
MATH___110_40311	3	40311	480	530	40311	3360	3410	40311	6240	6290
MATH___110_40430	3	40430	960	1010	40430	3840	3890	40430	6720	6770
MATH___110_40431	2	40431	2460	2510	40431	5340	5390
MATH___110_40432	2	40432	2460	2510	40432	5340	5390
MATH___110_40433	2	40433	2340	2390	40433	5220	5270
MATH___110_40434	2	40434	2340	2390	40434	5220	5270
MATH___110_40435	2	40435	2400	2450	40435	5280	5330
MATH___110_40436	2	40436	2400	2450	40436	5280	5330
MATH___110_40535	3	40535	720	770	40535	3600	3650	40535	6480	6530
MATH___110_40536	2	40536	1920	1970	40536	4800	4850
MATH___110_40537	2	40537	1980	2030	40537	4860	4910
MATH___110_40538	2	40538	2040	2090	40538	4920	4970
MATH___110_41026	2	41026	1920	1970	41026	4800	4850
MATH___110_41027	2	41027	1980	2030	41027	4860	4910
MATH___110_41647	2	41647	2100	2150	41647	4980	5030
MATH___110_41648	2	41648	2160	2210	41648	5040	5090
MATH___110_41649	2	41649	2280	2330	41649	5160	5210
MATH___110_41650	3	41650	660	710	41650	3540	3590	41650	6420	6470
MATH___110_41651	2	41651	1920	1970	41651	4800	4850
MATH___110_41652	2	41652	1980	2030	41652	4860	4910
MATH___110_41653	2	41653	2280	2330	41653	5160	5210
MATH___110_41654	2	41654	1980	2030	41654	4860	4910
MATH___110_41655	2	41655	2160	2210	41655	5040	5090
MATH___110_41656	2	41656	2100	2150	41656	4980	5030
MATH___110_41699	2	41699	2040	2090	41699	4920	4970
MATH___110_41701	2	41701	2100	2150	41701	4980	5030
MATH___110_41926	3	41926	600	650	41926	3480	3530	41926	6360	6410
MATH___110_41927	2	41927	2040	2090	41927	4920	4970
MATH___110_41929	2	41929	2340	2390	41929	5220	5270
MATH___110_41930	2	41930	2460	2510	41930	5340	5390
MATH___110_43001	2	43001	2400	2450	43001	5280	5330
MATH___110_43002	2	43002	2460	2510	43002	5340	5390
MATH___110_43392	3	43392	540	590	43392	3420	3470	43392	6300	6350
MATH___110_43393	2	43393	1920	1970	43393	4800	4850
MATH___110_43394	2	43394	2100	2150	43394	4980	5030
MATH___110_43395	2	43395	2040	2090	43395	4920	4970
MATH___110_43396	2	43396	1980	2030	43396	4860	4910
MATH___110_43397	2	43397	2100	2150	43397	4980	5030
MATH___110_43399	2	43399	2160	2210	43399	5040	5090
MATH___110_43847	2	43847	2280	2330	43847	5160	5210
MATH___110_45798	3	45798	540	590	45798	3420	3470	45798	6300	6350
MATH___110_45799	2	45799	2100	2150	45799	4980	5030
MATH___121_13000	3	13000	900	950	13000	3780	3830	13000	6660	6710
MATH___121_13002	3	13002	720	770	13002	3600	3650	13002	6480	6530
MATH___121_13005	3	13005	660	710	13005	3540	3590	13005	6420	6470
MATH___121_13006	3	13006	840	890	13006	3720	3770	13006	6600	6650
MATH___121_13008	3	13008	780	830	13008	3660	3710	13008	6540	6590
MATH___121_16303	2	16303	2400	2450	16303	5280	5330
MATH___121_16304	2	16304	2100	2150	16304	4980	5030
MATH___121_16311	2	16311	2340	2390	16311	5220	5270
MATH___121_16313	2	16313	2340	2390	16313	5220	5270
MATH___121_16316	2	16316	2400	2450	16316	5280	5330
MATH___121_16317	2	16317	2160	2210	16317	5040	5090
MATH___121_16318	2	16318	2340	2390	16318	5220	5270
MATH___121_16319	2	16319	2280	2330	16319	5160	5210
MATH___121_16321	3	16321	660	710	16321	3540	3590	16321	6420	6470
MATH___121_16322	3	16322	900	950	16322	3780	3830	16322	6660	6710
MATH___121_34102	3	34102	540	590	34102	3420	3470	34102	6300	6350
MATH___121_41096	2	41096	2460	2510	41096	5340	5390
MATH___121_41097	2	41097	2340	2390	41097	5220	5270
MATH___121_41098	2	41098	2400	2450	41098	5280	5330
MATH___121_41100	2	41100	2460	2510	41100	5340	5390
MATH___121_41101	2	41101	2340	2390	41101	5220	5270
MATH___121_41103	2	41103	2400	2450	41103	5280	5330
MATH___121_41104	2	41104	2160	2210	41104	5040	5090
MATH___121_41105	2	41105	2460	2510	41105	5340	5390
MATH___121_41106	2	41106	2100	2150	41106	4980	5030
MATH___121_41107	2	41107	2280	2330	41107	5160	5210
MATH___121_41108	2	41108	2460	2510	41108	5340	5390
MATH___121_41109	2	41109	2160	2210	41109	5040	5090
MATH___121_41112	2	41112	1920	1970	41112	4800	4850
MATH___121_41115	2	41115	1980	2030	41115	4860	4910
MATH___121_41117	2	41117	1920	1970	41117	4800	4850
MATH___121_41120	2	41120	2040	2090	41120	4920	4970
MATH___121_41122	2	41122	1920	1970	41122	4800	4850
MATH___121_41124	2	41124	2040	2090	41124	4920	4970
MATH___121_41125	2	41125	2400	2450	41125	5280	5330
MATH___121_41126	2	41126	2340	2390	41126	5220	5270
MATH___121_41127	2	41127	2280	2330	41127	5160	5210
MATH___121_41130	2	41130	2160	2210	41130	5040	5090
MATH___121_41131	2	41131	2340	2390	41131	5220	5270
MATH___121_41133	2	41133	2460	2510	41133	5340	5390
MATH___121_41407	2	41407	2460	2510	41407	5340	5390
MATH___121_41408	2	41408	2460	2510	41408	5340	5390
MATH___121_41409	2	41409	2340	2390	41409	5220	5270
MATH___121_41410	2	41410	2340	2390	41410	5220	5270
MATH___121_41411	2	41411	2400	2450	41411	5280	5330
MATH___121_41658	3	41658	960	1010	41658	3840	3890	41658	6720	6770
MATH___121_41659	2	41659	2340	2390	41659	5220	5270
MATH___121_41660	2	41660	2340	2390	41660	5220	5270
MATH___121_41661	2	41661	2280	2330	41661	5160	5210
MATH___121_41662	2	41662	2040	2090	41662	4920	4970
MATH___121_41663	2	41663	2160	2210	41663	5040	5090
MATH___121_41664	2	41664	2460	2510	41664	5340	5390
MATH___121_41731	2	41731	2340	2390	41731	5220	5270
MATH___121_41897	3	41897	600	650	41897	3480	3530	41897	6360	6410
MATH___121_41898	2	41898	1920	1970	41898	4800	4850
MATH___121_41899	2	41899	1980	2030	41899	4860	4910
MATH___121_41900	2	41900	2040	2090	41900	4920	4970
MATH___121_41901	2	41901	2460	2510	41901	5340	5390
MATH___121_41903	2	41903	1920	1970	41903	4800	4850
MATH___121_41904	2	41904	2100	2150	41904	4980	5030
MATH___121_42595	3	42595	540	590	42595	3420	3470	42595	6300	6350
MATH___121_42732	2	42732	1920	1970	42732	4800	4850
MATH___121_42733	2	42733	2040	2090	42733	4920	4970
MATH___121_42734	2	42734	2100	2150	42734	4980	5030
MATH___121_42735	2	42735	2160	2210	42735	5040	5090
MATH___121_42737	2	42737	1980	2030	42737	4860	4910
MATH___121_46028	2	46028	1980	2030	46028	4860	4910
MATH___121_46053	2	46053	1980	2030	46053	4860	4910
MATH___121_46054	2	46054	1920	1970	46054	4800	4850
MATH___121_46055	2	46055	1920	1970	46055	4800	4850
MATH___121_46056	2	46056	2040	2090	46056	4920	4970
MATH___121_46057	2	46057	2100	2150	46057	4980	5030
MATH___121_46058	2	46058	2400	2450	46058	5280	5330
MATH___121_46059	2	46059	2460	2510	46059	5340	5390
MATH___121_46060	2	46060	2280	2330	46060	5160	5210
MATH___121_46061	2	46061	2460	2510	46061	5340	5390
MATH___125_35572	3	35572	480	530	35572	3360	3410	35572	6240	6290
MATH___125_35579	3	35579	840	890	35579	3720	3770	35579	6600	6650
MATH___125_35654	3	35654	960	1010	35654	3840	3890	35654	6720	6770
MATH___125_35661	3	35661	720	770	35661	3600	3650	35661	6480	6530
MATH___125_37694	3	37694	540	590	37694	3420	3470	37694	6300	6350
MATH___125_38594	3	38594	660	710	38594	3540	3590	38594	6420	6470
MATH___125_41867	3	41867	540	590	41867	3420	3470	41867	6300	6350
MATH___125_41890	3	41890	600	650	41890	3480	3530	41890	6360	6410
MATH___125_44622	3	44622	480	530	44622	3360	3410	44622	6240	6290
MATH___140_13019	2	13019	1980	2090	13019	4860	4970
MATH___140_13022	2	13022	3480	3590	13022	6360	6470
MATH___140_16329	2	16329	1980	2090	16329	4860	4970
MATH___140_16330	2	16330	1980	2090	16330	4860	4970
MATH___140_40450	2	40450	3660	3770	40450	6540	6650
MATH___141_13029	2	13029	2100	2210	13029	4980	5090
MATH___141_16332	2	16332	3420	3530	16332	6300	6410
MATH___141_16334	2	16334	3540	3650	16334	6420	6530
MATH___141_29094	2	29094	2100	2210	29094	4980	5090
MATH___141_42809	2	42809	2220	2330	42809	5100	5210
MATH___160_43754	3	43754	720	770	43754	3600	3650	43754	6480	6530
MATH___160_45947	3	45947	720	770	45947	3600	3650	45947	6480	6530
MATH___160_46100	3	46100	600	650	46100	3480	3530	46100	6360	6410
MATH___160_48109	3	48109	480	530	48109	3360	3410	48109	6240	6290
MATH___165_13105	3	13105	480	530	13105	3360	3410	13105	6240	6290
MATH___165_13108	3	13108	960	1010	13108	3840	3890	13108	6720	6770
MATH___165_16362	3	16362	660	710	16362	3540	3590	16362	6420	6470
MATH___165_37995	3	37995	960	1010	37995	3840	3890	37995	6720	6770
MATH___165_38345	3	38345	780	830	38345	3660	3710	38345	6540	6590
MATH___165_41011	3	41011	840	890	41011	3720	3770	41011	6600	6650
MATH___165_42596	3	42596	480	530	42596	3360	3410	42596	6240	6290
MATH___165_48894	3	48894	900	950	48894	3780	3830	48894	6660	6710
MATH___170_37900	3	37900	600	650	37900	3480	3530	37900	6360	6410
MATH___170_38380	3	38380	600	650	38380	3480	3530	38380	6360	6410
MATH___180_13411	3	13411	780	830	13411	3660	3710	13411	6540	6590
MATH___180_13413	3	13413	780	830	13413	3660	3710	13413	6540	6590
MATH___180_13414	3	13414	900	950	13414	3780	3830	13414	6660	6710
MATH___180_13415	3	13415	540	590	13415	3420	3470	13415	6300	6350
MATH___180_13417	3	13417	600	650	13417	3480	3530	13417	6360	6410
MATH___180_14167	3	14167	840	890	14167	3720	3770	14167	6600	6650
MATH___180_24528	3	24528	480	530	24528	3360	3410	24528	6240	6290
MATH___180_33988	3	33988	1020	1070	33988	3900	3950	33988	6780	6830
MATH___180_38939	3	38939	480	530	38939	3360	3410	38939	6240	6290
MATH___180_38940	3	38940	600	650	38940	3480	3530	38940	6360	6410
MATH___180_38941	3	38941	840	890	38941	3720	3770	38941	6600	6650
MATH___180_38942	3	38942	900	950	38942	3780	3830	38942	6660	6710
MATH___180_41821	3	41821	780	830	41821	3660	3710	41821	6540	6590
MATH___180_41964	3	41964	960	1010	41964	3840	3890	41964	6720	6770
MATH___180_42597	3	42597	540	590	42597	3420	3470	42597	6300	6350
MATH___180_43172	3	43172	720	770	43172	3600	3650	43172	6480	6530
MATH___180_43851	3	43851	960	1010	43851	3840	3890	43851	6720	6770
MATH___180_44629	3	44629	660	710	44629	3540	3590	44629	6420	6470
MATH___180_45804	3	45804	960	1010	45804	3840	3890	45804	6720	6770
MATH___181_13486	3	13486	660	710	13486	3540	3590	13486	6420	6470
MATH___181_13489	3	13489	840	890	13489	3720	3770	13489	6600	6650
MATH___181_13615	3	13615	900	950	13615	3780	3830	13615	6660	6710
MATH___181_38832	3	38832	960	1010	38832	3840	3890	38832	6720	6770
MATH___181_38943	3	38943	480	530	38943	3360	3410	38943	6240	6290
MATH___181_38945	3	38945	660	710	38945	3540	3590	38945	6420	6470
MATH___181_38946	3	38946	780	830	38946	3660	3710	38946	6540	6590
MATH___181_38947	3	38947	900	950	38947	3780	3830	38947	6660	6710
MATH___181_41019	3	41019	960	1010	41019	3840	3890	41019	6720	6770
MATH___181_41132	3	41132	840	890	41132	3720	3770	41132	6600	6650
MATH___181_46901	3	46901	540	590	46901	3420	3470	46901	6300	6350
MATH___181_47387	3	47387	1020	1070	47387	3900	3950	47387	6780	6830
MATH___181_48324	3	48324	480	530	48324	3360	3410	48324	6240	6290
MATH___194_41823	1	41823	1920	1970
MATH___194_41824	1	41824	480	530
MATH___194_41825	1	41825	3360	3410
MATH___194_41826	1	41826	4800	4850
MATH___194_41827	1	41827	1920	1970
MATH___194_41828	1	41828	6360	6410
MATH___194_41829	1	41829	3780	3830
MATH___194_41830	1	41830	6660	6710
MATH___194_42750	1	42750	600	650
MATH___194_42751	1	42751	900	950
MATH___194_42752	1	42752	6540	6590
MATH___194_42753	1	42753	600	650
MATH___194_42754	1	42754	6240	6290
MATH___194_42755	1	42755	6360	6410
MATH___194_42756	1	42756	3360	3410
MATH___194_42757	1	42757	3480	3530
MATH___194_42758	1	42758	5250	5300
MATH___194_42759	1	42759	3780	3830
MATH___194_42760	1	42760	840	890
MATH___194_42761	1	42761	6600	6650
MATH___194_42762	1	42762	2370	2420
MATH___194_42763	1	42763	780	830
MATH___194_42764	1	42764	480	530
MATH___210_13655	3	13655	780	830	13655	3660	3710	13655	6540	6590
MATH___210_13658	3	13658	840	890	13658	3720	3770	13658	6600	6650
MATH___210_13659	3	13659	660	710	13659	3540	3590	13659	6420	6470
MATH___210_13661	3	13661	480	530	13661	3360	3410	13661	6240	6290
MATH___210_13666	3	13666	600	650	13666	3480	3530	13666	6360	6410
MATH___210_13667	3	13667	960	1010	13667	3840	3890	13667	6720	6770
MATH___210_13668	3	13668	780	830	13668	3660	3710	13668	6540	6590
MATH___210_13669	3	13669	960	1010	13669	3840	3890	13669	6720	6770
MATH___210_13673	3	13673	900	950	13673	3780	3830	13673	6660	6710
MATH___210_26301	3	26301	480	530	26301	3360	3410	26301	6240	6290
MATH___210_26305	3	26305	840	890	26305	3720	3770	26305	6600	6650
MATH___210_26307	3	26307	540	590	26307	3420	3470	26307	6300	6350
MATH___210_26309	3	26309	660	710	26309	3540	3590	26309	6420	6470
MATH___210_26311	3	26311	900	950	26311	3780	3830	26311	6660	6710
MATH___210_26313	3	26313	480	530	26313	3360	3410	26313	6240	6290
MATH___210_26315	3	26315	840	890	26315	3720	3770	26315	6600	6650
MATH___210_27368	3	27368	840	890	27368	3720	3770	27368	6600	6650
MATH___210_29462	3	29462	840	890	29462	3720	3770	29462	6600	6650
MATH___210_30829	3	30829	840	890	30829	3720	3770	30829	6600	6650
MATH___210_30902	3	30902	720	770	30902	3600	3650	30902	6480	6530
MATH___210_35181	3	35181	540	590	35181	3420	3470	35181	6300	6350
MATH___210_36875	3	36875	1020	1070	36875	3900	3950	36875	6780	6830
MATH___210_38399	3	38399	540	590	38399	3420	3470	38399	6300	6350
MATH___210_39182	3	39182	780	830	39182	3660	3710	39182	6540	6590
MATH___210_39183	3	39183	780	830	39183	3660	3710	39183	6540	6590
MATH___210_39195	3	39195	900	950	39195	3780	3830	39195	6660	6710
MATH___210_39213	3	39213	960	1010	39213	3840	3890	39213	6720	6770
MATH___210_40451	3	40451	840	890	40451	3720	3770	40451	6600	6650
MATH___210_41034	3	41034	660	710	41034	3540	3590	41034	6420	6470
MATH___210_41828	3	41828	600	650	41828	3480	3530	41828	6360	6410
MATH___210_41831	3	41831	960	1010	41831	3840	3890	41831	6720	6770
MATH___210_41834	3	41834	900	950	41834	3780	3830	41834	6660	6710
MATH___210_41838	3	41838	1020	1070	41838	3900	3950	41838	6780	6830
MATH___210_42769	3	42769	840	890	42769	3720	3770	42769	6600	6650
MATH___210_42778	3	42778	540	590	42778	3420	3470	42778	6300	6350
MATH___210_42915	3	42915	780	830	42915	3660	3710	42915	6540	6590
MATH___210_42946	3	42946	900	950	42946	3780	3830	42946	6660	6710
MATH___210_42994	3	42994	1020	1070	42994	3900	3950	42994	6780	6830
MATH___210_43137	3	43137	960	1010	43137	3840	3890	43137	6720	6770
MATH___210_43156	3	43156	660	710	43156	3540	3590	43156	6420	6470
MATH___210_43405	3	43405	540	590	43405	3420	3470	43405	6300	6350
MATH___210_43407	3	43407	540	590	43407	3420	3470	43407	6300	6350
MATH___210_43409	3	43409	840	890	43409	3720	3770	43409	6600	6650
MATH___210_43737	3	43737	600	650	43737	3480	3530	43737	6360	6410
MATH___210_43739	3	43739	660	710	43739	3540	3590	43739	6420	6470
MATH___210_43741	3	43741	840	890	43741	3720	3770	43741	6600	6650
MATH___215_13676	3	13676	780	830	13676	3660	3710	13676	6540	6590
MATH___215_16452	3	16452	780	830	16452	3660	3710	16452	6540	6590
MATH___215_24546	3	24546	1020	1070	24546	3900	3950	24546	6780	6830
MATH___215_28001	3	28001	720	770	28001	3600	3650	28001	6480	6530
MATH___215_34246	3	34246	600	650	34246	3480	3530	34246	6360	6410
MATH___215_34754	3	34754	540	590	34754	3420	3470	34754	6300	6350
MATH___215_37040	3	37040	840	890	37040	3720	3770	37040	6600	6650
MATH___215_38401	3	38401	840	890	38401	3720	3770	38401	6600	6650
MATH___215_40536	3	40536	660	710	40536	3540	3590	40536	6420	6470
MATH___215_40725	3	40725	720	770	40725	3600	3650	40725	6480	6530
MATH___215_41447	3	41447	540	590	41447	3420	3470	41447	6300	6350
MATH___215_41817	3	41817	600	650	41817	3480	3530	41817	6360	6410
MATH___215_41840	3	41840	600	650	41840	3480	3530	41840	6360	6410
MATH___215_41841	3	41841	720	770	41841	3600	3650	41841	6480	6530
MATH___215_42482	3	42482	960	1010	42482	3840	3890	42482	6720	6770
MATH___215_42905	3	42905	660	710	42905	3540	3590	42905	6420	6470
MATH___215_43411	3	43411	780	830	43411	3660	3710	43411	6540	6590
MATH___215_44946	3	44946	900	950	44946	3780	3830	44946	6660	6710
MATH___215_46898	3	46898	600	650	46898	3480	3530	46898	6360	6410
MATH___220_13689	3	13689	1020	1070	13689	3900	3950	13689	6780	6830
MATH___220_13690	3	13690	660	710	13690	3540	3590	13690	6420	6470
MATH___220_16461	3	16461	660	710	16461	3540	3590	16461	6420	6470
MATH___220_16462	3	16462	540	590	16462	3420	3470	16462	6300	6350
MATH___220_29833	3	29833	480	530	29833	3360	3410	29833	6240	6290
MATH___220_29979	3	29979	780	830	29979	3660	3710	29979	6540	6590
MATH___220_37042	1	37042	2100	2150
MATH___220_37044	1	37044	2160	2210
MATH___220_37045	1	37045	5040	5090
MATH___220_37046	1	37046	4980	5030
MATH___220_37048	1	37048	2400	2450
MATH___220_37049	1	37049	2040	2090
MATH___220_37050	1	37050	4800	4850
MATH___220_37052	1	37052	5280	5330
MATH___220_37053	1	37053	2220	2270
MATH___220_37054	1	37054	2160	2210
MATH___220_37056	1	37056	5100	5150
MATH___220_37058	1	37058	5040	5090
MATH___220_38292	1	38292	2460	2510
MATH___220_38293	1	38293	5340	5390
MATH___220_38294	1	38294	2400	2450
MATH___220_38295	1	38295	5280	5330
MATH___220_38296	1	38296	2100	2150
MATH___220_38297	1	38297	5040	5090
MATH___220_38298	1	38298	4980	5030
MATH___220_38299	1	38299	2160	2210
MATH___220_38301	1	38301	1980	2030
MATH___220_38302	1	38302	4860	4910
MATH___220_38303	1	38303	1920	1970
MATH___220_38304	1	38304	4800	4850
MATH___220_41714	1	41714	2040	2090
MATH___220_41715	1	41715	4980	5030
MATH___220_41716	1	41716	2160	2210
MATH___220_41717	1	41717	5040	5090
MATH___220_42418	3	42418	840	890	42418	3720	3770	42418	6600	6650
MATH___220_42419	1	42419	2100	2150
MATH___220_42420	1	42420	2220	2270
MATH___220_42422	1	42422	5100	5150
MATH___220_42843	1	42843	2160	2210
MATH___220_42851	1	42851	5040	5090
MATH___220_43612	1	43612	2280	2330
MATH___220_43613	1	43613	5220	5270
MATH___220_44636	3	44636	720	770	44636	3600	3650	44636	6480	6530
MATH___220_44637	1	44637	2100	2150
MATH___220_44638	1	44638	4920	4970
MATH___220_44639	1	44639	5100	5150
MATH___220_44640	1	44640	5040	5090
MATH___220_44641	1	44641	4980	5030
MATH___220_44642	1	44642	2100	2150
MATH___294_23407	2	23407	2160	2210	23407	5040	5090
MATH___294_25662	2	25662	2160	2210	25662	5040	5090
MATH___294_25803	2	25803	2220	2270	25803	5100	5150
MATH___294_42852	2	42852	2100	2150	42852	4980	5030
MATH___294_42853	2	42853	2040	2090	42853	4920	4970
MATH___294_43621	2	43621	1980	2030	43621	4860	4910
MATH___294_43623	2	43623	2040	2090	43623	4920	4970
MATH___300_13694	1	13694	3720	3770
MATH___300_13695	1	13695	840	890
MATH___300_16464	1	16464	720	770
MATH___300_16465	1	16465	3600	3650
MATH___300_16466	1	16466	3480	3530
MATH___300_16467	1	16467	600	650
MATH___300_41503	1	41503	3480	3530
MATH___300_44070	1	44070	6360	6410
MATH___310_13696	3	13696	960	1010	13696	3840	3890	13696	6720	6770
MATH___310_16470	3	16470	840	890	16470	3720	3770	16470	6600	6650
MATH___310_16471	3	16471	600	650	16471	3480	3530	16471	6360	6410
MATH___310_22632	3	22632	540	590	22632	3420	3470	22632	6300	6350
MATH___310_33886	3	33886	780	830	33886	3660	3710	33886	6540	6590
MATH___310_35180	3	35180	480	530	35180	3360	3410	35180	6240	6290
MATH___310_37841	3	37841	900	950	37841	3780	3830	37841	6660	6710
MATH___310_38284	3	38284	720	770	38284	3600	3650	38284	6480	6530
MATH___310_38916	3	38916	840	890	38916	3720	3770	38916	6600	6650
MATH___310_41842	3	41842	960	1010	41842	3840	3890	41842	6720	6770
MATH___310_48476	3	48476	900	950	48476	3780	3830	48476	6660	6710
MATH___310_49734	3	49734	540	590	49734	3420	3470	49734	6300	6350
MATH___313_28002	3	28002	600	650	28002	3480	3530	28002	6360	6410
MATH___313_34986	3	34986	540	590	34986	3420	3470	34986	6300	6350
MATH___313_41704	3	41704	600	650	41704	3480	3530	41704	6360	6410
MATH___313_48116	3	48116	720	770	48116	3600	3650	48116	6480	6530
MATH___320_13705	3	13705	540	590	13705	3420	3470	13705	6300	6350
MATH___320_33191	3	33191	660	710	33191	3540	3590	33191	6420	6470
MATH___320_37993	3	37993	780	830	37993	3660	3710	37993	6540	6590
MATH___320_37994	3	37994	900	950	37994	3780	3830	37994	6660	6710
MATH___330_16475	3	16475	600	650	16475	3480	3530	16475	6360	6410
MATH___330_28003	3	28003	660	710	28003	3540	3590	28003	6420	6470
MATH___330_35029	3	35029	600	650	35029	3480	3530	35029	6360	6410
MATH___330_45485	3	45485	780	830	45485	3660	3710	45485	6540	6590
MATH___410_24551	3	24551	720	770	24551	3600	3650	24551	6480	6530
MATH___410_24553	3	24553	720	770	24553	3600	3650	24553	6480	6530
MATH___414_16476	3	16476	660	710	16476	3540	3590	16476	6420	6470
MATH___414_19323	3	19323	660	710	19323	3540	3590	19323	6420	6470
MATH___414_41417	3	41417	720	770	41417	3600	3650	41417	6480	6530
MATH___414_41418	3	41418	720	770	41418	3600	3650	41418	6480	6530
MATH___417_41062	3	41062	660	710	41062	3540	3590	41062	6420	6470
MATH___417_41063	3	41063	660	710	41063	3540	3590	41063	6420	6470
MATH___419_39201	3	39201	780	830	39201	3660	3710	39201	6540	6590
MATH___419_39202	3	39202	780	830	39202	3660	3710	39202	6540	6590
MATH___430_35753	3	35753	720	770	35753	3600	3650	35753	6480	6530
MATH___430_35754	3	35754	720	770	35754	3600	3650	35754	6480	6530
MATH___430_43412	3	43412	780	830	43412	3660	3710	43412	6540	6590
MATH___430_43413	3	43413	780	830	43413	3660	3710	43413	6540	6590
MATH___431_41222	3	41222	780	830	41222	3660	3710	41222	6540	6590
MATH___431_41223	3	41223	780	830	41223	3660	3710	41223	6540	6590
MATH___435_13712	3	13712	720	770	13712	3600	3650	13712	6480	6530
MATH___435_20443	3	20443	720	770	20443	3600	3650	20443	6480	6530
MATH___442_39208	3	39208	900	950	39208	3780	3830	39208	6660	6710
MATH___442_39209	3	39209	900	950	39209	3780	3830	39209	6660	6710
MATH___445_13713	3	13713	600	650	13713	3480	3530	13713	6360	6410
MATH___445_20457	3	20457	600	650	20457	3480	3530	20457	6360	6410
MATH___445_40609	3	40609	780	830	40609	3660	3710	40609	6540	6590
MATH___445_40610	2	40610	780	830	40610	6540	6590
MATH___480_36866	3	36866	540	590	36866	3420	3470	36866	6300	6350
MATH___480_36867	3	36867	540	590	36867	3420	3470	36867	6300	6350
MATH___481_16480	3	16480	600	650	16480	3480	3530	16480	6360	6410
MATH___481_19327	3	19327	600	650	19327	3480	3530	19327	6360	6410
MATH___494_38579	3	38579	720	770	38579	3600	3650	38579	6480	6530
MATH___494_38580	3	38580	720	770	38580	3600	3650	38580	6480	6530
MATH___502_38305	3	38305	780	830	38305	3660	3710	38305	6540	6590
MATH___504_42126	3	42126	780	830	42126	3660	3710	42126	6540	6590
MATH___506_39212	3	39212	540	590	39212	3420	3470	39212	6300	6350
MATH___507_40617	2	40617	2100	2175	40617	4980	5055
MATH___511_46088	3	46088	840	890	46088	3720	3770	46088	6600	6650
MATH___512_34413	3	34413	600	650	34413	3480	3530	34413	6360	6410
MATH___512_37855	3	37855	840	890	37855	3720	3770	37855	6600	6650
MATH___514_37598	3	37598	600	650	37598	3480	3530	37598	6360	6410
MATH___514_40619	3	40619	540	590	40619	3420	3470	40619	6300	6350
MATH___514_42674	3	42674	660	710	42674	3540	3590	42674	6420	6470
MATH___515_35668	3	35668	540	590	35668	3420	3470	35668	6300	6350
MATH___515_41066	3	41066	660	710	41066	3540	3590	41066	6420	6470
MATH___516_13724	3	13724	540	590	13724	3420	3470	13724	6300	6350
MATH___517_16483	3	16483	780	830	16483	3660	3710	16483	6540	6590
MATH___518_40611	3	40611	600	650	40611	3480	3530	40611	6360	6410
MATH___520_39213	3	39213	780	830	39213	3660	3710	39213	6540	6590
MATH___525_40533	3	40533	660	710	40533	3540	3590	40533	6420	6470
MATH___525_43414	3	43414	600	650	43414	3480	3530	43414	6360	6410
MATH___531_39214	3	39214	540	590	39214	3420	3470	39214	6300	6350
MATH___533_13727	3	13727	660	710	13727	3540	3590	13727	6420	6470
MATH___533_42669	3	42669	780	830	42669	3660	3710	42669	6540	6590
MATH___535_19436	3	19436	840	890	19436	3720	3770	19436	6600	6650
MATH___537_48533	3	48533	660	710	48533	3540	3590	48533	6420	6470
MATH___539_37062	3	37062	660	710	37062	3540	3590	37062	6420	6470
MATH___539_41362	3	41362	840	890	41362	3720	3770	41362	6600	6650
MATH___546_42128	3	42128	840	890	42128	3720	3770	42128	6600	6650
MATH___547_37858	3	37858	720	770	37858	3600	3650	37858	6480	6530
MATH___547_39216	3	39216	840	890	39216	3720	3770	39216	6600	6650
MATH___548_40612	3	40612	720	770	40612	3600	3650	40612	6480	6530
MATH___549_38306	3	38306	600	650	38306	3480	3530	38306	6360	6410
MATH___549_40616	3	40616	840	890	40616	3720	3770	40616	6600	6650
MATH___550_37861	3	37861	780	830	37861	3660	3710	37861	6540	6590
MATH___551_38307	3	38307	660	710	38307	3540	3590	38307	6420	6470
MATH___552_31610	3	31610	720	770	31610	3600	3650	31610	6480	6530
MATH___553_31397	3	31397	600	650	31397	3480	3530	31397	6360	6410
MATH___554_37862	3	37862	720	770	37862	3600	3650	37862	6480	6530
MATH___554_41072	3	41072	600	650	41072	3480	3530	41072	6360	6410
MATH___555_39215	3	39215	840	890	39215	3720	3770	39215	6600	6650
MATH___568_42129	3	42129	540	590	42129	3420	3470	42129	6300	6350
MATH___569_38308	3	38308	720	770	38308	3600	3650	38308	6480	6530
MATH___569_40614	3	40614	780	830	40614	3660	3710	40614	6540	6590
MATH___569_40618	2	40618	2370	2445	40618	5250	5325
MATH___571_38742	3	38742	840	890	38742	3720	3770	38742	6600	6650
MATH___571_39516	3	39516	660	710	39516	3540	3590	39516	6420	6470
MATH___571_40615	3	40615	780	830	40615	3660	3710	40615	6540	6590
MATH___576_35674	3	35674	660	710	35674	3540	3590	35674	6420	6470
MATH___577_40006	3	40006	720	770	40006	3600	3650	40006	6480	6530
MATH___578_39217	3	39217	840	890	39217	3720	3770	39217	6600	6650
MATH___580_40613	3	40613	840	890	40613	3720	3770	40613	6600	6650
MATH___582_38309	3	38309	660	710	38309	3540	3590	38309	6420	6470
MATH___584_41073	3	41073	720	770	41073	3600	3650	41073	6480	6530
MATH___585_37428	3	37428	600	650	37428	3480	3530	37428	6360	6410
MATH___589_32552	2	32552	900	950	32552	3780	3830
MATH___589_45850	2	45850	900	950	45850	3780	3830
MATH___590_46089	3	46089	540	590	46089	3420	3470	46089	6300	6350
