PHAR___200	2	1	47272	4890	4970
PHAR___200	2	1	48195	4890	5000
PHAR___201	2	2	40544	2190	2270	40544	5070	5150
PHAR___201	2	2	49344	2370	2445	49344	5250	5325
PHAR___410	4	1	39318	630	680
PHAR___410	4	1	39319	630	680
PHAR___410	4	1	39320	5130	5300
PHAR___410	4	1	39322	5130	5300
PHAR___411	5	2		570	620		570	620
PHAR___411	5	1	39341	3450	3560
PHAR___411	5	1	39342	4830	5060
PHAR___411	5	1	39345	3450	3560
PHAR___411	5	1	39346	4830	5060
PHAR___414	4	1	40394	1950	2000
PHAR___414	4	1	40395	2010	2180
PHAR___414	4	1	40397	1950	2000
PHAR___414	4	1	40398	2010	2180
PHAR___422	2	3	39354	510	560	39354	3390	3440	39354	6270	6320
PHAR___422	2	3	39356	510	560	39356	3390	3440	39356	6270	6320
PHAR___423	2	3	38919	510	560	38919	4830	4880	38919	6270	6320
PHAR___423	2	3	38921	510	560	38921	4830	4880	38921	6270	6320
PHAR___431	6	2		3690	3740		3690	3740
PHAR___431	6	1	39358	690	740
PHAR___431	6	1	39359	2250	2505
PHAR___431	6	1	39360	1950	2205
PHAR___431	6	1	39363	690	740
PHAR___431	6	1	39364	1950	2205
PHAR___432	5	1	38923	6570	6620
PHAR___432	5	1	38924	810	1065
PHAR___432	5	1	38925	6570	6620
PHAR___432	5	1	38926	1950	2205
PHAR___432	5	1	39193	1950	2205
PHAR___433	5	1	41110	4950	5000
PHAR___433	5	1	41111	6570	6800
PHAR___433	5	1	41113	6270	6500
PHAR___433	5	1	41119	4950	5000
PHAR___433	5	1	41121	6270	6500
PHAR___434	5	1	40422	3510	3560
PHAR___434	5	1	40423	5130	5360
PHAR___434	5	1	40424	6270	6500
PHAR___434	5	1	40427	3510	3560
PHAR___434	5	1	40428	6270	6500
PHAR___435	5	2	39366	3570	3620	39366	6450	6500
PHAR___435	5	1	39367	870	980
PHAR___435	5	2	39371	3570	3620	39371	6450	6500
PHAR___435	5	1	39372	3750	3860
PHAR___435	5	1	49213	3750	3860
PHAR___438	5	2	39198	2250	2300	39198	5130	5180
PHAR___438	5	1	39199	2310	2420
PHAR___438	5	2	39201	2250	2300	39201	5130	5180
PHAR___438	5	1	40391	5190	5300
PHAR___438	5	1	40393	5190	5300
PHAR___440	5	2	40432	510	560	40432	3390	3440
PHAR___440	5	1	40433	5130	5240
PHAR___440	5	1	40434	6570	6680
PHAR___440	5	2	40435	510	560	40435	3390	3440
PHAR___440	5	1	40436	5130	5240
PHAR___461	3	4		2250	2300		5130	5180		2250	2300		5130	5180
PHAR___461	3	1	39202	570	620
PHAR___461	3	1	39203	570	620
PHAR___462	2	1	40909	2010	2120
PHAR___462	2	1	40921	2010	2120
PHAR___463	2	1	40910	570	620
PHAR___463	2	1	40922	570	620
PHAR___464	3	2		2010	2120		2010	2120
PHAR___464	3	1	40914	4890	4940
PHAR___464	3	1	40924	4890	4940
PHAR___501	4	1	39172	630	740
PHAR___501	4	1	39174	6330	6440
PHAR___501	4	1	39175	630	740
PHAR___501	4	1	39176	6330	6440
PHAR___502	5	2	39177	5010	5060	39177	6450	6500
PHAR___502	5	1	39178	2310	2420
PHAR___502	5	1	39179	5190	5300
PHAR___502	5	2	39180	5010	5060	39180	6450	6500
PHAR___502	5	1	39181	2310	2420
PHAR___503	5	2	40915	690	740	40915	2130	2180
PHAR___503	5	1	40916	810	920
PHAR___503	5	1	40917	5130	5240
PHAR___503	5	2	40925	690	740	40925	2130	2180
PHAR___503	5	1	40926	810	920
PHAR___504	5	3	40918	510	560	40918	1950	2000	40918	4830	4880
PHAR___504	5	1	40919	810	920
PHAR___504	5	1	40920	5130	5240
PHAR___504	5	3	40927	510	560	40927	1950	2000	40927	4830	4880
PHAR___504	5	1	40928	5130	5240
PHAR___505	6	4		810	860		2250	2300		810	860		2250	2300
PHAR___505	6	1	40437	3570	3620
PHAR___505	6	1	40438	2310	2420
PHAR___505	6	1	40439	3690	3800
PHAR___505	6	1	40440	3570	3620
PHAR___505	6	1	40441	2310	2420
PHAR___506	5	3	40442	570	620	40442	3450	3500	40442	4890	4940
PHAR___506	5	1	40443	630	740
PHAR___506	5	1	40444	4950	5060
PHAR___506	5	3	40445	570	620	40445	3450	3500	40445	4890	4940
PHAR___506	5	1	40446	4950	5060
PHAR___507	6	3	42170	2130	2180	42170	3570	3620	42170	5010	5060
PHAR___507	6	1	42171	810	920
PHAR___507	6	1	42172	6570	6680
PHAR___507	6	3	42173	2130	2180	42173	3570	3620	42173	5010	5060
PHAR___507	6	1	42174	810	920
PHAR___507	6	1	45956	6570	6680
PHAR___508	7	2		3510	3560		3510	3560
PHAR___508	7	1	42175	1950	2000
PHAR___508	7	1	42176	630	740
PHAR___508	7	1	42177	6390	6500
PHAR___508	7	1	42178	1950	2000
PHAR___508	7	1	42179	630	740
PHAR___508	7	1	45957	6390	6500
PHAR___509	6	2		810	860		810	860
PHAR___509	6	1	41628	6450	6500
PHAR___509	6	1	41629	2070	2180
PHAR___509	6	1	41630	4950	5060
PHAR___509	6	1	41631	6450	6500
PHAR___509	6	1	45618	4950	5060
PHAR___510	4	2	41633	510	560	41633	6270	6320
PHAR___510	4	1	41634	3390	3500
PHAR___510	4	2	41635	510	560	41635	6270	6320
PHAR___510	4	1	41636	3390	3500
PHAR___520	4	1	42180	3390	3500
PHAR___520	4	1	42181	4830	4940
PHAR___520	4	1	42182	3390	3500
PHAR___520	4	1	42183	4830	4940
PHAR___565	2	1	42184	2010	2120
PHAR___565	2	1	42185	2010	2120
PHAR___566	2	1	41642	6330	6440
PHAR___566	2	1	41643	6330	6440
PHAR___567	2	1	41645	570	740
PHAR___567	2	1	41646	570	740
