NUSP_512	fall	1	1	31453	0	0
NUSP_512	spring	1	1	31650	0	0
NUSP_513	fall	1	1	31454	0	0
NUSP_513	spring	1	1	31651	0	0
NUSP_515	spring	1	1	31652	3480	3660
NUSP_516	fall	1	1	31462	1980	2150
NUSP_517	spring	1	1	31653	1980	2150
NUSP_525	fall	1	1	31819	2520	2570
NUSP_525	spring	1	1	44427	2460	2510
NUSP_526	fall	1	1	34686	3900	3950
NUSP_527	fall	1	1	34687	2460	2510
NUSP_528	fall	1	1	42548	2520	2570
NUSP_529	fall	1	1	44044	1020	1080
NUSP_529	spring	1	1	31887	5340	5390
NUSP_534	fall	1	1	41328	3420	3600
NUSP_535	fall	1	1	40721	0	0
NUSP_535	spring	2	2		1980	2150		1980	2150
NUSP_535	spring	2	1	45567	1980	2150
NUSP_536	spring	1	1	41929	3420	3600
NUSP_540	fall	1	1	37389	0	0
NUSP_541	fall	1	1	42549	0	0
NUSP_542	fall	1	1	38665	0	0
NUSP_543	fall	1	1	42550	0	0
NUSP_544	fall	1	1	41334	0	0
NUSP_548	fall	1	1	31469	4920	5030
NUSP_549	spring	1	1	31656	0	0
NUSP_550	fall	1	1	31627	3750	3920
NUSP_553	spring	1	1	31657	3390	3630
NUSP_554	fall	1	1	31470	3390	3560
NUSP_555	fall	1	1	31473	540	780
NUSP_556	spring	1	1	31658	540	810
NUSP_557	fall	1	1	31475	3420	3690
NUSP_559	spring	1	1	31660	2040	2150
NUSP_560	fall	1	1	40783	0	0
NUSP_561	fall	1	1	36465	0	0
NUSP_561	spring	1	1	40593	0	0
NUSP_562	fall	1	1	40784	0	0
NUSP_563	fall	1	1	35013	0	0
NUSP_564	spring	1	1	38273	0	0
NUSP_565	spring	1	1	44594	0	0
NUSP_571	spring	1	1	45445	0	0
NUSP_590	fall	1	1	47543	0	0
NUSP_590	spring	1	1	31663	5460	5580
NUSP_592	fall	1	1	41603	0	0
