MUSE_400	fall	2	1	43540	660	810
MUSE_400	fall	2	1	48881	660	810
MUSE_400	spring	2	1	42065	3540	3690
MUSE_400	spring	2	1	45433	6360	6510
MUSE_532	fall	1	1	43541	3780	3930
MUSE_542	spring	1	1	42066	2100	2250
MUSE_543	fall	1	1	43534	4980	5130
MUSE_544	spring	1	1	42067	5310	5460
MUSE_545	fall	1	1	43539	900	1050
MUSE_546	fall	2	1	45572	660	810
MUSE_546	fall	2	1	47139	2100	2250
MUSE_546	spring	2	1	42258	3540	3690
MUSE_546	spring	2	1	46464	6360	6510
MUSE_596	fall	1	1	50395	0	0
MUSE_596	spring	1	1	48302	0	0
MUSE_597	fall	1	1	43536	0	0
MUSE_597	spring	1	1	45255	0	0
MUSE_598	fall	1	1	43537	0	0
MUSE_598	spring	1	1	45256	0	0
