DHD___100	1	1	46386	2010	2085
DHD___101	1	2	36388	540	590	36388	3420	3470
DHD___102	2	2	36574	600	650	36574	3480	3530
DHD___102	2	2	36850	600	650	36850	3480	3530
DHD___103	1	1	48108	5250	5415
DHD___201	1	2	48768	2190	2265	48768	5070	5145
DHD___204	5	2	39901	1920	1995	39901	4800	4875
DHD___204	5	2	47308	1920	1995	47308	4800	4875
DHD___204	5	2	47311	2100	2175	47311	4980	5055
DHD___204	5	2	47312	2190	2265	47312	5070	5145
DHD___204	5	2	48088	2370	2445	48088	5250	5325
DHD___206	1	2	45581	2280	2355	45581	5160	5235
DHD___301	1	1	41004	900	1065
DHD___302	1	2	41003	2010	2085	41003	4890	4965
DHD___303	2	1	40378	900	1065
DHD___303	2	1	42214	2370	2535
DHD___400	4	1	38284	4890	4965
DHD___400	4	1	38751	4890	4965
DHD___400	4	1	42479	660	710
DHD___400	4	1	43859	6480	6530
DHD___403	3	1	36612	5250	5415
DHD___403	3	1	40056	5070	5235
DHD___403	3	1	48100	3960	4125
DHD___404	4	1	38752	480	645
DHD___404	4	1	38753	480	645
DHD___404	4	1	49392	3780	3945
DHD___404	4	1	49393	3780	3945
DHD___406	1	1	42029	3360	3525
DHD___407	1	1	41002	900	1065
DHD___409	1	1	46420	3960	4065
DHD___420	6	1	42030	1920	2085
DHD___420	6	1	42251	1920	2085
DHD___420	6	1	46575	2370	2535
DHD___420	6	1	46811	2370	2535
DHD___420	6	1	49390	5250	5415
DHD___420	6	1	49391	5250	5415
DHD___494	3	1	33813	2370	2535
DHD___494	3	1	48900	3360	3410
DHD___494	3	1	49079	2100	2340
DHD___501	1	1	29145	720	885
DHD___502	1	1	28680	720	885
DHD___505	1	1	34447	5280	5460
DHD___506	1	1	34270	5280	5460
DHD___510	1	1	23876	3420	3585
DHD___515	1	1	43724	855	1020
DHD___526	1	1	25700	4875	5040
DHD___528	1	1	44660	1020	1140
DHD___530	2	1	34448	4980	5145
DHD___530	2	1	42294	2115	2280
DHD___535	1	1	16534	1035	1200
DHD___537	1	1	26606	2220	2385
DHD___541	1	1	34449	720	885
DHD___543	1	1	43950	1035	1170
DHD___546	1	1	48580	3735	3900
DHD___551	1	1	16046	2475	2640
DHD___561	1	1	46409	2430	2520
DHD___570	1	1	40489	1995	2160
DHD___572	1	1	31589	3735	3900
DHD___573	1	1	43327	3840	4020
DHD___576	1	1	34691	5160	5325
DHD___578	2	1	43951	2400	2580
DHD___578	2	1	45419	2400	2580
DHD___581	1	1	30190	5160	5325
