WGS__133	spring	2	1	12968	3480	3555
WGS__133	spring	2	1	14158	3600	3675
WGS__301	fall	1	1	13748	0	0
WGS__301	spring	1	1	13040	0	0
WGS__322	spring	1	1	14632	0	0
WGS__332	spring	1	2	14019	2400	2475	14019	5280	5355
WGS__334	fall	1	2	14148	720	795	14148	3600	3675
WGS__338	fall	1	1	14022	0	0
WGS__338	spring	1	1	13422	0	0
WGS__343	fall	1	1	13721	5160	5310
WGS__343	spring	2	1	12990	5160	5310
WGS__343	spring	2	1	13951	0	0
WGS__345	spring	1	1	12993	0	0
WGS__366	fall	1	1	12977	1080	1290
WGS__366	spring	1	1	13041	840	1050
WGS__403	fall	1	1	14093	0	0
WGS__411	spring	1	2	13019	720	820	13019	3600	3700
WGS__424	fall	1	1	12978	0	0
WGS__441	spring	1	1	13603	0	0
WGS__442	fall	1	1	13810	0	0
WGS__445	spring	1	1	14688	1080	1230
WGS__457	fall	1	1	13921	0	0
WGS__465	spring	1	1	13485	0	0
