LES__202	1	2	13128	2040	2115	13128	4920	4995
LES__277	1	2	15584	6360	6480	15584	5400	5490
LES__307	1	1	13486	3720	3870
LES__334	1	2	14468	720	795	14468	3600	3675
LES__354	1	2	13487	720	795	13487	3600	3675
LES__401	1	1	13488	1080	1230
LES__414	2	2	15055	600	675	15055	3480	3555
LES__414	2	2	15056	600	675	15056	3480	3555
LES__488	3	1	14470	2520	2670
LES__488	3	1	13351	2520	2670
LES__488	3	1	13080	2520	2670
LES__404	2	1	14683	1080	1230
LES__404	2	1	14684	1080	1230
LES__416	2	2	10758	720	795	10758	3600	3675
LES__416	2	2	15003	720	795	15003	3600	3675
LES__422	1	2	15299	2160	2260	15299	5040	5140
LES__489	2	1	10747	3960	4110
LES__489	2	1	14094	3960	4110
