HON__101	17	1	13631	2010	2085
HON__101	17	1	13637	2100	2175
HON__101	17	1	13639	2190	2265
HON__101	17	1	13643	2280	2355
HON__101	17	1	13644	2370	2445
HON__101	17	1	13647	3450	3525
HON__101	17	1	13651	2100	2175
HON__101	17	1	13653	3900	3975
HON__101	17	1	13656	6600	6675
HON__101	17	1	25910	4890	4965
HON__101	17	1	25911	4980	5055
HON__101	17	1	29281	5070	5145
HON__101	17	1	29282	5160	5235
HON__101	17	1	33973	5250	5325
HON__101	17	1	33992	3540	3615
HON__101	17	1	36623	6330	6405
HON__101	17	1	36624	6420	6495
HON__120	2	2	42586	570	645	42586	3450	3525
HON__120	2	2	44945	2280	2355	44945	5160	5235
HON__121	11	2	26285	900	975	26285	3780	3855
HON__121	11	2	27313	2370	2445	27313	5250	5325
HON__121	11	2	27314	2010	2085	27314	4890	4965
HON__121	11	2	27371	2370	2445	27371	5250	5325
HON__121	11	2	28662	2280	2355	28662	5160	5235
HON__121	11	2	29782	2100	2175	29782	4980	5055
HON__121	11	2	30637	990	1065	30637	3870	3945
HON__121	11	2	41721	2460	2535	41721	5340	5415
HON__121	11	3	41762	540	590	41762	3420	3470	41762	6300	6350
HON__121	11	2	42078	2190	2265	42078	5070	5145
HON__121	11	2	49627	2010	2085	49627	4890	4965
HON__122	6	1	26286	3780	3855
HON__122	6	2	29075	900	975	29075	3780	3855
HON__122	6	2	30422	2460	2535	30422	5340	5415
HON__122	6	1	41442	3780	3855
HON__122	6	2	45171	1080	1155	45171	3960	4035
HON__122	6	2	47158	2190	2265	47158	5070	5145
HON__123	5	2	26287	570	645	26287	3450	3525
HON__123	5	2	26350	2190	2265	26350	5070	5145
HON__123	5	2	27315	2100	2175	27315	4980	5055
HON__123	5	2	28100	1920	1995	28100	4800	4875
HON__123	5	2	37358	810	885	37358	3690	3765
HON__124	6	2	26288	570	645	26288	3450	3525
HON__124	6	2	29632	2190	2265	29632	5070	5145
HON__124	6	3	29633	780	830	29633	3660	3710	29633	6540	6590
HON__124	6	2	30898	2100	2175	30898	4980	5055
HON__124	6	2	32596	2460	2535	32596	5340	5415
HON__124	6	2	37359	990	1065	37359	3870	3945
HON__125	4	2	31448	2280	2355	31448	5160	5235
HON__125	4	2	37884	2460	2535	37884	5340	5415
HON__125	4	2	42168	2280	2355	42168	5160	5235
HON__125	4	3	46887	1020	1070	46887	3900	3950	46887	6780	6830
HON__126	1	2	43649	570	645	43649	3450	3525
HON__127	8	2	27316	2370	2445	27316	5250	5325
HON__127	8	2	28104	570	645	28104	3450	3525
HON__127	8	2	28669	900	975	28669	3780	3855
HON__127	8	2	32682	2100	2175	32682	4980	5055
HON__127	8	2	34631	2100	2175	34631	4980	5055
HON__127	8	2	34632	990	1065	34632	3870	3945
HON__127	8	2	40232	2100	2175	40232	4980	5055
HON__127	8	2	43657	990	1065	43657	3870	3945
HON__128	5	2	26289	2010	2085	26289	4890	4965
HON__128	5	2	27317	2190	2265	27317	5070	5145
HON__128	5	2	34821	2190	2265	34821	5070	5145
HON__128	5	2	35012	2190	2265	35012	5070	5145
HON__128	5	2	36639	2010	2085	36639	4890	4965
HON__129	1	2	27318	2190	2265	27318	5070	5145
HON__130	1	2	29634	1920	1995	29634	4800	4875
HON__131	3	3	34822	540	590	34822	3420	3470	34822	6300	6350
HON__131	3	2	39337	480	555	39337	3360	3435
HON__131	3	2	39987	570	645	39987	3450	3525
HON__133	1	2	42169	480	555	42169	3360	3435
HON__134	3	2	28670	570	645	28670	3450	3525
HON__134	3	2	29076	2280	2355	29076	5160	5235
HON__134	3	2	30227	2190	2265	30227	5070	5145
HON__140	3	2	27319	2100	2175	27319	4980	5055
HON__140	3	2	27370	990	1065	27370	3870	3945
HON__140	3	2	38316	2010	2085	38316	4890	4965
HON__141	1	2	44417	570	645	44417	3450	3525
HON__142	7	3	36683	540	590	36683	3420	3470	36683	6300	6350
HON__142	7	2	38373	2370	2445	38373	5250	5325
HON__142	7	3	38534	720	770	38534	3600	3650	38534	6480	6530
HON__142	7	2	41086	2010	2085	41086	4890	4965
HON__142	7	2	43640	2280	2355	43640	5160	5235
HON__142	7	2	43646	2190	2265	43646	5070	5145
HON__142	7	2	48676	570	645	48676	3450	3525
HON__145	1	2	36364	2190	2265	36364	5070	5145
HON__200	8	1	13679	780	830
HON__200	8	1	28671	840	890
HON__200	8	1	29458	3420	3470
HON__200	8	1	43164	3720	3770
HON__200	8	1	46000	2280	2355
HON__200	8	1	46028	6540	6590
HON__200	8	1	46029	840	890
HON__200	8	1	48117	3660	3710
HON__201	50	1	13681	6480	6530
HON__201	50	1	13684	780	830
HON__201	50	1	13759	4980	5030
HON__201	50	1	13760	3540	3590
HON__201	50	1	13761	6480	6530
HON__201	50	1	13762	6480	6530
HON__201	50	1	13763	6720	6770
HON__201	50	1	13764	3480	3530
HON__201	50	1	13765	720	770
HON__201	50	1	13766	900	950
HON__201	50	1	13767	3540	3590
HON__201	50	1	13768	3900	3950
HON__201	50	1	13770	3540	3590
HON__201	50	1	15057	3540	3590
HON__201	50	1	15058	2280	2330
HON__201	50	1	15059	3420	3470
HON__201	50	1	15060	660	710
HON__201	50	1	15061	6420	6470
HON__201	50	1	15063	3930	4020
HON__201	50	1	15065	600	650
HON__201	50	1	15066	3660	3710
HON__201	50	1	15068	6600	6675
HON__201	50	1	15070	2340	2390
HON__201	50	1	19300	3600	3650
HON__201	50	1	20216	3720	3770
HON__201	50	1	21142	3930	4020
HON__201	50	1	21199	3780	3830
HON__201	50	1	21944	3600	3650
HON__201	50	1	24050	2040	2090
HON__201	50	1	24051	6240	6290
HON__201	50	1	27164	3540	3590
HON__201	50	1	27165	720	770
HON__201	50	1	27242	6480	6530
HON__201	50	1	27321	660	710
HON__201	50	1	27560	3780	3830
HON__201	50	1	30837	6600	6650
HON__201	50	1	32758	600	650
HON__201	50	1	41094	3600	3650
HON__201	50	1	41135	3780	3830
HON__201	50	1	41136	3900	3950
HON__201	50	1	41137	3840	3890
HON__201	50	1	41138	720	795
HON__201	50	1	41139	840	890
HON__201	50	1	41140	570	645
HON__201	50	1	41141	3720	3770
HON__201	50	1	41499	3720	3770
HON__201	50	1	42079	780	830
HON__201	50	1	42080	3720	3770
HON__201	50	1	42105	3480	3530
HON__201	50	1	45576	3660	3710
HON__301	10	1	39346	660	710
HON__301	10	1	39347	3660	3710
HON__301	10	1	39351	900	950
HON__301	10	1	40483	600	650
HON__301	10	1	40484	6420	6470
HON__301	10	1	40486	3480	3530
HON__301	10	1	40487	3840	3890
HON__301	10	1	41764	3840	3890
HON__301	10	1	42585	3960	4010
HON__301	10	1	42895	1080	1130
HON__401	2	2	24779	2010	2085	24779	4890	4965
HON__401	2	2	41118	2370	2445	41118	5250	5325
