GER__100	fall	1	2	11647	2100	2175	11647	4980	5055
GER__100	spring	1	3	32976	720	770	32976	3600	3650	32976	6480	6530
GER__101	fall	3	3	11648	720	770	11648	3600	3650	11648	6480	6530
GER__101	fall	3	3	11650	660	710	11650	3540	3590	11650	6420	6470
GER__101	fall	3	3	30195	780	830	30195	3660	3710	30195	6540	6590
GER__101	spring	2	3	15902	720	770	15902	3600	3650	15902	6480	6530
GER__101	spring	2	3	22160	600	650	22160	3480	3530	22160	6360	6410
GER__102	fall	1	3	11661	660	710	11661	3540	3590	11661	6420	6470
GER__102	spring	2	3	15906	720	770	15906	3600	3650	15906	6480	6530
GER__102	spring	2	3	31389	660	710	31389	3540	3590	31389	6420	6470
GER__103	fall	2	3	11671	660	710	11671	3540	3590	11671	6420	6470
GER__103	fall	2	3	39765	660	710	39765	3540	3590	39765	6420	6470
GER__103	spring	1	3	15911	780	830	15911	3660	3710	15911	6540	6590
GER__104	fall	1	3	11673	780	830	11673	3660	3710	11673	6540	6590
GER__104	spring	1	3	15914	600	650	15914	3480	3530	15914	6360	6410
GER__120	fall	1	3	34366	540	590	34366	3420	3470	34366	6300	6350
GER__123	fall	1	3	31599	720	770	31599	3600	3650	31599	6480	6530
GER__125	fall	1	3	33311	840	890	33311	3720	3770	33311	6600	6650
GER__207	fall	1	2	39448	900	975	39448	3780	3855
GER__207	spring	1	2	38289	2280	2355	38289	5160	5235
GER__211	fall	1	2	11679	2190	2265	11679	5070	5145
GER__212	fall	1	2	42090	2280	2355	42090	5160	5235
GER__217	fall	1	2	26521	2010	2085	26521	4890	4965
GER__217	spring	1	2	29710	2190	2265	29710	5070	5145
GER__219	fall	1	2	23225	2010	2085	23225	4890	4965
GER__219	spring	1	3	19518	660	710	19518	3540	3590	19518	6420	6470
GER__240	fall	1	2	37083	2370	2445	37083	5250	5325
GER__302	spring	1	2	41056	2280	2355	41056	5160	5235
GER__310	fall	1	2	32265	2280	2355	32265	5160	5235
GER__310	spring	1	2	40354	2280	2355	40354	5160	5235
GER__311	fall	1	2	41146	2190	2265	41146	5070	5145
GER__315	fall	1	3	33116	780	830	33116	3660	3710	33116	6540	6590
GER__316	fall	1	2	34243	2280	2355	34243	5160	5235
GER__318	fall	1	2	31601	2100	2175	31601	4980	5055
GER__333	fall	1	2	37078	2190	2265	37078	5070	5145
GER__401	fall	2	3	40806	840	890	40806	3720	3770	40806	6600	6650
GER__401	fall	2	3	41572	840	890	41572	3720	3770	41572	6600	6650
GER__408	fall	2	2	37617	2280	2355	37617	5160	5235
GER__408	fall	2	2	37618	2280	2355	37618	5160	5235
GER__411	fall	1	1	38268	3780	3945
GER__420	fall	2	1	34244	2370	2535
GER__420	fall	2	1	34245	2370	2535
GER__422	fall	2	1	39445	2370	2535
GER__422	fall	2	1	39446	2370	2535
GER__437	fall	2	1	31606	3780	3945
GER__437	fall	2	1	32269	3780	3945
GER__439	fall	2	1	37079	2370	2535
GER__439	fall	2	1	37080	2370	2535
GER__439	spring	2	1	27666	2370	2520
GER__439	spring	2	1	27683	2370	2520
GER__448	fall	2	1	11708	5250	5400
GER__448	fall	2	1	20312	5250	5400
GER__449	spring	2	1	23756	5250	5400
GER__449	spring	2	1	23757	5250	5400
GER__450	fall	2	1	37081	900	1070
GER__450	fall	2	1	37082	900	1070
GER__487	fall	2	2	48637	570	645	48637	3450	3525
GER__487	fall	2	2	48638	570	645	48638	3450	3525
GER__494	fall	1	1	30207	3840	3950
GER__500	fall	1	2	47573	2010	2085	47573	4890	4965
GER__513	fall	1	2	38609	2010	2085	38609	4890	4965
GER__513	spring	1	1	32982	5250	5400
GER__514	fall	1	1	50357	2370	2520
GER__514	spring	1	1	30435	5250	5400
GER__515	fall	1	1	43603	900	1050
GER__515	spring	1	1	32983	3780	3930
GER__531	fall	2	1	38269	5250	5400
GER__531	fall	2	1	42257	2460	2610
GER__531	spring	1	1	25089	2370	2520
GER__540	fall	2	1	34246	2370	2535
GER__540	fall	2	1	37418	2460	2610
GER__540	spring	1	1	38288	3780	3930
GER__550	fall	1	1	49581	5340	5490
GER__550	spring	1	1	31394	3780	3930
