GER__100	3
GER__101	4
GER__102	4
GER__103	4
GER__104	4
GER__120	3
GER__123	3
GER__125	3
GER__207	3
GER__211	3
GER__212	3
GER__214	3
GER__217	4
GER__219	3
GER__228	3
GER__240	3
GER__299	0,1,2,3,4,5,6,7,8,9,10,11,12,13,14,15,16,17,18
GER__300	1
GER__302	3
GER__310	3
GER__311	3
GER__315	3
GER__316	3
GER__318	3
GER__333	3
GER__398	3
GER__399	1,2,3,4
GER__401	4
GER__408	4
GER__411	4
GER__420	4
GER__422	4
GER__437	4
GER__439	4
GER__448	4
GER__449	4
GER__450	4
GER__461	0,1,2,3,4,5,6,7,8,9,10,11,12,13,14,15,16,17,18
GER__487	4
GER__492	0,1,2,3,4,5,6,7,8,9,10,11,12,13
GER__493	1,2,3,4,5
GER__494	6
GER__495	6
GER__500	4
GER__513	4
GER__514	4
GER__515	4
GER__531	4
GER__540	4
GER__550	4
GER__593	4
GER__596	1,2,3,4,5
GER__598	0,1,2,3,4,5,6,7,8,9,10,11,12,13,14,15,16,17
GER__599	0,1,2,3,4,5,6,7,8,9,10,11,12,13,14,15,16,17
