ARCH___105	1	2	34671	2280	2330	34671	5160	5210
ARCH___106	1	2	34173	2280	2330	34173	5160	5210
ARCH___151	1	2	40397	720	770	40397	3600	3650
ARCH___200	2	1	33934	4980	5055
ARCH___200	2	1	35157	2370	2445
ARCH___205	1	2	34672	2280	2330	34672	5160	5210
ARCH___206	1	2	34174	2280	2330	34174	5160	5210
ARCH___210	1	2	43319	2100	2175	43319	4980	5055
ARCH___251	1	1	23496	2100	2175
ARCH___252	2	1	25500	3450	3525
ARCH___252	2	1	48355	2190	2265
ARCH___359	1	1	25261	2100	2175
ARCH___360	1	1	22680	2100	2205
ARCH___365	1	3	23562	840	890	23562	3720	3770	23562	6600	6650
ARCH___366	1	3	23440	840	890	23440	3720	3770	23440	6600	6650
ARCH___371	2	1	10043	5160	5235
ARCH___371	2	1	34168	6360	6470
ARCH___372	1	1	13928	5160	5235
ARCH___414	6	1	23561	3480	3530
ARCH___414	6	1	30429	6360	6410
ARCH___414	6	1	30430	6360	6410
ARCH___414	6	1	30431	6360	6410
ARCH___414	6	1	30432	6360	6410
ARCH___414	6	1	45666	6360	6410
ARCH___440	1	1	41027	5250	5415
ARCH___465	6	3	23564	840	890	23564	3720	3770	23564	6600	6650
ARCH___465	6	3	47205	840	890	47205	3720	3770	47205	6600	6650
ARCH___465	6	3	47207	840	890	47207	3720	3770	47207	6600	6650
ARCH___465	6	3	47209	840	890	47209	3720	3770	47209	6600	6650
ARCH___465	6	3	47211	840	890	47211	3720	3770	47211	6600	6650
ARCH___465	6	3	49060	840	890	49060	3720	3770	49060	6600	6650
ARCH___466	5	3	23445	840	890	23445	3720	3770	23445	6600	6650
ARCH___466	5	3	47689	840	890	47689	3720	3770	47689	6600	6650
ARCH___466	5	3	47691	840	890	47691	3720	3770	47691	6600	6650
ARCH___466	5	3	47693	840	890	47693	3720	3770	47693	6600	6650
ARCH___466	5	3	47695	840	890	47695	3720	3770	47695	6600	6650
ARCH___470	1	3	10148	480	530	10148	3360	3410	10148	6240	6290
ARCH___471	1	3	25888	480	530	25888	3360	3410	25888	6240	6290
ARCH___499	4	1	32849	600	765
ARCH___499	4	2	40092	2280	2355	40092	5160	5235
ARCH___499	4	2	40093	2280	2355	40093	5160	5235
ARCH___499	4	1	48502	4920	5040
ARCH___520	4	1	28873	600	765
ARCH___520	4	1	28985	6360	6525
ARCH___520	4	1	29321	2370	2535
ARCH___520	4	1	34941	3480	3645
ARCH___522	5	1	10287	5250	5415
ARCH___522	5	1	28874	600	765
ARCH___522	5	1	28986	6360	6525
ARCH___522	5	1	28987	6360	6525
ARCH___522	5	1	33935	6360	6525
ARCH___531	1	2	28993	2280	2355	28993	5160	5235
ARCH___532	1	2	28766	2100	2175	28766	4980	5055
ARCH___544	1	1	28767	6300	6465
ARCH___551	1	3	25214	840	1070	25214	3720	3950	25214	6600	6830
ARCH___552	1	3	28865	840	1070	28865	3720	3950	28865	6600	6830
ARCH___553	1	3	25216	840	1070	25216	3720	3950	25216	6600	6830
ARCH___554	1	3	28866	840	1070	28866	3720	3950	28866	6600	6830
ARCH___555	1	1	36979	3540	3640
ARCH___561	1	1	25219	2040	2145
ARCH___562	1	1	28893	3480	3580
ARCH___563	1	1	25221	600	705
ARCH___564	2	1	28892	2040	2090
ARCH___564	2	1	30744	2040	2090
ARCH___565	3	3	40422	840	1070	40422	3720	3950	40422	6600	6830
ARCH___565	3	3	47213	840	1070	47213	3720	3950	47213	6600	6830
ARCH___565	3	3	48147	840	1070	48147	3720	3950	48147	6600	6830
ARCH___566	4	1	28992	3480	3645
ARCH___566	4	1	30422	3480	3645
ARCH___566	4	1	30424	3480	3650
ARCH___566	4	1	48148	3480	3645
ARCH___567	3	3	39736	840	1070	39736	3720	3950	39736	6600	6830
ARCH___567	3	3	46408	840	1070	46408	3720	3950	46408	6600	6830
ARCH___567	3	3	47528	840	1070	47528	3720	3950	47528	6600	6830
ARCH___573	1	2	28770	2370	2470	28770	5250	5350
ARCH___574	1	2	28994	1980	2085	28994	4860	4965
ARCH___585	2	1	25227	6360	6525
ARCH___585	2	1	33943	600	770
ARCH___586	2	1	28771	6360	6525
ARCH___586	2	1	30520	6360	6525
ARCH___587	1	1	32732	2370	2535
ARCH___588	1	1	32416	3480	3645
