ECON_111	2	2	36631	2010	2085	36631	4890	4965
ECON_111	2	3	37376	540	590	37376	3420	3470	37376	6300	6350
ECON_120	4	3	10743	780	830	10743	3660	3710	10743	6540	6590
ECON_120	4	2	10745	2190	2265	10745	5070	5145
ECON_120	4	3	16781	600	650	16781	3480	3530	16781	6360	6410
ECON_120	4	3	46952	900	950	46952	3780	3830	46952	6660	6710
ECON_121	4	2	10752	2010	2085	10752	4890	4965
ECON_121	4	2	16787	2100	2175	16787	4980	5055
ECON_121	4	3	36926	780	830	36926	3660	3710	36926	6540	6590
ECON_121	4	3	37450	540	590	37450	3420	3470	37450	6300	6350
ECON_212	1	3	39333	600	650	39333	3480	3530	39333	6360	6410
ECON_213	1	3	40754	960	1010	40754	3840	3890	40754	6720	6770
ECON_214	1	2	38186	570	645	38186	3450	3525
ECON_215	2	2	35204	2190	2265	35204	5070	5145
ECON_215	2	2	36970	2100	2175	36970	4980	5055
ECON_216	1	2	40774	480	555	40774	3360	3435
ECON_220	5	2	35160	2100	2175	35160	4980	5055
ECON_220	5	3	35161	780	830	35161	3660	3710	35161	6540	6590
ECON_220	5	2	35410	900	975	35410	3780	3855
ECON_220	5	3	36654	900	950	36654	3780	3830	36654	6660	6710
ECON_220	5	2	36975	2280	2355	36975	5160	5235
ECON_221	5	3	10837	780	830	10837	3660	3710	10837	6540	6590
ECON_221	5	2	10840	2100	2175	10840	4980	5055
ECON_221	5	2	16813	2280	2355	16813	5160	5235
ECON_221	5	3	26153	540	590	26153	3420	3470	26153	6300	6350
ECON_221	5	2	34291	2190	2265	34291	5070	5145
ECON_270	2	3	16815	900	950	16815	3780	3830	16815	6660	6710
ECON_270	2	3	24439	600	650	24439	3480	3530	24439	6360	6410
ECON_300	6	2	35162	2010	2085	35162	4890	4965
ECON_300	6	2	36360	990	1065	36360	3870	3945
ECON_300	6	2	36378	2100	2175	36378	4980	5055
ECON_300	6	2	42068	2370	2445	42068	5250	5325
ECON_300	6	2	42841	480	555	42841	3360	3435
ECON_300	6	2	48091	2190	2265	48091	5070	5145
ECON_311	1	2	37505	1920	1995	37505	4800	4875
ECON_322	2	2	38187	2280	2355	38187	5160	5235
ECON_322	2	3	42830	540	590	42830	3420	3470	42830	6300	6350
ECON_326	1	2	36638	2190	2265	36638	5070	5145
ECON_328	1	2	42069	570	645	42069	3450	3525
ECON_329	2	2	34030	570	645	34030	3450	3525
ECON_329	2	3	36976	840	890	36976	3720	3770	36976	6600	6650
ECON_330	1	3	35412	600	650	35412	3480	3530	35412	6360	6410
ECON_331	1	2	26211	2100	2175	26211	4980	5055
ECON_332	2	2	26251	2280	2355	26251	5160	5235
ECON_332	2	2	37795	2370	2445	37795	5250	5325
ECON_333	2	2	10848	2280	2355	10848	5160	5235
ECON_333	2	3	32919	780	830	32919	3660	3710	32919	6540	6590
ECON_334	2	2	35413	2010	2085	35413	4890	4965
ECON_334	2	3	41666	840	890	41666	3720	3770	41666	6600	6650
ECON_339	1	2	35414	2370	2445	35414	5250	5325
ECON_342	1	3	38190	840	890	38190	3720	3770	38190	6600	6650
ECON_344	2	2	37258	2280	2355	37258	5160	5235
ECON_344	2	3	42070	780	830	42070	3660	3710	42070	6540	6590
ECON_353	1	3	35480	540	590	35480	3420	3470	35480	6300	6350
ECON_370	2	2	40790	570	645	40790	3450	3525
ECON_370	2	2	44063	2370	2445	44063	5250	5325
ECON_390	1	3	36971	780	830	36971	3660	3710	36971	6540	6590
ECON_400	1	2	48287	900	975	48287	3780	3855
ECON_436	1	3	36974	540	590	36974	3420	3470	36974	6300	6350
ECON_453	1	2	48288	2100	2175	48288	4980	5055
ECON_473	1	3	41210	540	590	41210	3420	3470	41210	6300	6350
ECON_475	1	2	47432	900	975	47432	3780	3855
ECON_501	1	2	10898	990	1065	10898	3870	3945
ECON_502	1	2	40412	2280	2355	40412	5160	5235
ECON_503	1	2	40791	2010	2085	40791	4890	4965
ECON_505	1	2	40792	900	975	40792	3780	3855
ECON_506	1	2	40413	2370	2445	40413	5250	5325
ECON_507	1	2	40793	1920	1995	40793	4800	4875
ECON_509	1	2	40405	900	975	40405	3780	3855
ECON_510	1	2	38957	990	1065	38957	3870	3945
ECON_511	2	2	33169	2460	2535	33169	5340	5415
ECON_511	2	2	42614	2370	2445	42614	5250	5325
ECON_512	1	2	44046	2370	2445	44046	5250	5325
ECON_514	1	1	36972	3960	4110
ECON_515	1	2	48351	2460	2535	48351	5340	5415
ECON_516	1	2	39003	2370	2445	39003	5250	5325
ECON_520	8	1	10919	1080	1230
ECON_520	8	1	19503	2550	2700
ECON_520	8	2	22566	2460	2535	22566	5340	5415
ECON_520	8	1	29354	1950	2100
ECON_520	8	2	31017	2385	2460	31017	5265	5340
ECON_520	8	2	37940	990	1065	37940	3870	3945
ECON_520	8	2	38991	900	1050	38991	3780	3930
ECON_520	8	1	44083	3420	3590
ECON_531	1	2	35016	2280	2355	35016	5160	5235
ECON_534	1	2	10923	2280	2355	10923	5160	5235
ECON_535	1	2	27864	2280	2355	27864	5160	5235
ECON_537	2	2	38191	990	1065	38191	3870	3945
ECON_537	2	2	42613	2460	2535	42613	5340	5415
ECON_539	1	2	34904	2370	2445	34904	5250	5325
ECON_551	1	1	35167	900	1050
ECON_555	1	1	35168	3780	3930
ECON_575	1	2	34302	990	1065	34302	3870	3945
ECON_594	1	3	37148	720	770	37148	3600	3650	37148	6480	6530
