ENG__101	12	2	12473	600	675	12473	3480	3555
ENG__101	12	2	12474	840	915	12474	3720	3795
ENG__101	12	2	12475	960	1035	12475	3840	3915
ENG__101	12	2	12477	1920	1995	12477	4800	4875
ENG__101	12	2	12478	2040	2115	12478	4920	4995
ENG__101	12	2	12479	2160	2235	12479	5040	5115
ENG__101	12	2	12480	2280	2355	12480	5160	5235
ENG__101	12	2	12481	720	795	12481	3600	3675
ENG__101	12	2	12482	2160	2235	12482	5040	5115
ENG__101	12	2	12503	600	675	12503	3480	3555
ENG__101	12	2	12504	2160	2235	12504	5040	5115
ENG__101	12	2	13981	1920	1995	13981	4800	4875
ENG__102	8	2	12483	600	675	12483	3480	3555
ENG__102	8	2	12885	2160	2235	12885	5040	5115
ENG__102	8	2	12030	600	675	12030	3480	3555
ENG__102	8	2	12031	840	915	12031	3720	3795
ENG__102	8	2	12374	960	1035	12374	3840	3915
ENG__102	8	2	12375	2040	2115	12375	4920	4995
ENG__102	8	2	12377	2160	2235	12377	5040	5115
ENG__102	8	2	12379	2280	2355	12379	5160	5235
ENG__113	1	3	14303	6480	6530	14303	2160	2210	14303	5040	5090
ENG__152	1	2	13821	720	795	13821	3600	3675
ENG__231	1	2	13519	600	675	13519	3480	3555
ENG__272	2	1	13797	960	1110
ENG__272	2	1	14712	840	990
ENG__303	1	2	14751	600	675	14751	3480	3555
ENG__306	1	1	15263	1080	1230
ENG__234	1	1	13398	3720	3870
ENG__313	1	1	15512	2280	2430
ENG__332	1	2	14018	2400	2475	14018	5280	5355
ENG__366	1	1	15507	5160	5310
ENG__470	1	1	10294	5400	5550
ENG__481	1	2	14860	2160	2235	14860	5040	5115
