ANTH___100	4	2	30865	540	590	30865	3420	3470
ANTH___100	4	1	35315	2370	2445
ANTH___100	4	1	44600	2370	2445
ANTH___100	4	2	44739	540	590	44739	3420	3470
ANTH___101	2	2	19786	2010	2060	19786	4890	4940
ANTH___101	2	2	43399	2370	2445	43399	5250	5325
ANTH___102	2	3	21720	840	890	21720	3720	3770	21720	6600	6650
ANTH___102	2	2	27060	2100	2175	27060	4980	5055
ANTH___105	2	2	10107	2190	2265	10107	5070	5145
ANTH___105	2	2	15763	2190	2265	15763	5070	5145
ANTH___200	1	2	38211	660	710	38211	3540	3590
ANTH___208	1	2	42690	840	890	42690	3720	3770
ANTH___215	1	2	42195	2010	2085	42195	4890	4965
ANTH___216	2	2	40370	660	710	40370	3540	3590
ANTH___216	2	2	45955	660	710	45955	3540	3590
ANTH___217	6	3	37976	840	890	37976	3720	3770	37976	6600	6650
ANTH___217	6	2	42340	2190	2265	42340	5070	5145
ANTH___217	6	2	43967	2370	2445	43967	5250	5325
ANTH___217	6	2	43968	570	645	43968	3450	3525
ANTH___217	6	2	45802	570	645	45802	3450	3525
ANTH___217	6	2	45806	2190	2265	45806	5070	5145
ANTH___220	1	3	35698	660	710	35698	3540	3590	35698	6420	6470
ANTH___223	1	2	37118	990	1065	37118	3870	3945
ANTH___224	1	2	41509	570	645	41509	3450	3525
ANTH___226	1	2	27962	2460	2535	27962	5340	5415
ANTH___227	1	2	35117	2100	2175	35117	4980	5055
ANTH___229	4	2	31831	2010	2085	31831	4890	4965
ANTH___229	4	2	33685	900	975	33685	3780	3855
ANTH___229	4	2	34759	2280	2355	34759	5160	5235
ANTH___229	4	2	39478	2280	2355	39478	5160	5235
ANTH___231	1	2	26247	2190	2265	26247	5070	5145
ANTH___233	1	2	49531	2010	2085	49531	4890	4965
ANTH___234	1	2	29815	900	950	29815	3780	3830
ANTH___237	4	2	35700	570	645	35700	3450	3525
ANTH___237	4	1	35701	6300	6410
ANTH___237	4	2	44124	2280	2355	44124	5160	5235
ANTH___237	4	1	44125	6600	6710
ANTH___238	2	1	34761	2100	2175
ANTH___238	2	1	43787	2100	2175
ANTH___239	5	2	36735	900	975	36735	3780	3855
ANTH___239	5	2	39546	2460	2535	39546	5340	5415
ANTH___239	5	2	42240	2190	2265	42240	5070	5145
ANTH___239	5	2	43222	990	1065	43222	3870	3945
ANTH___239	5	2	45582	2010	2085	45582	4890	4965
ANTH___242	1	2	48377	480	555	48377	3360	3435
ANTH___243	1	2	40439	570	645	40439	3450	3525
ANTH___244	1	2	47033	480	555	47033	3360	3435
ANTH___245	1	2	49216	2370	2445	49216	5250	5325
ANTH___248	1	2	46499	990	1065	46499	3870	3945
ANTH___255	1	2	46220	480	555	46220	3360	3435
ANTH___256	1	2	36351	840	915	36351	3720	3795
ANTH___262	2	2	44954	990	1065	44954	3870	3945
ANTH___262	2	2	46234	2280	2355	46234	5160	5235
ANTH___272	1	2	35699	2280	2355	35699	5160	5235
ANTH___273	1	2	33370	2280	2355	33370	5160	5235
ANTH___276	1	2	35702	2010	2085	35702	4890	4965
ANTH___277	2	3	31693	840	890	31693	3720	3770	31693	6600	6650
ANTH___277	2	3	37974	900	950	37974	3780	3830	37974	6660	6710
ANTH___279	1	1	37119	930	1095
ANTH___309	2	2	19781	2010	2085	19781	4890	4965
ANTH___309	2	2	40384	900	975	40384	3780	3855
ANTH___311	1	2	35707	2100	2175	35707	4980	5055
ANTH___312	1	2	38212	2100	2175	38212	4980	5055
ANTH___314	2	2	37490	900	975	37490	3780	3855
ANTH___314	2	2	38759	2370	2445	38759	5250	5325
ANTH___319	1	1	47351	2370	2445
ANTH___320	2	2	33260	2280	2355	33260	5160	5235
ANTH___320	2	2	33371	2280	2355	33371	5160	5235
ANTH___394	3	2	33931	570	645	33931	3450	3525
ANTH___394	3	2	37414	900	975	37414	3780	3855
ANTH___394	3	2	43223	2370	2445	43223	5250	5325
ANTH___409	2	3	42196	900	950	42196	3780	3830	42196	6660	6710
ANTH___409	2	3	42197	900	950	42197	3780	3830	42197	6660	6710
ANTH___411	2	2	37120	2190	2265	37120	5070	5145
ANTH___411	2	2	37121	2190	2265	37121	5070	5145
ANTH___418	4	2	34555	990	1065	34555	3870	3945
ANTH___418	4	2	34556	990	1065	34556	3870	3945
ANTH___418	4	2	39798	2010	2085	39798	4890	4965
ANTH___418	4	2	39799	2010	2085	39799	4890	4965
ANTH___420	10	1	27965	6360	6525
ANTH___420	10	1	27967	6360	6525
ANTH___420	10	2	31697	2100	2175	31697	4980	5055
ANTH___420	10	2	31698	2100	2175	31698	4980	5055
ANTH___420	10	1	33263	6300	6465
ANTH___420	10	1	33264	6300	6465
ANTH___420	10	3	35704	780	830	35704	3660	3710	35704	6540	6590
ANTH___420	10	3	35705	780	830	35705	3660	3710	35705	6540	6590
ANTH___420	10	1	37122	900	1065
ANTH___420	10	1	37124	900	1065
ANTH___423	2	3	40952	780	830	40952	3660	3710	40952	6540	6590
ANTH___423	2	3	40953	780	830	40953	3660	3710	40953	6540	6590
ANTH___424	4	2	25544	2280	2355	25544	5160	5235
ANTH___424	4	2	28163	2100	2175	28163	4980	5055
ANTH___424	4	2	41210	2280	2355	41210	5160	5235
ANTH___424	4	2	46085	2100	2175	46085	4980	5055
ANTH___428	2	2	43354	2010	2085	43354	4890	4965
ANTH___428	2	2	43355	2010	2085	43355	4890	4965
ANTH___429	2	1	43356	2370	2535
ANTH___429	2	1	43357	2370	2535
ANTH___436	3	2	40893	2010	2085	40893	4890	4965
ANTH___436	3	2	40894	2280	2355	40894	5160	5235
ANTH___436	3	2	46644	2010	2085	46644	4890	4965
ANTH___437	1	2	36944	570	645	36944	3450	3525
ANTH___453	2	2	37131	2010	2085	37131	4890	4965
ANTH___453	2	2	37132	2010	2085	37132	4890	4965
ANTH___455	2	2	34553	2190	2265	34553	5070	5145
ANTH___455	2	2	34554	2190	2265	34554	5070	5145
ANTH___466	2	1	45438	900	1050
ANTH___466	2	1	45439	900	1050
ANTH___473	2	1	42874	5250	5415
ANTH___473	2	1	42875	5250	5415
ANTH___476	1	3	41579	780	830	41579	3660	3710	41579	6540	6590
ANTH___477	1	1	19756	4800	4910
ANTH___478	2	2	38213	2280	2355	38213	5160	5235
ANTH___478	2	2	38214	2280	2355	38214	5160	5235
ANTH___480	2	2	34583	2370	2445	34583	5250	5325
ANTH___480	2	2	34584	2370	2445	34584	5250	5325
ANTH___481	2	2	10179	900	975	10179	3780	3855
ANTH___481	2	2	34494	990	1065	34494	3870	3945
ANTH___494	12	2	31702	2190	2265	31702	5070	5145
ANTH___494	12	2	32125	2190	2265	32125	5070	5145
ANTH___494	12	1	33375	2370	2535
ANTH___494	12	1	33592	2370	2535
ANTH___494	12	1	37019	6480	6645
ANTH___494	12	1	37020	6480	6645
ANTH___494	12	2	37275	2280	2355	37275	5160	5235
ANTH___494	12	2	37276	2280	2355	37276	5160	5235
ANTH___494	12	2	38561	2100	2175	38561	4980	5055
ANTH___494	12	2	38562	2100	2175	38562	4980	5055
ANTH___494	12	2	40330	2190	2265	40330	5070	5145
ANTH___494	12	2	40331	2190	2265	40331	5070	5145
ANTH___500	1	1	10185	3720	3885
ANTH___501	1	1	15779	5250	5415
ANTH___502	1	1	48582	5220	5385
ANTH___503	3	2		2280	2475		2280	2475
ANTH___503	3	1	27960	5160	5235
ANTH___503	3	1	47243	5160	5235
ANTH___508	2	1	33374	3780	3945
ANTH___508	2	1	35710	5250	5415
ANTH___511	1	1	44750	3480	3645
ANTH___516	1	1	35708	2370	2535
ANTH___520	2	1	35706	900	1065
ANTH___520	2	1	38749	900	1065
ANTH___593	1	1	37129	2370	2535
ANTH___594	4	1	33391	5220	5385
ANTH___594	4	1	35116	3540	3690
ANTH___594	4	1	44990	840	990
ANTH___594	4	2	45733	2190	2265	45733	5070	5145
