BUS__312	3	1	10019	2280	2430
BUS__312	3	1	10029	1080	1230
BUS__312	3	1	10113	1080	1230
BUS__322	4	1	10033	840	990
BUS__322	4	1	10035	5400	5550
BUS__322	4	1	10115	3720	3870
BUS__322	4	1	12137	5400	5550
BUS__331	4	2	10036	2100	2175	10036	4980	5055
BUS__331	4	1	13111	1080	1230
BUS__331	4	2	12994	2100	2190	12994	4980	5070
BUS__331	4	1	13179	5160	5310
BUS__334	1	2	15269	2280	2355	15269	5160	5235
BUS__411	1	1	14120	5160	5310
BUS__501	2	1	12494	1080	1230
BUS__501	2	1	12430	1080	1230
BUS__512	2	1	10064	5400	5550
BUS__512	2	1	10125	1080	1230
BUS__522	2	1	10066	2520	2670
BUS__522	2	1	10127	2520	2670
BUS__541	2	1	10068	3960	4110
BUS__541	2	1	10128	3960	4110
BUS__583	2	1	11404	1080	1230
BUS__583	2	1	12424	5400	5550
BUS__354	1	1	12875	5400	5550
BUS__432	1	1	15150	2280	2430
BUS__528	1	1	15440	1080	1230
