OT___350	fall	1	1	42616	6360	6530
OT___350	spring	1	2	41149	1950	2025	41149	4830	4905
OT___360	fall	5	1	43933	6570	6680
OT___360	fall	5	1	43934	3540	3650
OT___360	fall	5	1	43935	3720	3830
OT___360	fall	5	1	43936	4980	5090
OT___360	fall	5	1	45343	4890	5010
OT___494	fall	4	1	42802	5010	5120
OT___494	fall	4	1	42803	2310	2420
OT___494	fall	4	1	42936	6300	6410
OT___494	fall	4	1	43168	6300	6410
OT___494	spring	1	1	44734	0	0
OT___496	fall	1	1	43977	0	0
OT___496	spring	1	1	48593	0	0
OT___522	fall	1	1	36480	870	990
OT___523	fall	1	1	36482	570	720
OT___528	spring	1	1	48396	1020	1140
OT___535	fall	1	1	14622	0	0
OT___540	fall	1	1	14628	0	0
OT___542	fall	1	1	25672	0	0
OT___551	fall	1	1	14635	2475	2640
OT___553	fall	2	1	26496	1035	1170
OT___553	fall	2	1	47593	3840	3990
OT___558	fall	1	1	38955	0	0
OT___558	spring	1	1	36557	0	0
OT___561	fall	1	1	48780	5280	5460
OT___563	spring	1	1	38507	3840	4020
OT___564	fall	1	1	14642	5130	5310
OT___568	fall	3	1	42227	2400	2550
OT___568	fall	3	1	42300	2400	2580
OT___568	fall	3	1	45416	2460	2580
OT___570	fall	1	1	40341	0	0
OT___592	fall	1	1	41833	0	0
OT___592	spring	1	1	48458	0	0
OT___594	fall	1	1	41697	0	0
OT___594	spring	1	1	40306	0	0
OT___595	fall	1	1	36934	0	0
OT___595	spring	1	1	36427	0	0
OT___596	fall	1	1	48281	0	0
OT___596	spring	1	1	46928	0	0
OT___600	fall	1	1	47415	0	0
OT___601	fall	1	1	47416	0	0
OT___602	fall	1	1	47418	0	0
OT___603	fall	1	1	47420	0	0
OT___604	fall	1	1	47422	1920	2160
OT___605	fall	1	1	47423	5070	5190
OT___607	fall	1	1	47424	4890	5010
OT___610	spring	1	1	46696	0	0
OT___611	spring	1	1	46697	0	0
OT___612	spring	1	1	46699	0	0
OT___615	spring	1	1	46700	5100	5220
OT___617	spring	1	1	46701	4920	5040
OT___630	fall	1	1	48601	0	0
OT___631	fall	1	1	48933	0	0
OT___632	fall	1	1	48605	0	0
OT___635	fall	1	1	48607	0	0
OT___636	fall	1	1	48609	0	0
OT___637	fall	1	1	48610	0	0
OT___640	spring	1	1	47028	0	0
OT___641	spring	1	1	47029	0	0
OT___645	spring	1	1	47032	0	0
OT___646	spring	1	1	47031	0	0
OT___668	fall	1	1	49661	0	0
OT___668	spring	1	1	48515	0	0
OT___678	fall	1	1	50494	0	0
OT___678	spring	1	1	48401	0	0
OT___690	fall	1	1	49660	0	0
OT___695	fall	1	1	48982	0	0
OT___695	spring	1	1	47561	0	0
