MAT__092	2	2	13038	2160	2235	13038	5040	5115
MAT__092	2	2	12899	2160	2235	12899	5040	5115
MAT__094	4	2	13040	600	675	13040	3480	3555
MAT__094	4	2	13041	720	795	13041	3600	3675
MAT__094	4	2	12901	600	675	12901	3480	3555
MAT__094	4	2	12921	720	795	12921	3600	3675
MAT__109	1	1	15465	4920	4970
MAT__111	1	2	10728	600	675	10728	3480	3555
MAT__115	2	2	10730	2280	2380	10730	5160	5260
MAT__115	2	2	10460	840	940	10460	3720	3820
MAT__121	4	2	10732	2400	2475	10732	5280	5355
MAT__121	4	2	10733	840	915	10733	3720	3795
MAT__121	4	2	10462	2160	2235	10462	5040	5115
MAT__121	4	2	10463	2040	2115	10463	4920	4995
MAT__096	1	2	12922	2040	2115	12922	4920	4995
MAT__119	1	1	15450	3480	3530
