PMPR_300	fall	1	1	50100	0	0
PMPR_300	spring	1	1	48521	0	0
PMPR_315	fall	1	1	33476	0	0
PMPR_316	spring	1	1	33444	0	0
PMPR_317	fall	1	1	33477	0	0
PMPR_318	spring	1	1	33445	0	0
PMPR_319	fall	1	1	35365	0	0
PMPR_320	spring	1	1	34741	0	0
PMPR_321	spring	1	1	36255	0	0
PMPR_327	spring	1	1	41590	0	0
PMPR_328	spring	2	1	33446	3690	3800
PMPR_328	spring	2	1	33447	3690	3800
PMPR_329	fall	2	1	34678	5010	5060
PMPR_329	fall	2	1	34679	5010	5060
PMPR_330	fall	2	1	30046	4950	5000
PMPR_330	fall	2	1	34185	4950	5000
PMPR_334	fall	2	1	47107	2250	2300
PMPR_334	fall	2	1	47108	2250	2300
PMPR_334	spring	2	1	45455	870	920
PMPR_334	spring	2	1	45456	870	920
PMPR_337	fall	1	1	37247	0	0
PMPR_338	fall	2	1	40977	2250	2360
PMPR_338	fall	2	1	40978	2250	2360
PMPR_339	spring	1	1	37000	0	0
PMPR_347	spring	2	1	37002	3690	3800
PMPR_347	spring	2	1	37003	3690	3800
PMPR_348	spring	2	1	37004	870	980
PMPR_348	spring	2	1	37005	870	980
PMPR_349	spring	1	1	37007	0	0
PMPR_356	fall	2	1	26903	2250	2360
PMPR_356	fall	2	1	49955	2250	2300
PMPR_358	spring	1	1	41592	0	0
PMPR_359	fall	1	1	15081	5130	5180
PMPR_359	spring	1	1	16024	3810	3860
PMPR_362	fall	2	1	31407	3690	3800
PMPR_362	fall	2	1	34187	3690	3800
PMPR_368	fall	2	1	49904	4950	5000
PMPR_368	fall	2	1	49905	4950	5000
PMPR_376	spring	1	1	45457	870	980
PMPR_378	fall	2	1	26347	3690	3800
PMPR_378	fall	2	1	34188	3690	3800
PMPR_379	spring	2	1	48015	3510	3620
PMPR_379	spring	2	1	48016	3510	3620
PMPR_380	fall	1	1	16188	0	0
PMPR_380	spring	1	1	12961	0	0
PMPR_381	spring	1	1	40611	630	740
PMPR_383	spring	2	1	41755	3690	3800
PMPR_383	spring	2	1	41756	3690	3800
PMPR_385	fall	2	1	48321	4950	5000
PMPR_385	fall	2	1	48322	4950	5000
PMPR_390	fall	1	1	16250	0	0
PMPR_390	spring	1	1	39479	0	0
PMPR_430	spring	2	1	16071	870	980
PMPR_430	spring	2	1	34017	870	980
PMPR_442	fall	1	1	45218	0	0
PMPR_445	fall	1	1	45302	0	0
PMPR_450	fall	1	1	43301	0	0
PMPR_485	fall	1	1	48589	0	0
PMPR_485	spring	1	1	47277	0	0
PMPR_486	spring	2	1	47354	3690	3740
PMPR_486	spring	2	1	48010	3690	3740
PMPR_487	spring	1	1	46309	0	0
PMPR_488	fall	2	1	48568	2250	2360
PMPR_488	fall	2	1	48569	2250	2360
PMPR_536	fall	1	1	48475	0	0
