ANAT_399	fall	1	1	33708	0	0
ANAT_399	spring	1	1	33464	0	0
ANAT_403	spring	1	2	17750	540	620	17750	3420	3500
ANAT_414	spring	1	2	17752	540	620	17752	3420	3500
ANAT_439	fall	1	1	28190	2310	2490
ANAT_441	fall	2	3	14113	720	780	14113	3600	3660	14113	6480	6540
ANAT_441	fall	2	3	21068	720	770	21068	3600	3650	21068	6480	6530
ANAT_443	spring	1	2	41281	900	990	41281	3780	3870
ANAT_523	spring	1	1	27862	780	890
ANAT_525	spring	1	1	26573	3660	3780
ANAT_527	fall	1	2	48757	600	675	48757	3480	3555
ANAT_544	spring	1	1	17757	3840	3890
ANAT_595	fall	1	1	14127	0	0
ANAT_595	spring	1	1	17759	2190	2240
ANAT_596	fall	1	1	14164	0	0
ANAT_596	spring	1	1	22911	0	0
ANAT_598	fall	1	1	26781	0	0
ANAT_598	spring	1	1	10036	0	0
ANAT_599	fall	1	1	18341	0	0
ANAT_599	spring	1	1	22919	0	0
