IPHS___401	4
IPHS___402	6
IPHS___403	4
IPHS___404	3
IPHS___405	3
IPHS___409	3
IPHS___410	3
IPHS___420	0
IPHS___430	2
IPHS___494	1,2,3,4,5
IPHS___503	3
IPHS___505	3
IPHS___510	3
IPHS___512	3
IPHS___520	3
IPHS___521	2
IPHS___522	2
IPHS___523	3
IPHS___524	3
IPHS___525	2
IPHS___526	2
IPHS___594	1,2,3,4,5
IPHS___595	1,2,3,4
IPHS___596	1,2,3,4,5
IPHS___598	0,1,2,3,4,5,6,7,8,9,10,11,12,13,14,15,16,17
IPHS___599	0,1,2,3,4,5,6,7,8,9,10,11,12,13,14,15,16,17
IPHS___650	0,1,2,3,4,5,6
IPHS___661	0,1,2,3,4,5,6,7,8,9,10,11,12,13,14,15,16,17
IPHS___698	1
IPHS___699	0,1,2,3,4,5,6,7,8,9,10,11,12,13,14,15,16,17,18,19
