AHS___100	3	1	45556	6360	6410
AHS___100	3	1	49109	600	650
AHS___100	3	1	49110	3480	3530
AHS___101	1	1	39530	6360	6410
AHS___102	2	2	42095	2010	2085	42095	4890	4965
AHS___102	2	2	44838	2010	2085	44838	4890	4965
AHS___200	8	2	39273	2280	2355	39273	5160	5235
AHS___200	8	2	40487	2190	2265	40487	5070	5145
AHS___200	8	2	42026	2100	2175	42026	4980	5055
AHS___200	8	2	43566	2100	2175	43566	4980	5055
AHS___200	8	2	43567	2190	2265	43567	5070	5145
AHS___200	8	2	43568	2280	2355	43568	5160	5235
AHS___200	8	3	45998	660	710	45998	3540	3590	45998	6420	6470
AHS___200	8	3	46840	600	650	46840	3480	3530	46840	6360	6410
AHS___210	3	2	37887	2100	2175	37887	4980	5055
AHS___210	3	2	39531	2100	2175	39531	4980	5055
AHS___210	3	2	43751	2370	2445	43751	5250	5325
AHS___294	1	2	48617	870	945	48617	3750	3825
AHS___304	2	1	48276	3360	3435
AHS___304	2	1	49146	3360	3435
AHS___325	2	2	39532	2280	2355	39532	5160	5235
AHS___325	2	2	40483	2280	2355	40483	5160	5235
AHS___330	2	2	39274	2040	2115	39274	4920	4995
AHS___330	2	2	40738	2040	2115	40738	4920	4995
AHS___365	2	2	39772	2160	2235	39772	5040	5115
AHS___365	2	2	40485	2160	2235	40485	5040	5115
AHS___393	2	2	44947	720	795	44947	3600	3675
AHS___393	2	2	46958	780	855	46958	3660	3735
AHS___402	2	1	40966	3450	3560
AHS___402	2	1	42780	3450	3560
AHS___511	1	2	38535	3600	3710	38535	6480	6590
AHS___512	1	2	38484	3600	3710	38484	6480	6590
