SPED___201	2	2	43975	720	795	43975	3600	3675
SPED___201	2	2	48974	570	645	48974	3450	3525
SPED___202	1	2	49608	2190	2265	49608	5070	5145
SPED___410	3	1	15101	2460	2640
SPED___410	3	1	23968	2460	2640
SPED___410	3	1	38783	2460	2640
SPED___416	4	1	30466	1020	1200
SPED___416	4	1	30467	1020	1200
SPED___416	4	1	38709	1020	1200
SPED___416	4	1	47575	1020	1200
SPED___432	1	1	48777	1020	1200
SPED___433	1	1	48778	2460	2640
SPED___448	3	1	36723	2460	2640
SPED___448	3	1	38010	2460	2520
SPED___448	3	1	42555	900	1010
SPED___461	2	1	11359	1020	1200
SPED___461	2	1	44099	5340	5520
SPED___462	3	1	11360	5340	5520
SPED___462	3	1	15110	5340	5520
SPED___462	3	1	48542	5340	5520
SPED___463	2	1	11362	1020	1200
SPED___463	2	1	15111	1020	1200
SPED___465	1	1	39770	2460	2640
SPED___466	2	1	11365	2460	2640
SPED___466	2	1	15123	2460	2640
SPED___471	2	1	11366	1020	1200
SPED___471	2	1	48261	3900	4080
SPED___472	2	1	11367	5340	5520
SPED___472	2	1	15125	3900	4080
SPED___473	1	1	41573	3900	4080
SPED___482	1	1	37578	1020	1200
SPED___506	2	1	11375	2460	2640
SPED___506	2	1	48958	2460	2640
SPED___508	2	1	11378	3900	4080
SPED___508	2	1	25644	3900	4080
SPED___509	1	1	46527	1020	1200
SPED___510	1	1	34733	1020	1200
SPED___511	1	1	48779	3900	4080
SPED___512	1	1	34238	3900	4080
SPED___514	1	1	46593	1020	1200
SPED___516	1	1	34240	5340	5520
SPED___518	1	1	48263	2460	2640
SPED___523	1	1	48264	3900	4080
SPED___563	2	1	39868	3900	4080
SPED___563	2	1	40175	3900	4080
SPED___572	2	1	20003	5340	5520
SPED___572	2	1	40493	5190	5330
SPED___573	1	1	23359	5340	5520
SPED___576	2	1	39231	2460	2640
SPED___576	2	1	42260	3900	4080
