LING_150	6	2	19911	2280	2355	19911	5160	5235
LING_150	6	2	21176	570	645	21176	3450	3525
LING_150	6	2	42110	2010	2085	42110	4890	4965
LING_150	6	2	44930	2100	2175	44930	4980	5055
LING_150	6	2	46956	900	975	46956	3780	3855
LING_150	6	2	49699	2190	2265	49699	5070	5145
LING_160	3	2	35481	1920	1995	35481	4800	4875
LING_160	3	2	48344	2010	2085	48344	4890	4965
LING_160	3	2	48345	2100	2175	48345	4980	5055
LING_201	1	2	32298	1920	1995	32298	4800	4875
LING_210	2	2	44931	2280	2355	44931	5160	5235
LING_210	2	2	48349	2190	2265	48349	5070	5145
LING_220	2	2	43724	2190	2265	43724	5070	5145
LING_220	2	2	48350	2100	2175	48350	4980	5055
LING_230	2	2	45950	2010	2085	45950	4890	4965
LING_230	2	2	47115	900	975	47115	3780	3855
LING_260	2	2	35936	2280	2355	35936	5160	5235
LING_260	2	2	42481	2190	2265	42481	5070	5145
LING_270	1	2	42111	570	645	42111	3450	3525
LING_300	3	2	44932	2190	2265	44932	5070	5145
LING_300	3	1	45951	3780	3930
LING_300	3	2	48347	2280	2355	48347	5160	5235
LING_330	1	2	48193	720	770	48193	3600	3650
LING_360	1	1	47897	3780	3930
LING_370	2	2	47898	2010	2085	47898	4890	4965
LING_370	2	2	49467	2280	2355	49467	5160	5235
LING_402	1	3	34846	840	890	34846	3720	3770	34846	6600	6650
LING_405	1	2	27715	2370	2445	27715	5250	5325
LING_406	1	1	35421	2370	2520
LING_480	1	2	34282	2370	2445	34282	5250	5325
LING_483	1	2	12262	2280	2355	12262	5160	5235
LING_487	1	2	48631	570	645	48631	3450	3525
LING_506	1	1	26690	5340	5490
LING_531	1	3	12233	780	830	12233	3660	3710	12233	6540	6590
LING_551	2	1	36149	1020	1185
LING_551	2	1	38481	3960	4110
LING_554	1	1	43212	840	1010
LING_556	1	1	37371	1050	1200
LING_558	1	1	39297	3780	3945
LING_559	1	2	34287	2280	2355	34287	5160	5235
