IDS__200	fall	4	3	26140	720	770	26140	3600	3650	26140	6480	6530
IDS__200	fall	4	2	32947	2190	2265	32947	5070	5145
IDS__200	fall	4	2	42062	2010	2085	42062	4890	4965
IDS__200	fall	4	3	42697	900	950	42697	3780	3830	42697	6660	6710
IDS__200	spring	5	2	24418	2370	2445	24418	5250	5325
IDS__200	spring	5	3	31932	600	650	31932	3480	3530	31932	6360	6410
IDS__200	spring	5	2	40945	2010	2085	40945	4890	4965
IDS__200	spring	5	2	42511	2010	2085	42511	4890	4965
IDS__200	spring	5	3	44267	840	890	44267	3720	3770	44267	6600	6650
IDS__201	fall	1	2	26964	2370	2445	26964	5250	5325
IDS__201	spring	1	2	36934	2010	2085	36934	4890	4965
IDS__270	fall	6	3	31167	840	890	31167	3720	3770	31167	6600	6650
IDS__270	fall	6	2	37330	2010	2085	37330	4890	4965
IDS__270	fall	6	2	43843	2370	2445	43843	5250	5325
IDS__270	fall	6	2	46197	2100	2175	46197	4980	5055
IDS__270	fall	6	3	46490	900	950	46490	3780	3830	46490	6660	6710
IDS__270	fall	6	2	46491	1920	1995	46491	4800	4875
IDS__270	spring	4	2	45428	2370	2445	45428	5250	5325
IDS__270	spring	4	3	45429	780	830	45429	3660	3710	45429	6540	6590
IDS__270	spring	4	2	45430	2100	2175	45430	4980	5055
IDS__270	spring	4	3	45704	780	830	45704	3660	3710	45704	6540	6590
IDS__312	fall	1	1	38241	0	0
IDS__312	spring	2	1	25546	3960	4110
IDS__312	spring	2	1	31936	3960	4110
IDS__313	fall	1	2	32086	2280	2355	32086	5160	5235
IDS__331	fall	2	2	32087	1920	1995	32087	4800	4875
IDS__331	fall	2	2	43506	2010	2085	43506	4890	4965
IDS__331	spring	2	2	21806	2280	2355	21806	5160	5235
IDS__331	spring	2	3	31937	480	530	31937	3360	3410	31937	6240	6290
IDS__355	fall	4	2	19426	2190	2265	19426	5070	5145
IDS__355	fall	4	3	38411	660	710	38411	3540	3590	38411	6420	6470
IDS__355	fall	4	3	43836	600	650	43836	3480	3530	43836	6360	6410
IDS__355	fall	4	2	47299	2010	2085	47299	4890	4965
IDS__355	spring	7	2	16721	2370	2445	16721	5250	5325
IDS__355	spring	7	2	45390	2370	2445	45390	5250	5325
IDS__355	spring	7	2	45391	2100	2175	45391	4980	5055
IDS__355	spring	7	3	46115	720	770	46115	3600	3650	46115	6480	6530
IDS__355	spring	7	3	46116	900	950	46116	3780	3830	46116	6660	6710
IDS__355	spring	7	3	46117	540	590	46117	3420	3470	46117	6300	6350
IDS__355	spring	7	2	47812	2010	2085	47812	4890	4965
IDS__371	fall	1	2	37408	2280	2355	37408	5160	5235
IDS__371	spring	2	3	31935	600	650	31935	3480	3530	31935	6360	6410
IDS__371	spring	2	3	41711	720	770	41711	3600	3650	41711	6480	6530
IDS__400	fall	2	1	42611	5430	5580
IDS__400	fall	2	1	42612	5430	5580
IDS__400	spring	2	1	41716	5430	5580
IDS__400	spring	2	1	47670	5430	5580
IDS__401	fall	2	2	26967	2100	2175	26967	4980	5055
IDS__401	fall	2	2	26978	2100	2175	26978	4980	5055
IDS__401	spring	2	2	16733	2010	2085	16733	4890	4965
IDS__401	spring	2	2	20266	2010	2085	20266	4890	4965
IDS__403	fall	1	1	36528	0	0
IDS__403	spring	2	1	38064	3960	4110
IDS__403	spring	2	1	38065	3960	4110
IDS__405	fall	2	2	14025	2280	2355	14025	5160	5235
IDS__405	fall	2	2	20387	2280	2355	20387	5160	5235
IDS__406	fall	2	1	33417	3780	3945
IDS__406	fall	2	1	33418	3780	3945
IDS__406	spring	2	1	39956	2370	2520
IDS__406	spring	2	1	39957	2370	2520
IDS__410	fall	4	2	14066	2190	2265	14066	5070	5145
IDS__410	fall	4	2	20388	2190	2265	20388	5070	5145
IDS__410	fall	4	1	39046	2550	2700
IDS__410	fall	4	1	39047	2550	2700
IDS__410	spring	3	2	16737	2190	2265	16737	5070	5145
IDS__410	spring	3	2	19284	2190	2265	19284	5070	5145
IDS__410	spring	3	1	39935	2550	2700
IDS__413	fall	1	3	33735	660	710	33735	3540	3590	33735	6420	6470
IDS__420	fall	1	2	33589	2190	2265	33589	5070	5145
IDS__422	fall	2	2	29559	570	645	29559	3450	3525
IDS__422	fall	2	2	29569	570	645	29569	3450	3525
IDS__435	fall	2	2	48878	2370	2445	48878	5250	5325
IDS__435	fall	2	2	48879	2370	2445	48879	5250	5325
IDS__435	spring	2	2	45938	2370	2445	45938	5250	5325
IDS__435	spring	2	2	45939	2370	2445	45939	5250	5325
IDS__446	fall	1	1	36516	0	0
IDS__450	fall	2	1	43510	2550	2700
IDS__450	fall	2	1	43511	2550	2700
IDS__451	fall	2	2	38537	660	710	38537	3540	3590
IDS__451	fall	2	2	38541	660	710	38541	3540	3590
IDS__453	spring	2	1	46471	1110	1260
IDS__453	spring	2	1	47598	1110	1260
IDS__454	spring	2	1	34801	5250	5400
IDS__454	spring	2	1	34803	5250	5400
IDS__460	fall	1	2	49460	2100	2175	49460	4980	5055
IDS__460	spring	1	2	48330	2100	2175	48330	4980	5055
IDS__462	fall	2	2	37610	990	1065	37610	3870	3945
IDS__462	fall	2	2	37611	990	1065	37611	3870	3945
IDS__462	spring	2	1	40874	900	1050
IDS__462	spring	2	1	40876	900	1050
IDS__470	fall	1	1	41415	0	0
IDS__470	spring	2	2	34795	2190	2265	34795	5070	5145
IDS__470	spring	2	2	34796	2190	2265	34796	5070	5145
IDS__472	fall	2	2	38849	1920	1995	38849	4800	4875
IDS__472	fall	2	2	38850	1920	1995	38850	4800	4875
IDS__472	spring	2	2	27469	2100	2175	27469	4980	5055
IDS__472	spring	2	2	27470	2100	2175	27470	4980	5055
IDS__473	fall	1	3	23273	780	830	23273	3660	3710	23273	6540	6590
IDS__475	fall	1	1	14078	0	0
IDS__475	spring	2	2	43436	2280	2355	43436	5160	5235
IDS__475	spring	2	2	47810	2280	2355	47810	5160	5235
IDS__476	fall	2	2	41129	2280	2355	41129	5160	5235
IDS__476	fall	2	2	41151	2280	2355	41151	5160	5235
IDS__478	fall	1	1	36526	0	0
IDS__494	fall	4	2	37589	990	1065	37589	3870	3945
IDS__494	fall	4	2	49539	2370	2445	49539	5250	5325
IDS__494	fall	4	2	49540	2370	2445	49540	5250	5325
IDS__494	fall	4	3	50499	660	710	50499	3540	3590	50499	6420	6470
IDS__494	spring	2	1	48305	1080	1230
IDS__494	spring	2	1	48306	1080	1230
IDS__495	fall	2	1	20874	3780	3930
IDS__495	fall	2	1	43514	5250	5400
IDS__495	spring	2	1	16749	2550	2700
IDS__495	spring	2	1	41721	2370	2520
IDS__499	fall	1	1	26084	0	0
IDS__499	spring	1	1	48387	0	0
IDS__506	fall	1	1	36642	0	0
IDS__506	spring	1	1	27476	5250	5400
IDS__507	fall	1	1	38610	5430	5580
IDS__507	spring	1	1	47240	3960	4170
IDS__509	fall	1	1	49977	900	1050
IDS__509	spring	1	1	48248	900	1050
IDS__511	fall	1	2	14086	2280	2355	14086	5160	5235
IDS__515	fall	1	1	25422	1080	1230
IDS__515	spring	1	1	34516	5400	5570
IDS__516	fall	1	1	46382	0	0
IDS__516	spring	1	1	47556	0	0
IDS__517	fall	1	1	21170	2370	2535
IDS__517	spring	1	1	21007	2370	2520
IDS__518	spring	1	1	29073	1080	1230
IDS__520	fall	1	1	14090	5430	5580
IDS__520	spring	1	1	24828	5430	5580
IDS__521	fall	1	1	14091	2550	2700
IDS__521	spring	1	1	16760	2550	2700
IDS__523	spring	1	1	27471	2550	2700
IDS__524	fall	1	1	30743	0	0
IDS__529	fall	1	1	29446	0	0
IDS__532	fall	1	1	31008	6360	6525
IDS__532	spring	2	1	39797	2550	2700
IDS__532	spring	2	2	45393	2460	2535	45393	5340	5415
IDS__534	fall	1	1	45303	3960	4110
IDS__534	spring	1	1	41724	3780	3930
IDS__535	fall	1	1	45304	3960	4110
IDS__535	spring	1	1	42243	3780	3945
IDS__540	fall	1	1	41005	3960	4110
IDS__540	spring	1	1	45753	5430	5580
IDS__541	fall	1	1	41986	0	0
IDS__542	fall	1	1	40573	2550	2700
IDS__544	spring	1	1	47748	0	0
IDS__551	fall	1	1	42608	0	0
IDS__551	spring	1	1	42360	3960	4110
IDS__552	fall	1	2	27838	2460	2535	27838	5340	5415
IDS__552	spring	1	1	36936	2370	2520
IDS__555	fall	1	1	45279	5430	5580
IDS__555	spring	1	1	47242	3960	4170
IDS__558	fall	1	1	42667	2370	2520
IDS__560	fall	1	1	39444	1080	1230
IDS__560	spring	1	1	38379	5430	5580
IDS__561	fall	1	1	38536	2460	2610
IDS__561	spring	1	1	45604	2550	2700
IDS__564	fall	1	1	40212	0	0
IDS__564	spring	1	1	38060	2550	2700
IDS__566	fall	1	1	41102	6840	6990
IDS__566	spring	1	1	41418	6870	7020
IDS__567	fall	2	1	38251	3780	3930
IDS__567	fall	2	1	46826	3780	3930
IDS__567	spring	1	1	39716	6840	6990
IDS__568	fall	1	2	49499	2550	2730	49499	5430	5610
IDS__569	spring	1	1	48383	0	0
IDS__570	fall	1	1	46831	1080	1230
IDS__570	spring	1	1	43480	0	0
IDS__571	fall	1	1	33553	0	0
IDS__571	spring	1	1	37283	5430	5580
IDS__572	fall	1	1	38886	3960	4110
IDS__572	spring	1	1	37151	3960	4110
IDS__575	fall	1	1	42707	5430	5580
IDS__575	spring	1	1	38069	1080	1230
IDS__576	fall	1	1	41099	5250	5415
IDS__576	spring	1	1	38063	3960	4110
IDS__577	fall	1	1	32238	0	0
IDS__583	fall	1	1	39443	0	0
IDS__584	fall	1	1	49740	6840	6990
IDS__594	fall	1	1	48441	0	0
IDS__594	spring	1	1	44420	3780	3930
IDS__595	fall	2	1	29382	3420	3530
IDS__595	fall	2	1	40668	6420	6570
IDS__595	spring	1	1	27398	900	1050
IDS__596	fall	1	1	48290	0	0
IDS__596	spring	1	1	24333	0	0
IDS__599	fall	1	1	34947	0	0
