LING___150	8	2	19911	2280	2355	19911	5160	5235
LING___150	8	2	21176	570	645	21176	3450	3525
LING___150	8	2	33008	2100	2175	33008	4980	5055
LING___150	8	2	33009	2010	2085	33009	4890	4965
LING___150	8	2	42110	2010	2085	42110	4890	4965
LING___150	8	2	44930	2100	2175	44930	4980	5055
LING___150	8	2	46956	900	975	46956	3780	3855
LING___150	8	2	49699	2190	2265	49699	5070	5145
LING___160	5	2	27461	1920	1995	27461	4800	4875
LING___160	5	2	35481	1920	1995	35481	4800	4875
LING___160	5	2	45038	2010	2085	45038	4890	4965
LING___160	5	2	48344	2010	2085	48344	4890	4965
LING___160	5	2	48345	2100	2175	48345	4980	5055
LING___201	2	1	32297	1920	1995
LING___201	2	2	32298	1920	1995	32298	4800	4875
LING___210	2	2	44931	2280	2355	44931	5160	5235
LING___210	2	2	48349	2190	2265	48349	5070	5145
LING___220	2	2	43724	2190	2265	43724	5070	5145
LING___220	2	2	48350	2100	2175	48350	4980	5055
LING___230	2	2	45950	2010	2085	45950	4890	4965
LING___230	2	2	47115	900	975	47115	3780	3855
LING___260	2	2	35936	2280	2355	35936	5160	5235
LING___260	2	2	42481	2190	2265	42481	5070	5145
LING___270	1	2	42111	570	645	42111	3450	3525
LING___300	3	2	44932	2190	2265	44932	5070	5145
LING___300	3	1	45951	3780	3930
LING___300	3	2	48347	2280	2355	48347	5160	5235
LING___330	1	2	48193	720	770	48193	3600	3650
LING___360	1	1	47897	3780	3930
LING___370	2	2	47898	2010	2085	47898	4890	4965
LING___370	2	2	49467	2280	2355	49467	5160	5235
LING___402	4	3	34846	840	890	34846	3720	3770	34846	6600	6650
LING___402	4	3	34847	840	890	34847	3720	3770	34847	6600	6650
LING___402	4	3	47602	840	890	47602	3720	3770	47602	6600	6650
LING___402	4	3	47603	840	890	47603	3720	3770	47603	6600	6650
LING___405	2	2	27715	2370	2445	27715	5250	5325
LING___405	2	2	27732	2370	2445	27732	5250	5325
LING___406	2	1	35421	2370	2520
LING___406	2	1	36275	2370	2520
LING___480	2	2	34282	2370	2445	34282	5250	5325
LING___480	2	2	34284	2370	2445	34284	5250	5325
LING___483	2	2	12262	2280	2355	12262	5160	5235
LING___483	2	2	20528	2280	2355	20528	5160	5235
LING___487	2	2	48631	570	645	48631	3450	3525
LING___487	2	2	48633	570	645	48633	3450	3525
LING___506	1	1	26690	5340	5490
LING___531	1	3	12233	780	830	12233	3660	3710	12233	6540	6590
LING___551	2	1	36149	1020	1185
LING___551	2	1	38481	3960	4110
LING___554	1	1	43212	840	1010
LING___556	1	1	37371	1050	1200
LING___558	1	1	39297	3780	3945
LING___559	1	2	34287	2280	2355	34287	5160	5235
